0 0.236328125 0.5869140625 0.01953125 0.021484375
0 0.25634765625 0.5869140625 0.0263671875 0.02734375
0 0.28564453125 0.59912109375 0.0283203125 0.0341796875
0 0.357421875 0.5595703125 0.01953125 0.01953125
0 0.31103515625 0.61572265625 0.0400390625 0.0380859375
0 0.4248046875 0.62646484375 0.048828125 0.0556640625
0 0.36767578125 0.59130859375 0.0244140625 0.0244140625
0 0.40576171875 0.56640625 0.0263671875 0.025390625
0 0.45556640625 0.57861328125 0.0283203125 0.0302734375
0 0.49609375 0.55810546875 0.01953125 0.0224609375
0 0.6015625 0.55810546875 0.021484375 0.0224609375
0 0.48291015625 0.7255859375 0.0595703125 0.07421875
0 0.54248046875 0.5869140625 0.0361328125 0.041015625
0 0.64208984375 0.5986328125 0.0458984375 0.046875
0 0.67822265625 0.55908203125 0.0205078125 0.0224609375
0 0.716796875 0.578125 0.03125 0.037109375
0 0.76318359375 0.5693359375 0.0283203125 0.033203125
0 0.8388671875 0.64013671875 0.064453125 0.0673828125
0 0.87890625 0.59521484375 0.037109375 0.0458984375
0 0.68408203125 0.7255859375 0.0986328125 0.1171875
