0 0.845703125 0.62548828125 0.056640625 0.0712890625
0 0.9111328125 0.5283203125 0.037109375 0.048828125
0 0.95703125 0.50244140625 0.033203125 0.0341796875
0 0.86962890625 0.51611328125 0.0322265625 0.0302734375
0 0.8623046875 0.49072265625 0.021484375 0.0302734375
0 0.79248046875 0.56689453125 0.0302734375 0.0400390625
0 0.70751953125 0.5869140625 0.0517578125 0.072265625
0 0.6240234375 0.599609375 0.033203125 0.04296875
0 0.615234375 0.55029296875 0.02734375 0.0341796875
0 0.46337890625 0.45849609375 0.0205078125 0.0224609375
0 0.39794921875 0.48046875 0.0205078125 0.0234375
0 0.32177734375 0.49609375 0.0205078125 0.0234375
0 0.24560546875 0.48583984375 0.0224609375 0.0302734375
0 0.009765625 0.45068359375 0.01953125 0.0263671875
0 0.02587890625 0.51123046875 0.0283203125 0.0283203125
0 0.10498046875 0.5234375 0.0361328125 0.041015625
0 0.17431640625 0.55615234375 0.0224609375 0.0302734375
0 0.16259765625 0.60986328125 0.0361328125 0.0419921875
0 0.37548828125 0.51318359375 0.0263671875 0.0302734375
0 0.4580078125 0.5263671875 0.02734375 0.0390625
0 0.44287109375 0.65673828125 0.0634765625 0.1064453125
0 0.337890625 0.763671875 0.103515625 0.134765625
0 0.7412109375 0.787109375 0.07421875 0.095703125
0 0.0234375 0.70947265625 0.044921875 0.0830078125
0 0.5849609375 0.544921875 0.03125 0.04296875
0 0.080078125 0.5224609375 0.025390625 0.033203125
