0 0.04931640625 0.157869012708 0.0302734375 0.0381231671554
0 0.1376953125 0.188660801564 0.029296875 0.039100684262
0 0.17333984375 0.201368523949 0.0263671875 0.0332355816227
0 0.20654296875 0.179374389052 0.0244140625 0.0322580645161
0 0.24853515625 0.185239491691 0.0302734375 0.0322580645161
0 0.27734375 0.126588465298 0.01953125 0.0205278592375
0 0.40087890625 0.212121212121 0.0283203125 0.0371456500489
0 0.06884765625 0.570381231672 0.0244140625 0.0342130987292
0 0.18896484375 0.582600195503 0.0302734375 0.0351906158358
0 0.91162109375 0.537634408602 0.0224609375 0.039100684262
0 0.66259765625 0.565493646139 0.0478515625 0.0557184750733
