0 0.209274673008 0.252822341058 0.0118906064209 0.0184194890077
0 0.26694411415 0.242721330957 0.0142687277051 0.0172311348782
0 0.265755053508 0.424242424242 0.026159334126 0.0332739156269
0 0.268133174792 0.505644682115 0.0344827586207 0.0427807486631
0 0.403983353151 0.534462269756 0.0422116527943 0.0505050505051
0 0.398335315101 0.410873440285 0.0273483947681 0.0338680926916
0 0.46046373365 0.469102792632 0.0303210463734 0.0409982174688
0 0.472948870392 0.427510398099 0.0267538644471 0.0362448009507
0 0.52824019025 0.539215686275 0.038644470868 0.0469399881165
0 0.627229488704 0.454842543078 0.0344827586207 0.0433749257279
0 0.478596908442 0.263517528223 0.0154577883472 0.0219845513963
0 0.52853745541 0.253416518122 0.0154577883472 0.0219845513963
0 0.587395957194 0.244206773619 0.0142687277051 0.0166369578134
0 0.629310344828 0.252228163993 0.0184304399524 0.0219845513963
0 0.609988109394 0.213606654783 0.0142687277051 0.0172311348782
0 0.645957193817 0.223113487819 0.0160523186683 0.0184194890077
0 0.729785969084 0.229946524064 0.0184304399524 0.0249554367201
0 0.53983353151 0.207961972668 0.013079667063 0.0154486036839
0 0.57401902497 0.195187165775 0.012485136742 0.0160427807487
0 0.60255648038 0.193998811646 0.0148632580262 0.0160427807487
0 0.658145065398 0.199940582294 0.013079667063 0.0148544266191
0 0.617122473246 0.18954248366 0.0118906064209 0.0154486036839
0 0.61355529132 0.177956030897 0.0118906064209 0.0148544266191
0 0.705112960761 0.183600713012 0.0118906064209 0.0166369578134
0 0.690249702735 0.1770647653 0.0118906064209 0.0154486036839
0 0.663793103448 0.16339869281 0.012485136742 0.0154486036839
0 0.732461355529 0.124480095068 0.0118906064209 0.0124777183601
