0 0.18115234375 0.322265625 0.0302734375 0.0390625
0 0.21630859375 0.35498046875 0.0302734375 0.0419921875
0 0.10498046875 0.330078125 0.0244140625 0.029296875
0 0.0654296875 0.34326171875 0.021484375 0.0224609375
0 0.44189453125 0.3369140625 0.0263671875 0.029296875
0 0.5693359375 0.314453125 0.021484375 0.02734375
0 0.345703125 0.3818359375 0.041015625 0.05078125
0 0.58740234375 0.3642578125 0.0263671875 0.033203125
0 0.7421875 0.31982421875 0.0390625 0.0439453125
0 0.83837890625 0.34130859375 0.0263671875 0.0263671875
0 0.70068359375 0.349609375 0.0205078125 0.025390625
0 0.98291015625 0.34716796875 0.0205078125 0.0263671875
