0 0.191101694915 0.262711864407 0.0466101694915 0.0677966101695
0 0.230084745763 0.280084745763 0.0398305084746 0.0601694915254
0 0.318644067797 0.3 0.035593220339 0.0508474576271
0 0.290677966102 0.41906779661 0.0457627118644 0.0686440677966
0 0.418644067797 0.277118644068 0.0406779661017 0.0474576271186
0 0.567372881356 0.254661016949 0.0364406779661 0.0584745762712
0 0.700847457627 0.251694915254 0.0406779661017 0.0677966101695
0 0.399152542373 0.399576271186 0.0440677966102 0.0601694915254
0 0.647881355932 0.391949152542 0.0466101694915 0.0618644067797
0 0.754661016949 0.294915254237 0.05 0.0677966101695
0 0.417796610169 0.570762711864 0.0525423728814 0.0703389830508
0 0.638559322034 0.591525423729 0.0567796610169 0.0728813559322
