0 0.7197265625 0.720430107527 0.041015625 0.0566959921799
0 0.63037109375 0.576246334311 0.0419921875 0.0478983382209
0 0.59521484375 0.554740957967 0.0400390625 0.0439882697947
0 0.86083984375 0.541055718475 0.0322265625 0.0459433040078
0 0.77880859375 0.444281524927 0.0419921875 0.0478983382209
0 0.9365234375 0.375855327468 0.0390625 0.049853372434
0 0.98779296875 0.436950146628 0.0244140625 0.0547409579668
0 0.97265625 0.28054740958 0.0234375 0.0273704789834
0 0.86474609375 0.287878787879 0.0283203125 0.0322580645161
0 0.9091796875 0.281036168133 0.021484375 0.0244379276637
0 0.7509765625 0.295210166178 0.0234375 0.0273704789834
0 0.7939453125 0.289345063539 0.01953125 0.0273704789834
0 0.8134765625 0.354349951124 0.02734375 0.0322580645161
0 0.65185546875 0.361681329423 0.0244140625 0.0254154447703
0 0.6689453125 0.432551319648 0.029296875 0.0322580645161
0 0.6435546875 0.458944281525 0.03515625 0.0381231671554
0 0.947265625 0.452590420332 0.03515625 0.0371456500489
0 0.48095703125 0.724340175953 0.0380859375 0.0410557184751
0 0.5224609375 0.589931573803 0.044921875 0.0459433040078
0 0.45947265625 0.58211143695 0.0361328125 0.0420332355816
0 0.38134765625 0.675464320626 0.0263671875 0.0449657869013
0 0.3251953125 0.77761485826 0.05078125 0.0615835777126
0 0.49072265625 0.80156402737 0.0380859375 0.058651026393
0 0.345703125 0.588465298143 0.03515625 0.0371456500489
0 0.2265625 0.787878787879 0.041015625 0.0547409579668
0 0.21875 0.713098729228 0.0390625 0.0400782013685
0 0.19482421875 0.648582600196 0.0283203125 0.0361681329423
0 0.11474609375 0.701857282502 0.0302734375 0.0430107526882
0 0.03857421875 0.60752688172 0.0244140625 0.0283479960899
0 0.06396484375 0.578201368524 0.0224609375 0.0263929618768
0 0.0810546875 0.622678396872 0.03125 0.0351906158358
0 0.037109375 0.699413489736 0.037109375 0.0342130987292
0 0.11865234375 0.496578690127 0.0205078125 0.0234604105572
0 0.1591796875 0.493157380254 0.01953125 0.0244379276637
0 0.205078125 0.479472140762 0.021484375 0.0244379276637
0 0.07763671875 0.536168132942 0.0224609375 0.0263929618768
0 0.1552734375 0.595796676442 0.025390625 0.030303030303
0 0.12548828125 0.550830889541 0.0244140625 0.0263929618768
0 0.36865234375 0.415444770283 0.0205078125 0.019550342131
0 0.37841796875 0.47311827957 0.0283203125 0.0351906158358
0 0.3896484375 0.529325513196 0.025390625 0.0400782013685
0 0.54833984375 0.481915933529 0.0302734375 0.0371456500489
0 0.56591796875 0.390029325513 0.0244140625 0.0312805474096
0 0.40771484375 0.44623655914 0.0263671875 0.0283479960899
0 0.458984375 0.439882697947 0.02734375 0.0312805474096
0 0.4951171875 0.413000977517 0.025390625 0.030303030303
0 0.4326171875 0.3880742913 0.01953125 0.0234604105572
0 0.4140625 0.38514173998 0.021484375 0.0254154447703
0 0.90185546875 0.601661779081 0.0439453125 0.0478983382209
0 0.85546875 0.290811339198 0.021484375 0.0283479960899
0 0.59130859375 0.438905180841 0.0302734375 0.0293255131965
0 0.626953125 0.41495601173 0.0234375 0.0342130987292
0 0.41552734375 0.688172043011 0.0302734375 0.0430107526882
0 0.35498046875 0.639296187683 0.0224609375 0.0351906158358
