0 0.75830078125 0.4375 0.0400390625 0.05078125
0 0.8173828125 0.4482421875 0.021484375 0.03515625
0 0.71044921875 0.4912109375 0.0439453125 0.05078125
0 0.6015625 0.537109375 0.037109375 0.048828125
0 0.50390625 0.43017578125 0.0390625 0.0458984375
0 0.49609375 0.3623046875 0.044921875 0.048828125
0 0.44921875 0.30859375 0.02734375 0.041015625
0 0.45703125 0.51953125 0.04296875 0.046875
0 0.29345703125 0.53173828125 0.0400390625 0.0478515625
0 0.28173828125 0.38427734375 0.0302734375 0.0458984375
0 0.20166015625 0.44873046875 0.0302734375 0.0439453125
0 0.19873046875 0.50537109375 0.0283203125 0.0478515625
0 0.68359375 0.4248046875 0.033203125 0.046875
0 0.1025390625 0.56103515625 0.025390625 0.0439453125
0 0.03515625 0.58642578125 0.037109375 0.0419921875
0 0.0537109375 0.55908203125 0.025390625 0.0380859375
0 0.02392578125 0.814453125 0.0341796875 0.0390625
0 0.59619140625 0.42041015625 0.0322265625 0.0361328125
