0 0.12744140625 0.3056640625 0.0263671875 0.029296875
0 0.09912109375 0.3427734375 0.0263671875 0.029296875
0 0.06640625 0.3662109375 0.03125 0.033203125
0 0.29248046875 0.34912109375 0.0302734375 0.0283203125
0 0.35302734375 0.33984375 0.0283203125 0.029296875
0 0.38525390625 0.2724609375 0.0283203125 0.033203125
0 0.41650390625 0.2119140625 0.0263671875 0.021484375
0 0.62646484375 0.25 0.0244140625 0.029296875
0 0.6103515625 0.30615234375 0.029296875 0.0244140625
0 0.57421875 0.31982421875 0.02734375 0.0322265625
0 0.68896484375 0.4716796875 0.0302734375 0.037109375
0 0.9033203125 0.23193359375 0.02734375 0.0244140625
0 0.87109375 0.27978515625 0.02734375 0.0283203125
0 0.4951171875 0.4287109375 0.03515625 0.044921875
