0 0.443359375 0.253176930596 0.01953125 0.0234604105572
0 0.4140625 0.271260997067 0.01953125 0.0244379276637
0 0.435546875 0.27761485826 0.01953125 0.0254154447703
0 0.40771484375 0.302541544477 0.0205078125 0.0283479960899
0 0.38232421875 0.340664711632 0.0205078125 0.0244379276637
0 0.37158203125 0.36265884653 0.0224609375 0.0273704789834
0 0.55419921875 0.369990224829 0.0205078125 0.0244379276637
0 0.55908203125 0.403714565005 0.0224609375 0.0293255131965
0 0.53271484375 0.41348973607 0.0244140625 0.0312805474096
0 0.34814453125 0.403225806452 0.0205078125 0.030303030303
0 0.3330078125 0.402737047898 0.0234375 0.0293255131965
0 0.3193359375 0.436461388074 0.0234375 0.0224828934506
0 0.3134765625 0.454056695992 0.021484375 0.030303030303
0 0.29052734375 0.451124144673 0.0224609375 0.030303030303
0 0.27587890625 0.484359726295 0.0244140625 0.0342130987292
0 0.43798828125 0.424242424242 0.0224609375 0.0254154447703
0 0.4208984375 0.438905180841 0.025390625 0.0234604105572
0 0.52734375 0.449169110459 0.025390625 0.0263929618768
0 0.5224609375 0.46871945259 0.0234375 0.0244379276637
0 0.513671875 0.484848484848 0.025390625 0.0351906158358
0 0.5029296875 0.487781036168 0.025390625 0.0351906158358
0 0.47314453125 0.516129032258 0.0244140625 0.0293255131965
0 0.4677734375 0.537634408602 0.0234375 0.0351906158358
0 0.24365234375 0.413000977517 0.0244140625 0.0224828934506
0 0.21826171875 0.425708699902 0.0244140625 0.0244379276637
0 0.203125 0.463343108504 0.01953125 0.0215053763441
0 0.17578125 0.47458455523 0.0234375 0.0263929618768
0 0.13134765625 0.518572825024 0.0283203125 0.0263929618768
0 0.13916015625 0.574780058651 0.0263671875 0.0332355816227
0 0.25390625 0.52394916911 0.02734375 0.0351906158358
0 0.22216796875 0.563538611926 0.0283203125 0.0381231671554
0 0.29248046875 0.588954056696 0.0263671875 0.0263929618768
0 0.3623046875 0.58651026393 0.029296875 0.0254154447703
0 0.0869140625 0.565493646139 0.029296875 0.0263929618768
0 0.05029296875 0.573802541544 0.0244140625 0.0351906158358
0 0.45703125 0.584555229717 0.02734375 0.0351906158358
0 0.43603515625 0.617790811339 0.0283203125 0.0351906158358
0 0.56884765625 0.635386119257 0.0322265625 0.0312805474096
0 0.62109375 0.58357771261 0.03125 0.0312805474096
0 0.8623046875 0.290811339198 0.021484375 0.0244379276637
0 0.84326171875 0.30742913001 0.0205078125 0.0263929618768
0 0.85986328125 0.369012707722 0.0224609375 0.030303030303
0 0.7744140625 0.296676441838 0.01953125 0.0224828934506
0 0.76708984375 0.321114369501 0.0205078125 0.030303030303
0 0.74462890625 0.361681329423 0.0224609375 0.0254154447703
0 0.744140625 0.393939393939 0.01953125 0.0273704789834
0 0.7451171875 0.417399804497 0.01953125 0.0293255131965
0 0.7294921875 0.445747800587 0.01953125 0.0312805474096
0 0.71923828125 0.452101661779 0.0224609375 0.0322580645161
0 0.63818359375 0.42082111437 0.0224609375 0.0205278592375
0 0.70458984375 0.475073313783 0.0244140625 0.0234604105572
0 0.70263671875 0.521505376344 0.0263671875 0.0361681329423
0 0.70947265625 0.505865102639 0.0224609375 0.0283479960899
0 0.71923828125 0.543988269795 0.0263671875 0.0342130987292
0 0.81298828125 0.499022482893 0.0263671875 0.0263929618768
0 0.8310546875 0.541544477028 0.025390625 0.0273704789834
0 0.83544921875 0.585532746823 0.0263671875 0.0351906158358
0 0.9111328125 0.548387096774 0.025390625 0.0293255131965
0 0.95556640625 0.599217986315 0.0224609375 0.0332355816227
