0 0.45361328125 0.553274682307 0.0263671875 0.0293255131965
0 0.56201171875 0.5596285435 0.0224609375 0.0263929618768
0 0.51318359375 0.52981427175 0.0205078125 0.0254154447703
0 0.10400390625 0.520527859238 0.0205078125 0.030303030303
0 0.61474609375 0.564027370479 0.0205078125 0.0254154447703
0 0.2138671875 0.758064516129 0.0390625 0.0537634408602
0 0.197265625 0.22531769306 0.021484375 0.0283479960899
0 0.93505859375 0.795210166178 0.0341796875 0.0478983382209
0 0.451171875 0.209677419355 0.0234375 0.0322580645161
0 0.48828125 0.231182795699 0.0234375 0.030303030303
0 0.55419921875 0.241935483871 0.0224609375 0.0263929618768
0 0.96728515625 0.763440860215 0.0400390625 0.039100684262
0 0.33056640625 0.545454545455 0.0224609375 0.0293255131965
0 0.19091796875 0.240957966764 0.0205078125 0.0244379276637
0 0.22607421875 0.634897360704 0.0263671875 0.030303030303
