0 0.046875 0.324046920821 0.03125 0.0478983382209
0 0.16552734375 0.322580645161 0.0263671875 0.0351906158358
0 0.23828125 0.355327468231 0.025390625 0.0263929618768
0 0.0947265625 0.278592375367 0.021484375 0.0254154447703
0 0.28369140625 0.377321603128 0.0244140625 0.0312805474096
0 0.33056640625 0.445259042033 0.0400390625 0.0576735092864
0 0.39892578125 0.38954056696 0.0205078125 0.0283479960899
0 0.4697265625 0.427174975562 0.0234375 0.0351906158358
0 0.58349609375 0.424731182796 0.0205078125 0.0244379276637
0 0.67041015625 0.437927663734 0.0205078125 0.0293255131965
0 0.67626953125 0.404203323558 0.0263671875 0.0361681329423
0 0.7880859375 0.490224828935 0.01953125 0.0244379276637
0 0.7900390625 0.551808406647 0.0390625 0.0537634408602
