0 0.90380859375 0.433528836755 0.0439453125 0.0518084066471
0 0.7353515625 0.444281524927 0.03515625 0.0557184750733
0 0.6240234375 0.469696969697 0.0390625 0.0381231671554
0 0.7978515625 0.456500488759 0.025390625 0.0312805474096
0 0.9677734375 0.456500488759 0.029296875 0.0351906158358
0 0.67919921875 0.472629521017 0.0205078125 0.030303030303
0 0.505859375 0.485826001955 0.037109375 0.0488758553275
0 0.41015625 0.431085043988 0.033203125 0.0410557184751
0 0.3251953125 0.469696969697 0.029296875 0.0361681329423
0 0.22998046875 0.538611925709 0.0283203125 0.0293255131965
0 0.1259765625 0.519550342131 0.033203125 0.0361681329423
0 0.09912109375 0.533724340176 0.0244140625 0.0254154447703
0 0.01025390625 0.49853372434 0.0205078125 0.0293255131965
