0 0.09423828125 0.343597262952 0.0263671875 0.0263929618768
0 0.02734375 0.291788856305 0.021484375 0.0244379276637
0 0.23193359375 0.142717497556 0.0205078125 0.019550342131
0 0.29541015625 0.14173998045 0.0205078125 0.0215053763441
0 0.40283203125 0.383675464321 0.0205078125 0.0263929618768
0 0.48193359375 0.338220918866 0.0244140625 0.0273704789834
0 0.640625 0.14173998045 0.0234375 0.0410557184751
0 0.6904296875 0.117790811339 0.021484375 0.0263929618768
0 0.7197265625 0.231671554252 0.03125 0.0351906158358
0 0.64501953125 0.363147605083 0.0263671875 0.0263929618768
0 0.7001953125 0.373411534702 0.021484375 0.0312805474096
0 0.9013671875 0.285434995112 0.029296875 0.0254154447703
0 0.46630859375 0.586999022483 0.0322265625 0.0361681329423
0 0.15869140625 0.586999022483 0.0205078125 0.0224828934506
0 0.4208984375 0.478005865103 0.01953125 0.0234604105572
0 0.89501953125 0.395405669599 0.0244140625 0.0322580645161
0 0.08642578125 0.693059628543 0.0263671875 0.0293255131965
0 0.2197265625 0.769794721408 0.01953125 0.030303030303
0 0.30322265625 0.775659824047 0.0224609375 0.0205278592375
0 0.38330078125 0.784946236559 0.0205078125 0.0254154447703
0 0.90478515625 0.63734115347 0.0244140625 0.0254154447703
0 0.84619140625 0.66715542522 0.0244140625 0.0263929618768
0 0.63037109375 0.714076246334 0.0205078125 0.0205278592375
