0 0.0185546875 0.375366568915 0.021484375 0.0234604105572
0 0.0595703125 0.328445747801 0.029296875 0.039100684262
0 0.13916015625 0.375855327468 0.0205078125 0.0263929618768
0 0.26611328125 0.310850439883 0.0283203125 0.0351906158358
0 0.42724609375 0.346041055718 0.0263671875 0.0312805474096
0 0.4912109375 0.309384164223 0.033203125 0.0400782013685
0 0.61328125 0.358748778104 0.0234375 0.0312805474096
0 0.69921875 0.343597262952 0.021484375 0.030303030303
0 0.7841796875 0.330400782014 0.0390625 0.0527859237537
0 0.83544921875 0.325024437928 0.0263671875 0.0361681329423
