0 0.08837890625 0.2353515625 0.0341796875 0.03125
0 0.03955078125 0.24365234375 0.0263671875 0.0302734375
0 0.0166015625 0.21044921875 0.0234375 0.0283203125
0 0.03662109375 0.375 0.0439453125 0.044921875
0 0.0263671875 0.45751953125 0.037109375 0.0478515625
0 0.0439453125 0.58203125 0.068359375 0.072265625
0 0.15673828125 0.53466796875 0.0849609375 0.0966796875
0 0.244140625 0.53857421875 0.06640625 0.0439453125
0 0.3994140625 0.4443359375 0.048828125 0.0703125
0 0.4853515625 0.41748046875 0.048828125 0.0712890625
0 0.41455078125 0.36376953125 0.0478515625 0.0517578125
0 0.48388671875 0.365234375 0.0458984375 0.05859375
0 0.25927734375 0.40771484375 0.0478515625 0.0693359375
0 0.19775390625 0.2890625 0.0478515625 0.06640625
0 0.1220703125 0.2685546875 0.044921875 0.05859375
0 0.18603515625 0.20751953125 0.0263671875 0.0341796875
0 0.24755859375 0.23388671875 0.0283203125 0.0341796875
0 0.28271484375 0.228515625 0.0263671875 0.029296875
0 0.28955078125 0.2568359375 0.0322265625 0.044921875
0 0.3564453125 0.20068359375 0.02734375 0.0341796875
0 0.33935546875 0.19140625 0.0205078125 0.0234375
0 0.39404296875 0.2607421875 0.0478515625 0.046875
0 0.38525390625 0.3251953125 0.0341796875 0.044921875
0 0.44921875 0.2900390625 0.041015625 0.0390625
0 0.53271484375 0.30126953125 0.0419921875 0.0439453125
0 0.607421875 0.3671875 0.05078125 0.064453125
0 0.59814453125 0.25048828125 0.0400390625 0.0478515625
0 0.5087890625 0.22802734375 0.037109375 0.0419921875
0 0.548828125 0.19140625 0.029296875 0.03515625
0 0.59814453125 0.18798828125 0.0341796875 0.0380859375
0 0.67333984375 0.2197265625 0.0400390625 0.05859375
0 0.66845703125 0.15478515625 0.0224609375 0.0341796875
0 0.6328125 0.15380859375 0.03125 0.0322265625
0 0.5712890625 0.13671875 0.02734375 0.029296875
0 0.53662109375 0.14990234375 0.0263671875 0.0341796875
0 0.498046875 0.16357421875 0.021484375 0.0263671875
0 0.47314453125 0.14013671875 0.0205078125 0.0263671875
0 0.44677734375 0.140625 0.0283203125 0.03125
0 0.435546875 0.18603515625 0.0234375 0.0302734375
0 0.38671875 0.17138671875 0.021484375 0.0283203125
0 0.3583984375 0.13232421875 0.0234375 0.0205078125
0 0.83984375 0.10498046875 0.01953125 0.0244140625
0 0.8671875 0.1259765625 0.021484375 0.03515625
0 0.90283203125 0.1611328125 0.0322265625 0.0390625
0 0.8291015625 0.232421875 0.048828125 0.046875
0 0.7490234375 0.2333984375 0.04296875 0.048828125
0 0.75927734375 0.16357421875 0.0380859375 0.0458984375
0 0.7158203125 0.16796875 0.03125 0.037109375
0 0.7333984375 0.31884765625 0.041015625 0.0498046875
0 0.76953125 0.3330078125 0.033203125 0.064453125
0 0.77978515625 0.41259765625 0.0654296875 0.0830078125
0 0.91455078125 0.46728515625 0.0693359375 0.1064453125
0 0.94384765625 0.27001953125 0.0517578125 0.0400390625
0 0.96435546875 0.12939453125 0.0302734375 0.0361328125
0 0.94921875 0.099609375 0.029296875 0.037109375
0 0.98486328125 0.103515625 0.0205078125 0.02734375
0 0.9365234375 0.1142578125 0.025390625 0.02734375
0 0.89501953125 0.0908203125 0.0205078125 0.025390625
0 0.77490234375 0.0888671875 0.0205078125 0.021484375
0 0.537109375 0.09130859375 0.01953125 0.0205078125
0 0.92822265625 0.3857421875 0.0673828125 0.06640625
0 0.810546875 0.67626953125 0.115234375 0.1357421875
0 0.669921875 0.71484375 0.03125 0.056640625
0 0.501953125 0.7490234375 0.0390625 0.078125
0 0.50244140625 0.69580078125 0.0361328125 0.0634765625
0 0.66845703125 0.080078125 0.0205078125 0.0234375
0 0.6103515625 0.078125 0.01953125 0.01953125
