0 0.4736328125 0.20703125 0.091796875 0.1171875
0 0.49267578125 0.12841796875 0.0283203125 0.0341796875
0 0.52197265625 0.1630859375 0.0205078125 0.03515625
0 0.57568359375 0.14501953125 0.0283203125 0.0341796875
0 0.6298828125 0.1357421875 0.041015625 0.060546875
0 0.01708984375 0.15625 0.0283203125 0.052734375
0 0.06640625 0.126953125 0.0234375 0.03125
0 0.095703125 0.1337890625 0.029296875 0.04296875
0 0.12353515625 0.119140625 0.0244140625 0.029296875
0 0.16259765625 0.18212890625 0.0380859375 0.0537109375
0 0.37744140625 0.1435546875 0.0244140625 0.029296875
0 0.74267578125 0.1591796875 0.0576171875 0.07421875
0 0.849609375 0.12890625 0.037109375 0.04296875
0 0.951171875 0.15625 0.0390625 0.048828125
