0 0.90478515625 0.419843597263 0.0322265625 0.0381231671554
0 0.87451171875 0.549853372434 0.0341796875 0.0400782013685
0 0.7841796875 0.508308895406 0.03125 0.039100684262
0 0.8125 0.41642228739 0.025390625 0.0293255131965
0 0.732421875 0.381720430108 0.02734375 0.030303030303
0 0.68212890625 0.569403714565 0.0283203125 0.0361681329423
0 0.5849609375 0.583088954057 0.029296875 0.0322580645161
0 0.58642578125 0.405669599218 0.0263671875 0.0312805474096
0 0.6533203125 0.398826979472 0.03125 0.039100684262
0 0.673828125 0.357771260997 0.025390625 0.0293255131965
0 0.60693359375 0.369990224829 0.0263671875 0.030303030303
0 0.53564453125 0.394916911046 0.0263671875 0.0293255131965
0 0.4443359375 0.409090909091 0.029296875 0.0342130987292
0 0.5048828125 0.542521994135 0.037109375 0.0469208211144
0 0.3876953125 0.544477028348 0.029296875 0.0371456500489
0 0.359375 0.410068426197 0.029296875 0.0322580645161
0 0.36328125 0.367546432063 0.0234375 0.0254154447703
0 0.46533203125 0.38660801564 0.0244140625 0.030303030303
0 0.5263671875 0.360703812317 0.02734375 0.0293255131965
0 0.2001953125 0.370967741935 0.0390625 0.0478983382209
0 0.24560546875 0.317204301075 0.0302734375 0.0420332355816
0 0.1640625 0.330889540567 0.03125 0.0361681329423
0 0.0966796875 0.369501466276 0.041015625 0.0527859237537
0 0.26416015625 0.511241446725 0.0419921875 0.0527859237537
0 0.29052734375 0.394428152493 0.0302734375 0.0420332355816
0 0.28759765625 0.365102639296 0.0263671875 0.0283479960899
0 0.12890625 0.384164222874 0.029296875 0.0430107526882
0 0.51806640625 0.425219941349 0.0263671875 0.0332355816227
