0 0.202962962963 0.398518518519 0.0296296296296 0.0459259259259
0 0.450740740741 0.303333333333 0.0303703703704 0.0348148148148
0 0.543333333333 0.293703703704 0.0259259259259 0.0303703703704
0 0.835185185185 0.246666666667 0.0303703703704 0.0340740740741
0 0.825555555556 0.415925925926 0.0274074074074 0.0451851851852
0 0.712592592593 0.172962962963 0.0340740740741 0.0466666666667
0 0.132222222222 0.182222222222 0.022962962963 0.0355555555556
0 0.132222222222 0.0974074074074 0.022962962963 0.0318518518519
0 0.148518518519 0.0440740740741 0.0303703703704 0.0318518518519
0 0.188888888889 0.0185185185185 0.0207407407407 0.0266666666667
0 0.162962962963 0.124444444444 0.0251851851852 0.0281481481481
0 0.31 0.298518518519 0.0244444444444 0.037037037037
0 0.294074074074 0.312592592593 0.0207407407407 0.0266666666667
0 0.259259259259 0.332222222222 0.0207407407407 0.0333333333333
0 0.745555555556 0.0777777777778 0.0259259259259 0.0355555555556
0 0.731851851852 0.0840740740741 0.0222222222222 0.0407407407407
0 0.685555555556 0.0862962962963 0.0244444444444 0.0274074074074
0 0.705555555556 0.194814814815 0.0303703703704 0.0355555555556
0 0.691481481481 0.22 0.02 0.0281481481481
0 0.826296296296 0.165185185185 0.0274074074074 0.04
0 0.525185185185 0.692222222222 0.0340740740741 0.0540740740741
