0 0.09619140625 0.410068426197 0.0361328125 0.0420332355816
0 0.18115234375 0.345552297165 0.0400390625 0.0459433040078
0 0.27783203125 0.3880742913 0.0341796875 0.0371456500489
0 0.357421875 0.422287390029 0.029296875 0.0351906158358
0 0.41943359375 0.433528836755 0.0263671875 0.030303030303
0 0.45458984375 0.363636363636 0.0380859375 0.039100684262
0 0.5185546875 0.400293255132 0.03125 0.0342130987292
0 0.58447265625 0.418866080156 0.0283203125 0.030303030303
0 0.61962890625 0.426197458456 0.0283203125 0.0273704789834
0 0.68701171875 0.325513196481 0.0380859375 0.0410557184751
0 0.7998046875 0.407624633431 0.021484375 0.0215053763441
0 0.83544921875 0.420332355816 0.0205078125 0.0254154447703
