0 0.03564453125 0.312805474096 0.0244140625 0.0332355816227
0 0.12060546875 0.337732160313 0.0341796875 0.0478983382209
0 0.173828125 0.342619745846 0.029296875 0.0322580645161
0 0.2109375 0.332355816227 0.01953125 0.0215053763441
0 0.2685546875 0.352883675464 0.03125 0.039100684262
0 0.33154296875 0.33724340176 0.0302734375 0.0332355816227
0 0.30126953125 0.358748778104 0.0205078125 0.0215053763441
0 0.490234375 0.369501466276 0.021484375 0.0234604105572
0 0.5439453125 0.368035190616 0.044921875 0.0576735092864
0 0.64306640625 0.374877810362 0.0341796875 0.0459433040078
0 0.69189453125 0.369501466276 0.0205078125 0.0234604105572
0 0.82080078125 0.39100684262 0.0244140625 0.0312805474096
0 0.85693359375 0.3880742913 0.0302734375 0.039100684262
0 0.8759765625 0.337732160313 0.02734375 0.0322580645161
0 0.8115234375 0.362170087977 0.01953125 0.0205278592375
