0 0.28564453125 0.34326171875 0.0439453125 0.0712890625
0 0.34716796875 0.349609375 0.0341796875 0.046875
0 0.4404296875 0.40771484375 0.03125 0.0341796875
0 0.4248046875 0.42138671875 0.029296875 0.0322265625
0 0.515625 0.302734375 0.033203125 0.0390625
0 0.591796875 0.23828125 0.029296875 0.03515625
0 0.71044921875 0.2197265625 0.0244140625 0.02734375
0 0.64697265625 0.72021484375 0.0419921875 0.0693359375
0 0.908203125 0.701171875 0.041015625 0.087890625
0 0.97607421875 0.6923828125 0.0478515625 0.115234375
0 0.96337890625 0.62109375 0.0341796875 0.0703125
