0 0.125 0.749755620723 0.01953125 0.0293255131965
0 0.29931640625 0.747311827957 0.0205078125 0.0342130987292
0 0.265625 0.745356793744 0.01953125 0.0283479960899
0 0.5048828125 0.760997067449 0.021484375 0.0322580645161
0 0.423828125 0.751221896383 0.01953125 0.030303030303
0 0.41064453125 0.751221896383 0.0205078125 0.0283479960899
0 0.58984375 0.779569892473 0.01953125 0.0263929618768
0 0.71484375 0.727761485826 0.021484375 0.0283479960899
0 0.63525390625 0.742913000978 0.0244140625 0.0332355816227
0 0.8681640625 0.746823069404 0.0234375 0.0312805474096
