0 0.4970703125 0.738025415445 0.06640625 0.0938416422287
0 0.68017578125 0.58651026393 0.0615234375 0.0566959921799
0 0.8251953125 0.636852394917 0.06640625 0.0615835777126
0 0.23681640625 0.6119257087 0.0654296875 0.0606060606061
0 0.04931640625 0.515640273705 0.0537109375 0.0400782013685
0 0.28515625 0.589442815249 0.056640625 0.0723362658847
0 0.44921875 0.50293255132 0.046875 0.0459433040078
0 0.37548828125 0.514662756598 0.0517578125 0.049853372434
0 0.14990234375 0.434995112414 0.0478515625 0.0449657869013
0 0.08837890625 0.515640273705 0.0400390625 0.0381231671554
0 0.228515625 0.427174975562 0.0390625 0.0410557184751
0 0.29248046875 0.431573802542 0.0341796875 0.0381231671554
0 0.5244140625 0.413000977517 0.044921875 0.0361681329423
0 0.572265625 0.355327468231 0.0390625 0.0478983382209
0 0.7880859375 0.390518084066 0.03125 0.0322580645161
0 0.83251953125 0.486803519062 0.0478515625 0.0508308895406
0 0.89013671875 0.448680351906 0.0498046875 0.0527859237537
0 0.91455078125 0.449169110459 0.0361328125 0.049853372434
0 0.84619140625 0.302541544477 0.0302734375 0.0322580645161
0 0.810546875 0.292277614858 0.03125 0.0351906158358
0 0.4306640625 0.303519061584 0.03125 0.0322580645161
0 0.29833984375 0.359237536657 0.0400390625 0.0361681329423
0 0.3330078125 0.348484848485 0.033203125 0.0381231671554
0 0.3515625 0.318670576735 0.025390625 0.0351906158358
0 0.38330078125 0.342130987292 0.0283203125 0.0332355816227
0 0.4658203125 0.272238514174 0.0234375 0.0244379276637
0 0.4873046875 0.273704789834 0.025390625 0.0254154447703
0 0.05126953125 0.343597262952 0.0341796875 0.0381231671554
0 0.69140625 0.268817204301 0.0234375 0.0215053763441
0 0.86474609375 0.286901270772 0.0244140625 0.0283479960899
0 0.9541015625 0.246823069404 0.0234375 0.0263929618768
0 0.921875 0.324535679374 0.033203125 0.0332355816227
0 0.59521484375 0.327468230694 0.0341796875 0.0312805474096
0 0.2294921875 0.804007820137 0.078125 0.0557184750733
0 0.5595703125 0.271260997067 0.021484375 0.0283479960899
0 0.7705078125 0.353861192571 0.0234375 0.0234604105572
