0 0.015625 0.51513671875 0.02734375 0.0380859375
0 0.19775390625 0.55859375 0.0498046875 0.046875
0 0.32470703125 0.4599609375 0.0576171875 0.029296875
0 0.45556640625 0.55078125 0.0595703125 0.05859375
0 0.52978515625 0.54150390625 0.0458984375 0.0498046875
0 0.5830078125 0.51123046875 0.056640625 0.0498046875
0 0.6455078125 0.5498046875 0.05078125 0.03515625
0 0.7490234375 0.552734375 0.037109375 0.029296875
0 0.775390625 0.5068359375 0.060546875 0.05078125
0 0.98388671875 0.619140625 0.0322265625 0.0390625
0 0.47607421875 0.54345703125 0.0302734375 0.0439453125
