0 0.50146484375 0.36412512219 0.0361328125 0.049853372434
0 0.4150390625 0.3880742913 0.037109375 0.0469208211144
0 0.3271484375 0.394916911046 0.037109375 0.0410557184751
0 0.234375 0.407624633431 0.037109375 0.0410557184751
0 0.0380859375 0.38660801564 0.03125 0.0342130987292
0 0.91748046875 0.349462365591 0.0400390625 0.0420332355816
0 0.7841796875 0.336754643206 0.037109375 0.0439882697947
0 0.71630859375 0.373900293255 0.0380859375 0.0439882697947
0 0.595703125 0.364613880743 0.03125 0.0351906158358
0 0.15869140625 0.39247311828 0.0322265625 0.0322580645161
