0 0.74365234375 0.4384765625 0.0283203125 0.03125
0 0.60693359375 0.41064453125 0.0341796875 0.0380859375
0 0.64111328125 0.44140625 0.0263671875 0.03515625
0 0.3583984375 0.41943359375 0.029296875 0.0341796875
0 0.28955078125 0.427734375 0.0302734375 0.037109375
0 0.31201171875 0.42138671875 0.0224609375 0.0341796875
0 0.19775390625 0.416015625 0.0283203125 0.03125
0 0.45751953125 0.4072265625 0.0224609375 0.029296875
0 0.4775390625 0.40771484375 0.02734375 0.0302734375
0 0.57421875 0.4169921875 0.029296875 0.033203125
0 0.560546875 0.416015625 0.021484375 0.025390625
0 0.71630859375 0.41650390625 0.0263671875 0.0302734375
0 0.39990234375 0.3974609375 0.0302734375 0.03515625
