0 0.01123046875 0.47311827957 0.0224609375 0.0938416422287
0 0.05078125 0.483382209189 0.080078125 0.102639296188
0 0.25341796875 0.508308895406 0.0595703125 0.0684261974585
0 0.42138671875 0.398826979472 0.0771484375 0.111436950147
0 0.716796875 0.779569892473 0.08984375 0.118279569892
0 0.4833984375 0.459433040078 0.0390625 0.0469208211144
0 0.64892578125 0.373411534702 0.0791015625 0.11339198436
0 0.80810546875 0.472140762463 0.0673828125 0.0899315738025
0 0.91455078125 0.420332355816 0.0517578125 0.0606060606061
0 0.98876953125 0.403225806452 0.0224609375 0.088954056696
