0 0.02099609375 0.346529814272 0.0380859375 0.0400782013685
0 0.07177734375 0.325024437928 0.0673828125 0.069403714565
0 0.1611328125 0.336754643206 0.037109375 0.0439882697947
0 0.23583984375 0.341153470186 0.0791015625 0.0821114369501
0 0.265625 0.326979472141 0.037109375 0.049853372434
0 0.25732421875 0.295698924731 0.0361328125 0.0518084066471
0 0.3134765625 0.339687194526 0.033203125 0.0342130987292
0 0.36572265625 0.295210166178 0.0439453125 0.0606060606061
0 0.42138671875 0.292277614858 0.0732421875 0.080156402737
0 0.50390625 0.280058651026 0.044921875 0.0537634408602
0 0.60986328125 0.268817204301 0.0751953125 0.0821114369501
0 0.6826171875 0.289345063539 0.03125 0.0351906158358
0 0.740234375 0.257086999022 0.064453125 0.0703812316716
0 0.77392578125 0.287878787879 0.0263671875 0.0400782013685
0 0.88671875 0.21945259042 0.09375 0.108504398827
0 0.9453125 0.236070381232 0.05078125 0.0635386119257
