0 0.6591796875 0.228739002933 0.0234375 0.0273704789834
0 0.7373046875 0.234115347019 0.0234375 0.0263929618768
0 0.82275390625 0.260019550342 0.0224609375 0.019550342131
0 0.30126953125 0.718963831867 0.0283203125 0.0342130987292
0 0.37109375 0.724828934506 0.01953125 0.0381231671554
0 0.38720703125 0.773216031281 0.0224609375 0.0469208211144
0 0.17919921875 0.734604105572 0.0302734375 0.0342130987292
0 0.08984375 0.721407624633 0.021484375 0.0254154447703
0 0.03173828125 0.72238514174 0.0224609375 0.0273704789834
0 0.36181640625 0.871945259042 0.0361328125 0.0527859237537
0 0.3017578125 0.820136852395 0.03515625 0.0488758553275
0 0.5009765625 0.714076246334 0.02734375 0.0459433040078
0 0.4267578125 0.676441837732 0.021484375 0.0234604105572
0 0.54248046875 0.708699902248 0.0283203125 0.0469208211144
0 0.62060546875 0.866080156403 0.0263671875 0.0410557184751
0 0.892578125 0.609481915934 0.03515625 0.0381231671554
0 0.94091796875 0.595307917889 0.0244140625 0.0312805474096
0 0.70263671875 0.598240469208 0.0322265625 0.0332355816227
0 0.62744140625 0.591886608016 0.0283203125 0.030303030303
0 0.69482421875 0.828934506354 0.0263671875 0.0430107526882
