0 0.0263671875 0.43603515625 0.01953125 0.0263671875
0 0.15087890625 0.3974609375 0.0302734375 0.03515625
0 0.1953125 0.36767578125 0.0390625 0.0439453125
0 0.13427734375 0.39794921875 0.0205078125 0.0283203125
0 0.32861328125 0.33203125 0.0458984375 0.0546875
0 0.51513671875 0.38916015625 0.0224609375 0.0244140625
0 0.58544921875 0.26025390625 0.0537109375 0.0634765625
0 0.74609375 0.41357421875 0.0234375 0.0244140625
0 0.84423828125 0.349609375 0.0419921875 0.04296875
0 0.962890625 0.4111328125 0.021484375 0.01953125
