0 0.09912109375 0.391984359726 0.0205078125 0.0273704789834
0 0.0703125 0.356304985337 0.01953125 0.0205278592375
0 0.03759765625 0.371456500489 0.0205078125 0.0234604105572
0 0.03515625 0.454056695992 0.025390625 0.030303030303
0 0.1171875 0.429618768328 0.0234375 0.0283479960899
0 0.16552734375 0.44477028348 0.0263671875 0.0293255131965
0 0.111328125 0.510263929619 0.03515625 0.0371456500489
0 0.20849609375 0.451612903226 0.0302734375 0.0371456500489
0 0.0849609375 0.498044965787 0.029296875 0.0361681329423
0 0.21923828125 0.561094819159 0.0361328125 0.0430107526882
0 0.017578125 0.757575757576 0.03515625 0.0703812316716
0 0.03173828125 0.74926686217 0.0419921875 0.0557184750733
0 0.10498046875 0.78054740958 0.0498046875 0.0635386119257
0 0.30322265625 0.581622678397 0.0380859375 0.0430107526882
0 0.25390625 0.397849462366 0.025390625 0.0312805474096
0 0.29248046875 0.417399804497 0.0205078125 0.0234604105572
0 0.3466796875 0.430107526882 0.0234375 0.0273704789834
0 0.3720703125 0.431085043988 0.025390625 0.0312805474096
0 0.396484375 0.440860215054 0.02734375 0.0312805474096
0 0.4306640625 0.471163245357 0.025390625 0.0312805474096
0 0.46923828125 0.482404692082 0.0244140625 0.0263929618768
0 0.44482421875 0.396871945259 0.0224609375 0.0215053763441
0 0.494140625 0.405180840665 0.021484375 0.0263929618768
0 0.38623046875 0.538123167155 0.0263671875 0.030303030303
0 0.24169921875 0.472140762463 0.0263671875 0.0332355816227
0 0.4873046875 0.576246334311 0.037109375 0.0342130987292
0 0.32275390625 0.657869012708 0.0361328125 0.0371456500489
0 0.37890625 0.657869012708 0.03515625 0.0410557184751
0 0.4296875 0.666177908113 0.037109375 0.0459433040078
0 0.47900390625 0.673998044966 0.0361328125 0.0439882697947
0 0.52978515625 0.717008797654 0.0380859375 0.0459433040078
0 0.63818359375 0.689638318671 0.0419921875 0.0459433040078
0 0.720703125 0.706744868035 0.048828125 0.0527859237537
0 0.7685546875 0.738025415445 0.048828125 0.0547409579668
0 0.9306640625 0.710166177908 0.04296875 0.0518084066471
0 0.91357421875 0.599706744868 0.0361328125 0.0420332355816
0 0.84765625 0.605571847507 0.03515625 0.0342130987292
0 0.56787109375 0.600684261975 0.0341796875 0.0381231671554
0 0.51611328125 0.603616813294 0.0380859375 0.0361681329423
0 0.6171875 0.620234604106 0.03125 0.0361681329423
0 0.7568359375 0.58357771261 0.029296875 0.0312805474096
0 0.60595703125 0.528836754643 0.0263671875 0.0312805474096
0 0.6630859375 0.499511241447 0.0234375 0.0273704789834
0 0.6865234375 0.527859237537 0.029296875 0.0312805474096
0 0.5185546875 0.436461388074 0.0234375 0.0244379276637
0 0.552734375 0.439393939394 0.0234375 0.0244379276637
0 0.6298828125 0.443792766373 0.025390625 0.0293255131965
0 0.34375 0.365102639296 0.01953125 0.0205278592375
0 0.369140625 0.368035190616 0.0234375 0.0224828934506
0 0.40283203125 0.379276637341 0.0244140625 0.0234604105572
0 0.609375 0.397849462366 0.01953125 0.0215053763441
0 0.6552734375 0.41495601173 0.021484375 0.0224828934506
0 0.76953125 0.484359726295 0.021484375 0.0205278592375
0 0.95361328125 0.547409579668 0.0341796875 0.0332355816227
0 0.82568359375 0.521505376344 0.0263671875 0.0263929618768
0 0.80126953125 0.599217986315 0.0341796875 0.039100684262
0 0.85107421875 0.459433040078 0.0283203125 0.0293255131965
0 0.2998046875 0.505865102639 0.029296875 0.0361681329423
