0 0.02880859375 0.40869140625 0.0419921875 0.0380859375
0 0.171875 0.42578125 0.0390625 0.03125
0 0.150390625 0.51513671875 0.04296875 0.0517578125
0 0.24365234375 0.40283203125 0.0263671875 0.0283203125
0 0.37109375 0.419921875 0.0390625 0.0390625
0 0.43798828125 0.38818359375 0.0380859375 0.0341796875
0 0.416015625 0.48291015625 0.048828125 0.0654296875
0 0.54931640625 0.39599609375 0.0302734375 0.0380859375
0 0.6953125 0.34326171875 0.03515625 0.0419921875
0 0.693359375 0.44921875 0.0390625 0.056640625
0 0.85791015625 0.349609375 0.0380859375 0.041015625
0 0.93310546875 0.4541015625 0.0283203125 0.0390625
