0 0.83251953125 0.29736328125 0.0498046875 0.0712890625
0 0.72509765625 0.345703125 0.0439453125 0.056640625
0 0.5322265625 0.490234375 0.0546875 0.060546875
0 0.56103515625 0.32080078125 0.0400390625 0.0517578125
0 0.490234375 0.337890625 0.0390625 0.048828125
0 0.43505859375 0.33642578125 0.0244140625 0.0302734375
0 0.40869140625 0.35546875 0.0400390625 0.056640625
0 0.431640625 0.46142578125 0.052734375 0.0673828125
0 0.34521484375 0.32568359375 0.0419921875 0.0517578125
0 0.203125 0.30029296875 0.046875 0.0615234375
0 0.0439453125 0.3857421875 0.03125 0.037109375
0 0.009765625 0.36376953125 0.01953125 0.0361328125
