0 0.01611328125 0.419843597263 0.0224609375 0.0263929618768
0 0.03662109375 0.38954056696 0.0205078125 0.0244379276637
0 0.10498046875 0.368035190616 0.0244140625 0.0322580645161
0 0.158203125 0.419843597263 0.02734375 0.0381231671554
0 0.07275390625 0.499022482893 0.0244140625 0.0342130987292
0 0.345703125 0.375366568915 0.01953125 0.0332355816227
0 0.4013671875 0.423264907136 0.01953125 0.0293255131965
0 0.42138671875 0.407135874878 0.0205078125 0.0263929618768
0 0.41162109375 0.377810361681 0.0205078125 0.0224828934506
0 0.458984375 0.426197458456 0.021484375 0.0293255131965
0 0.490234375 0.395405669599 0.0234375 0.0224828934506
0 0.5166015625 0.405180840665 0.033203125 0.0420332355816
0 0.60205078125 0.39247311828 0.0205078125 0.0244379276637
0 0.58203125 0.41495601173 0.01953125 0.0263929618768
0 0.94091796875 0.722873900293 0.1181640625 0.122189638319
