0 0.06005859375 0.141251221896 0.0498046875 0.0733137829912
0 0.103515625 0.19550342131 0.048828125 0.0625610948192
0 0.19384765625 0.217008797654 0.0361328125 0.0508308895406
0 0.2177734375 0.234115347019 0.029296875 0.0381231671554
0 0.400390625 0.213587487781 0.064453125 0.0928641251222
0 0.45751953125 0.231182795699 0.0439453125 0.0772238514174
0 0.51416015625 0.210166177908 0.0478515625 0.0684261974585
0 0.58349609375 0.212121212121 0.0263671875 0.0351906158358
0 0.6728515625 0.266373411535 0.02734375 0.0459433040078
0 0.68212890625 0.229227761486 0.0302734375 0.0478983382209
0 0.7119140625 0.222873900293 0.021484375 0.0273704789834
0 0.7822265625 0.19550342131 0.02734375 0.0430107526882
0 0.83984375 0.227761485826 0.025390625 0.0351906158358
0 0.8583984375 0.229227761486 0.01953125 0.0342130987292
0 0.88330078125 0.219941348974 0.0224609375 0.0351906158358
0 0.32666015625 0.199413489736 0.0263671875 0.0488758553275
