0 0.73828125 0.406158357771 0.01953125 0.0224828934506
0 0.72509765625 0.452101661779 0.0224609375 0.0283479960899
0 0.619140625 0.393939393939 0.01953125 0.0234604105572
0 0.89990234375 0.489247311828 0.0263671875 0.0322580645161
0 0.1142578125 0.46871945259 0.01953125 0.0244379276637
0 0.11767578125 0.524926686217 0.0244140625 0.0312805474096
0 0.19189453125 0.455034213099 0.0224609375 0.0283479960899
0 0.30224609375 0.480449657869 0.0224609375 0.0283479960899
0 0.2724609375 0.449169110459 0.021484375 0.0263929618768
0 0.4775390625 0.483870967742 0.021484375 0.0273704789834
0 0.39453125 0.503421309873 0.021484375 0.0293255131965
0 0.57470703125 0.490224828935 0.0224609375 0.0283479960899
