0 0.0791015625 0.4541015625 0.01953125 0.021484375
0 0.09912109375 0.43994140625 0.0224609375 0.0302734375
0 0.123046875 0.44140625 0.025390625 0.029296875
0 0.16064453125 0.416015625 0.0283203125 0.03515625
0 0.2841796875 0.4482421875 0.0234375 0.029296875
0 0.337890625 0.4248046875 0.02734375 0.03125
0 0.38818359375 0.42822265625 0.0263671875 0.0322265625
0 0.47265625 0.45751953125 0.02734375 0.0341796875
0 0.55078125 0.44921875 0.025390625 0.03125
0 0.60986328125 0.443359375 0.0244140625 0.033203125
0 0.76708984375 0.34814453125 0.0361328125 0.0517578125
0 0.94873046875 0.46484375 0.0205078125 0.029296875
0 0.841796875 0.4853515625 0.01953125 0.0234375
