0 0.1025390625 0.217008797654 0.03125 0.0351906158358
0 0.27392578125 0.330400782014 0.0283203125 0.0351906158358
0 0.30615234375 0.383186705767 0.0322265625 0.0410557184751
0 0.18994140625 0.431085043988 0.0322265625 0.0430107526882
0 0.06298828125 0.47165200391 0.0458984375 0.0576735092864
0 0.3720703125 0.499022482893 0.03515625 0.0361681329423
0 0.47802734375 0.327468230694 0.0224609375 0.0254154447703
0 0.47900390625 0.429130009775 0.0283203125 0.039100684262
0 0.38134765625 0.310361681329 0.0244140625 0.0283479960899
0 0.59033203125 0.281036168133 0.0244140625 0.0283479960899
0 0.67041015625 0.422287390029 0.0322265625 0.0488758553275
0 0.53857421875 0.429130009775 0.0283203125 0.0351906158358
0 0.53515625 0.618768328446 0.041015625 0.0527859237537
0 0.70263671875 0.680351906158 0.0439453125 0.0664711632454
0 0.30029296875 0.620723362659 0.0419921875 0.058651026393
0 0.38720703125 0.399804496579 0.0341796875 0.0410557184751
0 0.8916015625 0.487781036168 0.04296875 0.0488758553275
0 0.73828125 0.430596285435 0.037109375 0.0439882697947
0 0.24658203125 0.760508308895 0.0458984375 0.0645161290323
