0 0.80908203125 0.42431640625 0.0400390625 0.0537109375
0 0.92578125 0.40673828125 0.0390625 0.0517578125
0 0.591796875 0.30859375 0.052734375 0.060546875
0 0.6484375 0.23681640625 0.02734375 0.0341796875
0 0.46533203125 0.2919921875 0.0458984375 0.060546875
0 0.3525390625 0.291015625 0.04296875 0.05078125
0 0.31103515625 0.2890625 0.0400390625 0.044921875
0 0.28369140625 0.2783203125 0.0341796875 0.0390625
0 0.42626953125 0.24169921875 0.0224609375 0.0283203125
0 0.31884765625 0.2265625 0.0244140625 0.021484375
0 0.1240234375 0.24609375 0.025390625 0.03125
0 0.85546875 0.2333984375 0.0234375 0.02734375
0 0.80078125 0.23681640625 0.025390625 0.0419921875
0 0.705078125 0.25146484375 0.0234375 0.0400390625
0 0.77392578125 0.181640625 0.0224609375 0.021484375
0 0.17333984375 0.61572265625 0.0595703125 0.0810546875
0 0.09326171875 0.548828125 0.0556640625 0.0703125
0 0.21875 0.51708984375 0.0390625 0.0498046875
0 0.359375 0.56884765625 0.046875 0.0712890625
0 0.40234375 0.646484375 0.037109375 0.044921875
0 0.40380859375 0.5458984375 0.0283203125 0.037109375
0 0.236328125 0.5048828125 0.02734375 0.041015625
0 0.5390625 0.53955078125 0.02734375 0.0341796875
0 0.71923828125 0.6669921875 0.0224609375 0.037109375
0 0.7861328125 0.65966796875 0.0234375 0.0361328125
0 0.86767578125 0.64208984375 0.0283203125 0.0361328125
0 0.82421875 0.61181640625 0.025390625 0.0302734375
