0 0.83544921875 0.359237536657 0.0263671875 0.0342130987292
0 0.9208984375 0.369501466276 0.02734375 0.0351906158358
0 0.810546875 0.258553274682 0.0234375 0.0283479960899
0 0.7041015625 0.275659824047 0.0234375 0.0332355816227
0 0.6904296875 0.365102639296 0.0234375 0.0322580645161
0 0.5478515625 0.277126099707 0.01953125 0.0283479960899
0 0.498046875 0.357771260997 0.025390625 0.039100684262
0 0.48095703125 0.287390029326 0.0224609375 0.0273704789834
0 0.0302734375 0.259042033236 0.021484375 0.0293255131965
0 0.04736328125 0.321114369501 0.0283203125 0.0342130987292
0 0.12255859375 0.282013685239 0.0205078125 0.0283479960899
0 0.3466796875 0.300586510264 0.0234375 0.0322580645161
0 0.31103515625 0.335288367546 0.0263671875 0.0371456500489
0 0.27001953125 0.332355816227 0.0244140625 0.0312805474096
0 0.21533203125 0.254154447703 0.0205078125 0.0254154447703
0 0.17431640625 0.338220918866 0.0263671875 0.0312805474096
0 0.43505859375 0.436950146628 0.0283203125 0.0469208211144
