0 0.03857421875 0.406647116325 0.0263671875 0.0273704789834
0 0.09521484375 0.405180840665 0.0224609375 0.0244379276637
0 0.15478515625 0.396871945259 0.0205078125 0.0234604105572
0 0.1416015625 0.430596285435 0.021484375 0.0205278592375
0 0.17919921875 0.416911045943 0.0224609375 0.0244379276637
0 0.35107421875 0.498044965787 0.0205078125 0.0224828934506
0 0.32275390625 0.519061583578 0.0205078125 0.0234604105572
0 0.287109375 0.521994134897 0.01953125 0.0234604105572
0 0.2265625 0.52394916911 0.01953125 0.0234604105572
0 0.482421875 0.415933528837 0.01953125 0.0224828934506
0 0.68408203125 0.449169110459 0.0205078125 0.0244379276637
0 0.71923828125 0.498044965787 0.0205078125 0.0224828934506
0 0.798828125 0.52688172043 0.01953125 0.0234604105572
0 0.810546875 0.493646138807 0.0234375 0.0215053763441
0 0.7734375 0.421309872923 0.01953125 0.0215053763441
0 0.83349609375 0.399315738025 0.0224609375 0.0224828934506
0 0.8857421875 0.411045943304 0.01953125 0.0244379276637
0 0.85986328125 0.491691104594 0.0224609375 0.0254154447703
