0 0.146484375 0.522482893451 0.04296875 0.0537634408602
0 0.04296875 0.482404692082 0.03125 0.0439882697947
0 0.0927734375 0.488269794721 0.01953125 0.0244379276637
0 0.072265625 0.504398826979 0.02734375 0.0312805474096
0 0.328125 0.522971652004 0.0390625 0.0449657869013
0 0.25146484375 0.490713587488 0.0263671875 0.0371456500489
0 0.4296875 0.520039100684 0.044921875 0.0566959921799
0 0.5302734375 0.52688172043 0.046875 0.0547409579668
0 0.47509765625 0.494623655914 0.0263671875 0.0371456500489
0 0.525390625 0.602150537634 0.072265625 0.0762463343109
0 0.8134765625 0.522482893451 0.076171875 0.0869990224829
0 0.59912109375 0.503910068426 0.0302734375 0.0322580645161
0 0.20263671875 0.505865102639 0.0263671875 0.0342130987292
0 0.16650390625 0.485826001955 0.0224609375 0.0234604105572
0 0.10498046875 0.47018572825 0.0224609375 0.0234604105572
0 0.74462890625 0.52394916911 0.0302734375 0.0371456500489
0 0.50732421875 0.510263929619 0.0224609375 0.0293255131965
