0 0.06787109375 0.4248046875 0.0283203125 0.033203125
0 0.1318359375 0.4033203125 0.02734375 0.03515625
0 0.1982421875 0.41357421875 0.025390625 0.0302734375
0 0.3232421875 0.4326171875 0.029296875 0.03125
0 0.3076171875 0.36181640625 0.021484375 0.0302734375
0 0.04736328125 0.35009765625 0.0224609375 0.0244140625
0 0.44287109375 0.43359375 0.0283203125 0.03515625
0 0.560546875 0.42529296875 0.029296875 0.0361328125
0 0.36083984375 0.400390625 0.0283203125 0.03125
0 0.431640625 0.390625 0.0234375 0.03125
0 0.66064453125 0.3984375 0.0263671875 0.03125
0 0.62158203125 0.38134765625 0.0283203125 0.0341796875
0 0.83154296875 0.39990234375 0.0244140625 0.0341796875
0 0.88037109375 0.39208984375 0.0302734375 0.0400390625
0 0.91748046875 0.38916015625 0.0244140625 0.0361328125
0 0.94189453125 0.38720703125 0.0224609375 0.0341796875
0 0.97021484375 0.3837890625 0.0205078125 0.03125
0 0.40380859375 0.41357421875 0.0224609375 0.0283203125
