0 0.98779296875 0.4013671875 0.0224609375 0.033203125
0 0.9453125 0.375 0.03125 0.0390625
0 0.83251953125 0.57177734375 0.0205078125 0.0263671875
0 0.8173828125 0.3857421875 0.0234375 0.025390625
0 0.646484375 0.38330078125 0.021484375 0.0244140625
0 0.625 0.3447265625 0.01953125 0.025390625
0 0.6142578125 0.3671875 0.021484375 0.025390625
0 0.59765625 0.3994140625 0.021484375 0.02734375
0 0.24169921875 0.2890625 0.0283203125 0.033203125
0 0.20166015625 0.2900390625 0.0224609375 0.025390625
