0 0.04345703125 0.608015640274 0.0283203125 0.0430107526882
0 0.025390625 0.535190615836 0.02734375 0.0342130987292
0 0.0390625 0.573313782991 0.037109375 0.0381231671554
0 0.0888671875 0.539100684262 0.025390625 0.0263929618768
0 0.14013671875 0.55522971652 0.0302734375 0.0371456500489
0 0.162109375 0.583088954057 0.033203125 0.0381231671554
0 0.10791015625 0.63734115347 0.0556640625 0.0508308895406
0 0.07763671875 0.648093841642 0.0244140625 0.0273704789834
0 0.16943359375 0.663245356794 0.0517578125 0.0576735092864
0 0.03125 0.731182795699 0.0625 0.0508308895406
0 0.0439453125 0.701368523949 0.056640625 0.0576735092864
0 0.12939453125 0.787390029326 0.0732421875 0.0967741935484
0 0.26953125 0.758064516129 0.05078125 0.0557184750733
0 0.2314453125 0.586021505376 0.0234375 0.0322580645161
0 0.28125 0.543010752688 0.0234375 0.0263929618768
0 0.244140625 0.534701857283 0.01953125 0.0234604105572
0 0.22265625 0.586021505376 0.021484375 0.030303030303
0 0.30322265625 0.521994134897 0.0224609375 0.0254154447703
0 0.3193359375 0.548387096774 0.01953125 0.0254154447703
0 0.32373046875 0.581622678397 0.0361328125 0.0469208211144
0 0.29736328125 0.601661779081 0.0224609375 0.030303030303
0 0.34033203125 0.538123167155 0.0244140625 0.0263929618768
0 0.404296875 0.498044965787 0.02734375 0.0342130987292
0 0.3359375 0.644672531769 0.046875 0.0635386119257
0 0.38134765625 0.636363636364 0.0439453125 0.0684261974585
0 0.45068359375 0.542033235582 0.0322265625 0.0342130987292
0 0.45556640625 0.572825024438 0.0302734375 0.0430107526882
0 0.47216796875 0.717008797654 0.0634765625 0.0830889540567
0 0.53125 0.604105571848 0.01953125 0.0293255131965
0 0.5556640625 0.601661779081 0.03515625 0.0459433040078
0 0.568359375 0.60752688172 0.037109375 0.049853372434
0 0.6171875 0.674486803519 0.046875 0.0664711632454
0 0.68017578125 0.795698924731 0.0654296875 0.080156402737
0 0.50927734375 0.542033235582 0.0224609375 0.0283479960899
0 0.53076171875 0.532258064516 0.0244140625 0.0283479960899
0 0.58154296875 0.516129032258 0.0224609375 0.0293255131965
0 0.62451171875 0.534213098729 0.0224609375 0.030303030303
0 0.658203125 0.565493646139 0.03125 0.0361681329423
0 0.66796875 0.533235581623 0.025390625 0.0322580645161
0 0.7138671875 0.584555229717 0.033203125 0.0410557184751
0 0.73876953125 0.525904203324 0.0224609375 0.0293255131965
0 0.62109375 0.504887585533 0.0234375 0.0283479960899
0 0.73583984375 0.485337243402 0.0205078125 0.0263929618768
0 0.7353515625 0.66715542522 0.0546875 0.069403714565
0 0.82861328125 0.698924731183 0.0576171875 0.080156402737
0 0.90380859375 0.782991202346 0.1103515625 0.101661779081
0 0.77783203125 0.594819159335 0.0341796875 0.0459433040078
0 0.9794921875 0.653470185728 0.041015625 0.069403714565
0 0.974609375 0.604105571848 0.041015625 0.0547409579668
0 0.89599609375 0.550830889541 0.0263671875 0.0361681329423
0 0.93212890625 0.586999022483 0.0419921875 0.0478983382209
0 0.91259765625 0.577712609971 0.0322265625 0.0449657869013
0 0.8095703125 0.492179863148 0.021484375 0.0224828934506
0 0.76513671875 0.52834799609 0.0244140625 0.0263929618768
0 0.77734375 0.513196480938 0.021484375 0.0234604105572
0 0.7978515625 0.52394916911 0.01953125 0.0234604105572
0 0.8525390625 0.55376344086 0.025390625 0.0400782013685
0 0.8447265625 0.498044965787 0.021484375 0.0283479960899
0 0.85693359375 0.510752688172 0.0205078125 0.0263929618768
0 0.8857421875 0.518572825024 0.0234375 0.0244379276637
0 0.9501953125 0.519061583578 0.02734375 0.0293255131965
0 0.98828125 0.538123167155 0.0234375 0.0361681329423
0 0.92138671875 0.469696969697 0.0224609375 0.0283479960899
0 0.9794921875 0.480449657869 0.01953125 0.0224828934506
