0 0.92041015625 0.39208984375 0.0244140625 0.0283203125
0 0.80615234375 0.38427734375 0.0224609375 0.0244140625
0 0.845703125 0.470703125 0.021484375 0.025390625
0 0.6337890625 0.4033203125 0.021484375 0.029296875
0 0.52783203125 0.44482421875 0.0224609375 0.0263671875
0 0.47119140625 0.3818359375 0.0244140625 0.029296875
0 0.4658203125 0.3291015625 0.01953125 0.021484375
0 0.4150390625 0.36767578125 0.01953125 0.0244140625
0 0.419921875 0.32861328125 0.01953125 0.0224609375
0 0.35302734375 0.365234375 0.0205078125 0.025390625
0 0.28076171875 0.33203125 0.0205078125 0.0234375
0 0.2666015625 0.38916015625 0.0234375 0.0263671875
0 0.1630859375 0.45458984375 0.025390625 0.0244140625
0 0.10009765625 0.3466796875 0.0263671875 0.029296875
0 0.0283203125 0.48828125 0.02734375 0.029296875
0 0.03271484375 0.32568359375 0.0224609375 0.0263671875
