0 0.09130859375 0.435972629521 0.0224609375 0.0273704789834
0 0.16064453125 0.467741935484 0.0341796875 0.0420332355816
0 0.28369140625 0.438416422287 0.0205078125 0.0263929618768
0 0.35302734375 0.433528836755 0.0283203125 0.0361681329423
0 0.44873046875 0.451612903226 0.0224609375 0.0332355816227
0 0.498046875 0.459921798631 0.029296875 0.0381231671554
0 0.5537109375 0.426686217009 0.0234375 0.0244379276637
0 0.5712890625 0.486803519062 0.0390625 0.058651026393
0 0.71337890625 0.410068426197 0.0224609375 0.0263929618768
0 0.744140625 0.415933528837 0.03125 0.0361681329423
0 0.95947265625 0.435483870968 0.0302734375 0.0400782013685
0 0.63818359375 0.434017595308 0.0283203125 0.039100684262
0 0.5849609375 0.592864125122 0.05078125 0.0342130987292
