0 0.28955078125 0.4345703125 0.0302734375 0.03515625
0 0.19580078125 0.4140625 0.0205078125 0.029296875
0 0.24951171875 0.41015625 0.0283203125 0.041015625
0 0.3037109375 0.3466796875 0.01953125 0.03125
0 0.44580078125 0.41748046875 0.0341796875 0.0283203125
0 0.5986328125 0.4189453125 0.02734375 0.03515625
0 0.63525390625 0.4013671875 0.0205078125 0.02734375
0 0.73876953125 0.41064453125 0.0302734375 0.0380859375
0 0.71044921875 0.548828125 0.0263671875 0.0390625
0 0.81982421875 0.4990234375 0.0263671875 0.029296875
0 0.80126953125 0.4248046875 0.0302734375 0.03515625
0 0.955078125 0.5048828125 0.025390625 0.03515625
0 0.36279296875 0.43017578125 0.0380859375 0.0478515625
