0 0.0224609375 0.22119140625 0.04296875 0.0556640625
0 0.12060546875 0.2158203125 0.0439453125 0.052734375
0 0.23193359375 0.220703125 0.0361328125 0.0546875
0 0.3349609375 0.25146484375 0.037109375 0.0419921875
0 0.353515625 0.23291015625 0.0390625 0.0517578125
0 0.423828125 0.224609375 0.0234375 0.0390625
0 0.451171875 0.2353515625 0.04296875 0.0546875
0 0.51904296875 0.2138671875 0.0224609375 0.029296875
0 0.53369140625 0.240234375 0.0205078125 0.033203125
0 0.552734375 0.24853515625 0.037109375 0.0537109375
0 0.56640625 0.236328125 0.044921875 0.05859375
0 0.61328125 0.27001953125 0.033203125 0.0458984375
0 0.66015625 0.25146484375 0.0390625 0.0458984375
0 0.72021484375 0.23583984375 0.0498046875 0.0634765625
0 0.7705078125 0.24853515625 0.03515625 0.0478515625
0 0.837890625 0.22998046875 0.048828125 0.0615234375
0 0.916015625 0.2373046875 0.04296875 0.052734375
0 0.97802734375 0.24560546875 0.0439453125 0.0478515625
