0 0.013671875 0.404203323558 0.02734375 0.0459433040078
0 0.177734375 0.427663734115 0.033203125 0.0342130987292
0 0.3193359375 0.400293255132 0.0234375 0.0342130987292
0 0.357421875 0.412512218964 0.0234375 0.0332355816227
0 0.42626953125 0.380742913001 0.0244140625 0.030303030303
0 0.47216796875 0.403714565005 0.0302734375 0.0371456500489
0 0.51171875 0.411045943304 0.025390625 0.0283479960899
0 0.5048828125 0.370967741935 0.01953125 0.0263929618768
0 0.58349609375 0.403225806452 0.0244140625 0.030303030303
0 0.603515625 0.387585532747 0.021484375 0.0283479960899
0 0.6708984375 0.375366568915 0.01953125 0.0273704789834
