0 0.1162109375 0.5986328125 0.03125 0.03515625
0 0.29443359375 0.5703125 0.0263671875 0.029296875
0 0.4462890625 0.55517578125 0.03125 0.0322265625
0 0.490234375 0.59619140625 0.025390625 0.0283203125
0 0.1875 0.56884765625 0.01953125 0.0205078125
0 0.05029296875 0.4716796875 0.0205078125 0.0234375
0 0.46630859375 0.52490234375 0.0205078125 0.0244140625
0 0.75634765625 0.5263671875 0.0244140625 0.037109375
0 0.626953125 0.6416015625 0.025390625 0.033203125
0 0.8544921875 0.51171875 0.029296875 0.021484375
0 0.9580078125 0.4755859375 0.021484375 0.02734375
0 0.25390625 0.3427734375 0.029296875 0.029296875
