0 0.1884765625 0.55126953125 0.03125 0.0341796875
0 0.228515625 0.56494140625 0.0390625 0.0439453125
0 0.3154296875 0.544921875 0.03515625 0.0390625
0 0.3583984375 0.49951171875 0.03125 0.0361328125
0 0.4375 0.5107421875 0.03125 0.037109375
0 0.4931640625 0.60498046875 0.037109375 0.0458984375
0 0.5126953125 0.5224609375 0.029296875 0.037109375
0 0.5673828125 0.51904296875 0.025390625 0.0361328125
0 0.6650390625 0.515625 0.033203125 0.0390625
0 0.744140625 0.58056640625 0.037109375 0.0458984375
0 0.79931640625 0.4287109375 0.0341796875 0.04296875
0 0.76513671875 0.3798828125 0.0341796875 0.037109375
0 0.712890625 0.41943359375 0.029296875 0.0341796875
0 0.6455078125 0.41162109375 0.02734375 0.0341796875
0 0.591796875 0.396484375 0.025390625 0.029296875
0 0.61669921875 0.365234375 0.0263671875 0.03125
0 0.5205078125 0.4609375 0.03125 0.029296875
0 0.5146484375 0.3857421875 0.025390625 0.033203125
0 0.48486328125 0.39306640625 0.0244140625 0.0244140625
0 0.39208984375 0.34033203125 0.0302734375 0.0380859375
0 0.34130859375 0.40625 0.0322265625 0.03125
0 0.28466796875 0.41552734375 0.0283203125 0.0341796875
0 0.87109375 0.43701171875 0.0390625 0.0478515625
