0 0.2607421875 0.422287390029 0.02734375 0.039100684262
0 0.19921875 0.434995112414 0.037109375 0.0488758553275
0 0.12890625 0.518084066471 0.052734375 0.0742913000978
0 0.470703125 0.401270772239 0.01953125 0.0322580645161
0 0.498046875 0.399804496579 0.02734375 0.0351906158358
0 0.732421875 0.402248289345 0.025390625 0.0361681329423
0 0.53369140625 0.478983382209 0.0302734375 0.0449657869013
0 0.580078125 0.50293255132 0.046875 0.0654936461388
0 0.87353515625 0.466275659824 0.0322265625 0.0430107526882
0 0.9248046875 0.428641251222 0.021484375 0.0283479960899
