0 0.02587890625 0.3671875 0.0400390625 0.05078125
0 0.09423828125 0.3935546875 0.0283203125 0.037109375
0 0.0791015625 0.3837890625 0.0234375 0.02734375
0 0.23095703125 0.43359375 0.0283203125 0.03515625
0 0.31494140625 0.5 0.0302734375 0.0390625
0 0.3017578125 0.4541015625 0.025390625 0.029296875
0 0.32177734375 0.4150390625 0.0244140625 0.025390625
0 0.390625 0.46826171875 0.02734375 0.0361328125
0 0.42919921875 0.50244140625 0.0302734375 0.0400390625
0 0.583984375 0.455078125 0.037109375 0.044921875
0 0.52880859375 0.45263671875 0.0263671875 0.0361328125
0 0.55078125 0.43896484375 0.025390625 0.0341796875
0 0.53515625 0.38671875 0.01953125 0.02734375
0 0.5546875 0.3828125 0.0234375 0.03515625
0 0.6357421875 0.43115234375 0.02734375 0.0302734375
0 0.66845703125 0.447265625 0.0302734375 0.0390625
0 0.7119140625 0.4443359375 0.01953125 0.029296875
0 0.763671875 0.43408203125 0.029296875 0.0400390625
0 0.7822265625 0.392578125 0.0234375 0.029296875
0 0.85986328125 0.37841796875 0.0263671875 0.0283203125
0 0.8603515625 0.46875 0.02734375 0.02734375
0 0.9248046875 0.30224609375 0.03515625 0.0556640625
