0 0.04248046875 0.5341796875 0.0283203125 0.03515625
0 0.2646484375 0.50439453125 0.03125 0.0380859375
0 0.09130859375 0.51953125 0.0205078125 0.025390625
0 0.23779296875 0.50244140625 0.0205078125 0.0244140625
0 0.546875 0.4951171875 0.03515625 0.041015625
0 0.46728515625 0.4873046875 0.0263671875 0.033203125
0 0.4482421875 0.4765625 0.0234375 0.02734375
0 0.623046875 0.52001953125 0.01953125 0.0263671875
0 0.853515625 0.41552734375 0.04296875 0.0517578125
0 0.96484375 0.4775390625 0.044921875 0.04296875
