0 0.11474609375 0.37255859375 0.0205078125 0.0224609375
0 0.18212890625 0.333984375 0.0224609375 0.025390625
0 0.22314453125 0.37744140625 0.0263671875 0.0283203125
0 0.17822265625 0.404296875 0.0322265625 0.03515625
0 0.3037109375 0.39013671875 0.033203125 0.0380859375
0 0.36083984375 0.3681640625 0.0283203125 0.03125
0 0.4775390625 0.3271484375 0.01953125 0.02734375
0 0.478515625 0.369140625 0.0234375 0.033203125
0 0.4990234375 0.38916015625 0.03515625 0.0419921875
0 0.60107421875 0.31494140625 0.0244140625 0.0263671875
0 0.60693359375 0.35400390625 0.0302734375 0.0283203125
0 0.65966796875 0.365234375 0.0302734375 0.037109375
0 0.73828125 0.291015625 0.021484375 0.02734375
0 0.9169921875 0.31005859375 0.0234375 0.0244140625
0 0.873046875 0.3564453125 0.029296875 0.033203125
0 0.7802734375 0.34423828125 0.03125 0.0302734375
0 0.76953125 0.4013671875 0.037109375 0.044921875
0 0.97900390625 0.36328125 0.0263671875 0.029296875
0 0.826171875 0.33984375 0.025390625 0.025390625
0 0.0205078125 0.41259765625 0.02734375 0.0341796875
