0 0.96337890625 0.242424242424 0.0283203125 0.0312805474096
0 0.98291015625 0.305474095797 0.0322265625 0.0459433040078
0 0.9453125 0.326490713587 0.0390625 0.0332355816227
0 0.79833984375 0.325024437928 0.0322265625 0.0400782013685
0 0.77490234375 0.322580645161 0.0224609375 0.0351906158358
0 0.63623046875 0.342619745846 0.0205078125 0.0263929618768
0 0.70263671875 0.331867057674 0.0302734375 0.0322580645161
0 0.779296875 0.384652981427 0.044921875 0.0615835777126
0 0.9228515625 0.381231671554 0.033203125 0.0547409579668
0 0.87109375 0.342619745846 0.037109375 0.0420332355816
0 0.7197265625 0.550830889541 0.05078125 0.130009775171
0 0.5458984375 0.30596285435 0.01953125 0.0254154447703
0 0.576171875 0.332355816227 0.021484375 0.0254154447703
0 0.576171875 0.384164222874 0.02734375 0.0293255131965
0 0.56591796875 0.490713587488 0.0302734375 0.0527859237537
0 0.42236328125 0.490224828935 0.0361328125 0.0439882697947
0 0.52490234375 0.482893450635 0.0361328125 0.0351906158358
0 0.29150390625 0.453567937439 0.0341796875 0.0449657869013
0 0.27734375 0.428152492669 0.0234375 0.0254154447703
0 0.134765625 0.417399804497 0.01953125 0.019550342131
0 0.22802734375 0.447214076246 0.0673828125 0.0850439882698
0 0.11669921875 0.497556207234 0.0556640625 0.0527859237537
0 0.34765625 0.440860215054 0.021484375 0.0371456500489
