0 0.61669921875 0.541015625 0.0380859375 0.044921875
0 0.46826171875 0.53466796875 0.0439453125 0.0478515625
0 0.28955078125 0.55029296875 0.0400390625 0.0498046875
0 0.1748046875 0.5322265625 0.0390625 0.044921875
0 0.3134765625 0.42626953125 0.03125 0.0341796875
0 0.154296875 0.41845703125 0.03125 0.0341796875
0 0.5947265625 0.34033203125 0.01953125 0.0244140625
0 0.87646484375 0.4111328125 0.0322265625 0.037109375
0 0.7470703125 0.39453125 0.03125 0.03125
0 0.9072265625 0.60302734375 0.03515625 0.0341796875
