0 0.06787109375 0.286412512219 0.0322265625 0.039100684262
0 0.10986328125 0.230694037146 0.0205078125 0.0273704789834
0 0.123046875 0.259042033236 0.03125 0.0430107526882
0 0.2001953125 0.2761485826 0.033203125 0.049853372434
0 0.2333984375 0.256109481916 0.0234375 0.0293255131965
0 0.3115234375 0.25366568915 0.02734375 0.0439882697947
0 0.240234375 0.30596285435 0.0390625 0.058651026393
0 0.373046875 0.294232649071 0.03515625 0.0547409579668
0 0.36376953125 0.246823069404 0.0263671875 0.0361681329423
0 0.380859375 0.266862170088 0.02734375 0.0332355816227
0 0.44970703125 0.264418377322 0.0322265625 0.0478983382209
0 0.55322265625 0.238514173998 0.0224609375 0.0293255131965
0 0.50830078125 0.286412512219 0.0244140625 0.0312805474096
0 0.5517578125 0.291300097752 0.029296875 0.0410557184751
0 0.5283203125 0.321603128055 0.037109375 0.0527859237537
0 0.6494140625 0.290322580645 0.03515625 0.0508308895406
0 0.70166015625 0.258553274682 0.0205078125 0.0342130987292
0 0.69677734375 0.285923753666 0.0244140625 0.0361681329423
0 0.7568359375 0.294232649071 0.025390625 0.0371456500489
0 0.7734375 0.287878787879 0.01953125 0.0342130987292
0 0.6943359375 0.357282502444 0.037109375 0.0576735092864
0 0.80615234375 0.325024437928 0.0341796875 0.049853372434
0 0.806640625 0.304007820137 0.03125 0.0371456500489
0 0.8662109375 0.276637341153 0.0234375 0.0293255131965
0 0.9072265625 0.278592375367 0.02734375 0.0410557184751
0 0.8720703125 0.369501466276 0.037109375 0.0606060606061
0 0.9736328125 0.302541544477 0.0390625 0.0576735092864
0 0.986328125 0.272238514174 0.02734375 0.049853372434
0 0.05419921875 0.248289345064 0.0224609375 0.0234604105572
