0 0.3525390625 0.431085043988 0.03125 0.039100684262
0 0.4091796875 0.451612903226 0.0234375 0.0273704789834
0 0.2744140625 0.442326490714 0.037109375 0.0439882697947
0 0.31005859375 0.437927663734 0.0205078125 0.0254154447703
0 0.244140625 0.427663734115 0.025390625 0.0283479960899
0 0.17138671875 0.430107526882 0.0302734375 0.0332355816227
0 0.09228515625 0.430107526882 0.0224609375 0.0254154447703
0 0.1357421875 0.395405669599 0.01953125 0.0283479960899
0 0.04296875 0.425219941349 0.037109375 0.0449657869013
0 0.9775390625 0.428641251222 0.033203125 0.0400782013685
0 0.95166015625 0.4403714565 0.0224609375 0.0322580645161
0 0.734375 0.445747800587 0.037109375 0.039100684262
0 0.458984375 0.412023460411 0.0625 0.0674486803519
0 0.54296875 0.449169110459 0.029296875 0.0342130987292
0 0.58203125 0.44623655914 0.025390625 0.0263929618768
0 0.630859375 0.44183773216 0.021484375 0.0215053763441
