0 0.0546875 0.215542521994 0.06640625 0.0830889540567
0 0.06591796875 0.341642228739 0.0654296875 0.0987292277615
0 0.177734375 0.24780058651 0.0625 0.0772238514174
0 0.2548828125 0.260508308895 0.0625 0.088954056696
0 0.14306640625 0.469696969697 0.0732421875 0.0869990224829
0 0.2626953125 0.372434017595 0.078125 0.0918866080156
0 0.423828125 0.306451612903 0.068359375 0.0811339198436
0 0.4677734375 0.420332355816 0.076171875 0.0938416422287
0 0.625 0.455522971652 0.072265625 0.0918866080156
0 0.5576171875 0.33431085044 0.0703125 0.0703812316716
0 0.4541015625 0.19550342131 0.076171875 0.058651026393
0 0.5390625 0.205278592375 0.0625 0.0782013685239
0 0.6845703125 0.234604105572 0.068359375 0.0821114369501
0 0.771484375 0.252688172043 0.0703125 0.0791788856305
0 0.74365234375 0.366568914956 0.0673828125 0.0840664711632
0 0.90576171875 0.282991202346 0.0654296875 0.0811339198436
0 0.8896484375 0.211143695015 0.056640625 0.0782013685239
0 0.986328125 0.201368523949 0.02734375 0.0703812316716
0 0.9765625 0.370967741935 0.046875 0.104594330401
