0 0.814453125 0.3330078125 0.025390625 0.025390625
0 0.09228515625 0.30810546875 0.0302734375 0.0244140625
0 0.142578125 0.33154296875 0.0234375 0.0263671875
0 0.2333984375 0.345703125 0.021484375 0.021484375
0 0.25732421875 0.38037109375 0.0263671875 0.0263671875
0 0.29345703125 0.34130859375 0.0244140625 0.0263671875
0 0.4921875 0.34130859375 0.0234375 0.0244140625
0 0.5498046875 0.3515625 0.037109375 0.03515625
0 0.63525390625 0.35205078125 0.0263671875 0.0205078125
0 0.67333984375 0.35546875 0.0263671875 0.02734375
0 0.748046875 0.35693359375 0.021484375 0.0205078125
