0 0.1591796875 0.60693359375 0.01953125 0.0244140625
0 0.31201171875 0.55419921875 0.0205078125 0.0283203125
0 0.30859375 0.45849609375 0.01953125 0.0244140625
0 0.39892578125 0.61376953125 0.0205078125 0.0244140625
0 0.4970703125 0.61328125 0.01953125 0.0234375
0 0.5439453125 0.548828125 0.021484375 0.025390625
0 0.443359375 0.54931640625 0.01953125 0.0244140625
0 0.93115234375 0.62109375 0.0205078125 0.025390625
0 0.873046875 0.56494140625 0.01953125 0.0244140625
0 0.59326171875 0.4462890625 0.0205078125 0.0234375
