0 0.162109375 0.427663734115 0.0234375 0.0224828934506
0 0.07373046875 0.415933528837 0.0205078125 0.0244379276637
0 0.2294921875 0.484848484848 0.01953125 0.0234604105572
0 0.1630859375 0.603616813294 0.025390625 0.0400782013685
0 0.29833984375 0.610948191593 0.0263671875 0.0332355816227
0 0.42431640625 0.584066471163 0.0224609375 0.030303030303
0 0.3779296875 0.435483870968 0.01953125 0.0244379276637
0 0.3408203125 0.500977517107 0.01953125 0.0283479960899
0 0.4794921875 0.471163245357 0.01953125 0.0254154447703
0 0.61865234375 0.481427174976 0.0205078125 0.0283479960899
0 0.494140625 0.522971652004 0.021484375 0.0273704789834
0 0.57763671875 0.598240469208 0.0244140625 0.0312805474096
0 0.5810546875 0.499022482893 0.01953125 0.0283479960899
0 0.7685546875 0.486803519062 0.021484375 0.0273704789834
0 0.658203125 0.508308895406 0.021484375 0.0273704789834
0 0.7255859375 0.608504398827 0.029296875 0.0361681329423
0 0.84619140625 0.432551319648 0.0205078125 0.0263929618768
0 0.91796875 0.443792766373 0.01953125 0.0254154447703
0 0.86572265625 0.625122189638 0.0302734375 0.0381231671554
