0 0.845703125 0.418377321603 0.072265625 0.0762463343109
0 0.7451171875 0.401759530792 0.0546875 0.0606060606061
0 0.55419921875 0.482404692082 0.0712890625 0.0733137829912
0 0.23583984375 0.479472140762 0.0751953125 0.0811339198436
0 0.046875 0.476539589443 0.056640625 0.069403714565
0 0.08056640625 0.453079178886 0.0478515625 0.0615835777126
0 0.30859375 0.464320625611 0.0546875 0.0645161290323
0 0.4716796875 0.426197458456 0.0390625 0.0430107526882
0 0.44775390625 0.418377321603 0.0341796875 0.0410557184751
0 0.39306640625 0.423753665689 0.0283203125 0.0322580645161
0 0.11865234375 0.442815249267 0.0419921875 0.0469208211144
0 0.14794921875 0.406158357771 0.0205078125 0.0263929618768
0 0.65185546875 0.411045943304 0.0400390625 0.0420332355816
0 0.67041015625 0.403225806452 0.0341796875 0.0478983382209
0 0.94140625 0.44623655914 0.046875 0.0576735092864
0 0.90673828125 0.387585532747 0.0263671875 0.0342130987292
0 0.94091796875 0.376832844575 0.0224609375 0.030303030303
