0 0.3193359375 0.39892578125 0.03515625 0.0400390625
0 0.353515625 0.39892578125 0.037109375 0.0498046875
0 0.37939453125 0.39404296875 0.0439453125 0.0537109375
0 0.4287109375 0.39111328125 0.05078125 0.0556640625
0 0.47216796875 0.3828125 0.0517578125 0.060546875
0 0.60302734375 0.39453125 0.0380859375 0.048828125
0 0.54248046875 0.36767578125 0.0634765625 0.0791015625
0 0.646484375 0.353515625 0.0703125 0.083984375
0 0.73095703125 0.328125 0.0869140625 0.10546875
0 0.8544921875 0.38525390625 0.05078125 0.0654296875
0 0.9443359375 0.4267578125 0.0390625 0.046875
0 0.97412109375 0.38916015625 0.0517578125 0.0791015625
