0 0.06884765625 0.3701171875 0.0361328125 0.03515625
0 0.13720703125 0.361328125 0.0263671875 0.033203125
0 0.232421875 0.36669921875 0.021484375 0.0224609375
0 0.2578125 0.38134765625 0.021484375 0.0283203125
0 0.32470703125 0.38232421875 0.0341796875 0.0419921875
0 0.4462890625 0.3603515625 0.021484375 0.029296875
0 0.52880859375 0.39453125 0.0205078125 0.0234375
0 0.48046875 0.4228515625 0.0234375 0.029296875
0 0.6943359375 0.38720703125 0.01953125 0.0263671875
0 0.76416015625 0.42919921875 0.0478515625 0.0595703125
0 0.91064453125 0.4423828125 0.0478515625 0.052734375
0 0.63623046875 0.39990234375 0.0244140625 0.0361328125
0 0.93994140625 0.392578125 0.0205078125 0.03515625
