0 0.293299620733 0.19216182048 0.149178255373 0.173198482933
0 0.490518331226 0.152022756005 0.113780025284 0.143489254109
0 0.219658659924 0.364412136536 0.0183312262958 0.0221238938053
0 0.481036662453 0.532553729456 0.0733249051833 0.082806573957
0 0.606194690265 0.438685208597 0.078381795196 0.0935524652339
0 0.664348925411 0.400442477876 0.0745891276865 0.0929203539823
0 0.751896333755 0.384007585335 0.0752212389381 0.110619469027
0 0.665613147914 0.574589127686 0.0164348925411 0.0240202275601
0 0.734513274336 0.593236409608 0.0176991150442 0.0259165613148
0 0.211757269279 0.825537294564 0.0164348925411 0.0265486725664
0 0.27781289507 0.838495575221 0.0170670037927 0.0233881163085
0 0.355562579014 0.847029077118 0.0221238938053 0.031605562579
0 0.390960809102 0.808786346397 0.019595448799 0.0233881163085
0 0.488305941846 0.826169405815 0.0158027812895 0.0252844500632
0 0.513590391909 0.844816687737 0.0132743362832 0.019595448799
0 0.547724399494 0.846396965866 0.0170670037927 0.0252844500632
0 0.597977243995 0.818268015171 0.0139064475348 0.0208596713021
0 0.630530973451 0.84608091024 0.0158027812895 0.0221238938053
0 0.709228824273 0.84608091024 0.0151706700379 0.0246523388116
0 0.758217446271 0.847345132743 0.0132743362832 0.0221238938053
0 0.77402022756 0.820164348925 0.0170670037927 0.0259165613148
