0 0.243026499303 0.774407252441 0.057880055788 0.0732217573222
0 0.462691771269 0.652719665272 0.0258019525802 0.0264993026499
0 0.675732217573 0.638423988842 0.0390516039052 0.0620641562064
0 0.454672245467 0.499651324965 0.202231520223 0.243375174338
0 0.729079497908 0.360529986053 0.0425383542538 0.0627615062762
0 0.801255230126 0.0665969316597 0.0460251046025 0.0620641562064
0 0.695606694561 0.0233612273361 0.0216178521618 0.0285913528591
0 0.534867503487 0.0460251046025 0.0181311018131 0.0223152022315
0 0.446652719665 0.145048814505 0.0160390516039 0.0209205020921
0 0.388423988842 0.13040446304 0.0195258019526 0.0251046025105
0 0.358786610879 0.128312412831 0.0146443514644 0.0195258019526
0 0.309623430962 0.124476987448 0.0167364016736 0.0230125523013
0 0.269874476987 0.128312412831 0.0153417015342 0.0181311018131
0 0.210948396095 0.132845188285 0.0188284518828 0.0216178521618
0 0.173988842399 0.130753138075 0.0160390516039 0.0188284518828
0 0.165271966527 0.142608089261 0.0139470013947 0.0146443514644
