0 0.45263671875 0.590420332356 0.0322265625 0.058651026393
0 0.23974609375 0.539589442815 0.0361328125 0.0606060606061
0 0.08203125 0.599217986315 0.041015625 0.0566959921799
0 0.2705078125 0.483870967742 0.03125 0.0547409579668
0 0.38037109375 0.444281524927 0.0263671875 0.0576735092864
0 0.208984375 0.423753665689 0.037109375 0.0459433040078
0 0.0830078125 0.461876832845 0.041015625 0.0518084066471
0 0.39013671875 0.357771260997 0.0322265625 0.0547409579668
0 0.42138671875 0.306451612903 0.0263671875 0.0439882697947
0 0.41015625 0.255620723363 0.033203125 0.0439882697947
0 0.27685546875 0.248289345064 0.0263671875 0.0430107526882
0 0.22900390625 0.277126099707 0.0361328125 0.0518084066471
0 0.08642578125 0.363147605083 0.0380859375 0.0518084066471
0 0.06005859375 0.282991202346 0.0361328125 0.0420332355816
0 0.1337890625 0.2238514174 0.033203125 0.0469208211144
0 0.30517578125 0.19257086999 0.0224609375 0.0332355816227
0 0.91796875 0.597751710655 0.033203125 0.0557184750733
0 0.78662109375 0.558651026393 0.0419921875 0.0557184750733
0 0.57080078125 0.590909090909 0.0244140625 0.0537634408602
0 0.90087890625 0.458455522972 0.0419921875 0.0527859237537
0 0.75390625 0.452101661779 0.037109375 0.0459433040078
0 0.5693359375 0.473607038123 0.03515625 0.0478983382209
0 0.58740234375 0.366568914956 0.0322265625 0.0469208211144
0 0.7705078125 0.382209188661 0.03125 0.039100684262
0 0.75244140625 0.360703812317 0.0322265625 0.039100684262
0 0.9130859375 0.351417399804 0.037109375 0.049853372434
0 0.89013671875 0.374389051808 0.0244140625 0.039100684262
0 0.92578125 0.282991202346 0.025390625 0.0381231671554
0 0.8212890625 0.287878787879 0.029296875 0.0361681329423
0 0.724609375 0.239002932551 0.03125 0.0459433040078
0 0.60888671875 0.247311827957 0.0283203125 0.039100684262
0 0.54638671875 0.254154447703 0.0205078125 0.0410557184751
0 0.7626953125 0.203812316716 0.029296875 0.0400782013685
0 0.66796875 0.189638318671 0.0234375 0.0371456500489
0 0.57177734375 0.330400782014 0.0322265625 0.0449657869013
