0 0.0263671875 0.483382209189 0.046875 0.0674486803519
0 0.01025390625 0.566471163245 0.0205078125 0.0674486803519
0 0.07861328125 0.575268817204 0.0576171875 0.0791788856305
0 0.17431640625 0.580156402737 0.0517578125 0.0654936461388
0 0.21875 0.616324535679 0.05859375 0.0811339198436
0 0.45458984375 0.601661779081 0.0341796875 0.0811339198436
0 0.59423828125 0.394428152493 0.0458984375 0.0791788856305
0 0.6533203125 0.418377321603 0.05859375 0.0703812316716
0 0.72705078125 0.413978494624 0.0576171875 0.0635386119257
0 0.861328125 0.389051808407 0.056640625 0.080156402737
0 0.9375 0.387096774194 0.05859375 0.0762463343109
0 0.93017578125 0.325024437928 0.0498046875 0.0615835777126
0 0.32568359375 0.387096774194 0.0458984375 0.0625610948192
0 0.4541015625 0.279569892473 0.072265625 0.080156402737
0 0.43408203125 0.494134897361 0.0341796875 0.0772238514174
