0 0.342704149933 0.0357859531773 0.0254350736278 0.0314381270903
0 0.322289156627 0.0846153846154 0.0341365461847 0.0448160535117
0 0.271084337349 0.161872909699 0.0508701472557 0.0709030100334
0 0.503681392236 0.0923076923077 0.078313253012 0.103010033445
0 0.638888888889 0.085618729097 0.0729585006693 0.0976588628763
0 0.50702811245 0.379264214047 0.0622489959839 0.0735785953177
0 0.583668005355 0.391304347826 0.041499330656 0.0655518394649
0 0.329986613119 0.503344481605 0.0267737617135 0.0715719063545
0 0.432396251673 0.754849498328 0.0307898259705 0.0408026755853
0 0.269410977242 0.808361204013 0.0194109772423 0.0274247491639
0 0.286479250335 0.798327759197 0.0133868808568 0.019397993311
0 0.325970548862 0.781605351171 0.0174029451138 0.0234113712375
0 0.61546184739 0.79397993311 0.0194109772423 0.0347826086957
0 0.725568942436 0.772575250836 0.0227576974565 0.0414715719064
0 0.786144578313 0.796989966555 0.0381526104418 0.0394648829431
0 0.743641231593 0.186287625418 0.0575635876841 0.0795986622074
0 0.824966532798 0.129431438127 0.0341365461847 0.0742474916388
0 0.36311914324 0.604013377926 0.0461847389558 0.0521739130435
0 0.444444444444 0.578260869565 0.041499330656 0.0555183946488
0 0.662985274431 0.796989966555 0.020749665328 0.0367892976589
0 0.645917001339 0.827424749164 0.0240963855422 0.0321070234114
0 0.195448460509 0.804682274247 0.0200803212851 0.0280936454849
0 0.237951807229 0.832441471572 0.0153949129853 0.0354515050167
0 0.460843373494 0.0341137123746 0.0475234270415 0.0615384615385
0 0.525100401606 0.785953177258 0.020749665328 0.0280936454849
0 0.493641231593 0.783946488294 0.0261044176707 0.0334448160535
0 0.831994645248 0.790969899666 0.0214190093708 0.0274247491639
