0 0.2734375 0.714565004888 0.029296875 0.0332355816227
0 0.0927734375 0.627565982405 0.02734375 0.0312805474096
0 0.2255859375 0.479960899316 0.0234375 0.0254154447703
0 0.2880859375 0.499511241447 0.02734375 0.0371456500489
0 0.4873046875 0.442815249267 0.0234375 0.0254154447703
0 0.57421875 0.438905180841 0.0234375 0.0273704789834
0 0.6611328125 0.487781036168 0.0234375 0.0332355816227
0 0.67236328125 0.448680351906 0.0205078125 0.0215053763441
0 0.75439453125 0.456989247312 0.0263671875 0.0342130987292
0 0.8173828125 0.46871945259 0.0234375 0.0283479960899
0 0.396484375 0.434506353861 0.02734375 0.030303030303
