0 0.18505859375 0.425219941349 0.0224609375 0.0254154447703
0 0.3056640625 0.399804496579 0.025390625 0.0312805474096
0 0.35595703125 0.41642228739 0.0224609375 0.0254154447703
0 0.427734375 0.398338220919 0.029296875 0.0400782013685
0 0.498046875 0.397849462366 0.021484375 0.0293255131965
0 0.53515625 0.394428152493 0.025390625 0.0361681329423
0 0.64013671875 0.401759530792 0.0263671875 0.0332355816227
0 0.7138671875 0.41495601173 0.0234375 0.0322580645161
0 0.87060546875 0.377321603128 0.0263671875 0.0351906158358
0 0.78759765625 0.369012707722 0.0283203125 0.0381231671554
