0 0.10498046875 0.43896484375 0.0322265625 0.0400390625
0 0.1767578125 0.4091796875 0.037109375 0.05078125
0 0.24267578125 0.4091796875 0.0283203125 0.03515625
0 0.296875 0.4228515625 0.0390625 0.05078125
0 0.02197265625 0.43017578125 0.0361328125 0.0419921875
0 0.46484375 0.42041015625 0.041015625 0.0478515625
0 0.5625 0.41455078125 0.029296875 0.0341796875
0 0.61083984375 0.3955078125 0.0419921875 0.05078125
0 0.65576171875 0.37451171875 0.0498046875 0.0458984375
0 0.736328125 0.4052734375 0.033203125 0.037109375
0 0.77294921875 0.40869140625 0.0244140625 0.0283203125
0 0.80908203125 0.4150390625 0.0224609375 0.02734375
0 0.77734375 0.4521484375 0.046875 0.0546875
0 0.83447265625 0.43359375 0.0380859375 0.04296875
0 0.9072265625 0.4384765625 0.02734375 0.029296875
0 0.97509765625 0.43310546875 0.0498046875 0.0634765625
0 0.15234375 0.45849609375 0.025390625 0.0341796875
