0 0.091796875 0.856304985337 0.0234375 0.0312805474096
0 0.30712890625 0.836265884653 0.0205078125 0.0244379276637
0 0.52685546875 0.839687194526 0.0283203125 0.0449657869013
0 0.587890625 0.813294232649 0.021484375 0.0293255131965
0 0.625 0.848973607038 0.033203125 0.049853372434
0 0.669921875 0.833822091887 0.021484375 0.0293255131965
0 0.708984375 0.826490713587 0.01953125 0.0283479960899
0 0.75537109375 0.864613880743 0.0244140625 0.0224828934506
0 0.85546875 0.849462365591 0.029296875 0.0371456500489
0 0.51611328125 0.815738025415 0.0224609375 0.030303030303
0 0.98486328125 0.852883675464 0.0302734375 0.0459433040078
