0 0.19677734375 0.428641251222 0.0302734375 0.0459433040078
0 0.12890625 0.409090909091 0.025390625 0.0322580645161
0 0.318359375 0.309872922776 0.01953125 0.0215053763441
0 0.22412109375 0.369501466276 0.0224609375 0.0293255131965
0 0.318359375 0.362170087977 0.01953125 0.0263929618768
0 0.521484375 0.453079178886 0.03125 0.0400782013685
0 0.41259765625 0.398338220919 0.0263671875 0.0361681329423
0 0.443359375 0.384164222874 0.01953125 0.0273704789834
0 0.646484375 0.377810361681 0.021484375 0.030303030303
0 0.67236328125 0.329423264907 0.0205078125 0.0254154447703
0 0.76220703125 0.44477028348 0.0302734375 0.039100684262
0 0.89892578125 0.290322580645 0.0205078125 0.0254154447703
0 0.9375 0.317693059629 0.01953125 0.0254154447703
0 0.89404296875 0.3880742913 0.0224609375 0.0273704789834
0 0.98828125 0.410557184751 0.0234375 0.0351906158358
0 0.47998046875 0.317693059629 0.0205078125 0.0293255131965
