0 0.833984375 0.47458455523 0.0234375 0.0263929618768
0 0.779296875 0.474095796676 0.021484375 0.0234604105572
0 0.71875 0.444281524927 0.025390625 0.0263929618768
0 0.6181640625 0.463343108504 0.01953125 0.0234604105572
0 0.5107421875 0.47165200391 0.021484375 0.0244379276637
0 0.4501953125 0.465786901271 0.0234375 0.0244379276637
0 0.35498046875 0.4477028348 0.0263671875 0.0273704789834
0 0.30908203125 0.460410557185 0.0224609375 0.0254154447703
0 0.26123046875 0.458944281525 0.0263671875 0.0322580645161
0 0.22314453125 0.463831867058 0.0244140625 0.0263929618768
