0 0.93359375 0.374389051808 0.0390625 0.0508308895406
0 0.900390625 0.229716520039 0.046875 0.0566959921799
0 0.80712890625 0.323069403715 0.0498046875 0.049853372434
0 0.658203125 0.38514173998 0.048828125 0.0488758553275
0 0.52490234375 0.307917888563 0.0478515625 0.0547409579668
0 0.4208984375 0.291788856305 0.052734375 0.049853372434
0 0.29345703125 0.289345063539 0.0478515625 0.0606060606061
0 0.42919921875 0.218475073314 0.0478515625 0.049853372434
0 0.146484375 0.295210166178 0.046875 0.0508308895406
0 0.083984375 0.343597262952 0.048828125 0.0557184750733
