0 0.19580078125 0.578125 0.0439453125 0.056640625
0 0.30029296875 0.4453125 0.0263671875 0.03515625
0 0.34130859375 0.53564453125 0.0576171875 0.0810546875
0 0.39990234375 0.45361328125 0.0263671875 0.0302734375
0 0.52099609375 0.4541015625 0.0205078125 0.0234375
0 0.56591796875 0.46826171875 0.0224609375 0.0263671875
0 0.64404296875 0.52197265625 0.0263671875 0.0341796875
0 0.64501953125 0.4609375 0.0244140625 0.03515625
0 0.71728515625 0.43359375 0.0771484375 0.076171875
0 0.962890625 0.47998046875 0.01953125 0.0283203125
