0 0.131622516556 0.176738410596 0.0165562913907 0.0190397350993
0 0.534354304636 0.277731788079 0.0190397350993 0.0240066225166
0 0.671357615894 0.264072847682 0.0165562913907 0.0215231788079
0 0.886589403974 0.283940397351 0.0165562913907 0.0198675496689
0 0.150248344371 0.912251655629 0.0240066225166 0.0281456953642
0 0.267798013245 0.912251655629 0.0240066225166 0.0281456953642
0 0.389072847682 0.91142384106 0.023178807947 0.0314569536424
0 0.528145695364 0.91142384106 0.023178807947 0.0281456953642
0 0.648592715232 0.904387417219 0.0223509933775 0.0322847682119
0 0.79428807947 0.907698675497 0.0223509933775 0.0256622516556
