0 0.51123046875 0.42041015625 0.0244140625 0.0244140625
0 0.6455078125 0.44140625 0.0234375 0.02734375
0 0.6953125 0.44287109375 0.025390625 0.0302734375
0 0.74853515625 0.455078125 0.0263671875 0.029296875
0 0.80908203125 0.46728515625 0.0302734375 0.0322265625
0 0.94384765625 0.4775390625 0.0322265625 0.03515625
0 0.54736328125 0.42724609375 0.0224609375 0.0205078125
0 0.1064453125 0.4423828125 0.01953125 0.0234375
0 0.1240234375 0.421875 0.0234375 0.025390625
0 0.1416015625 0.42919921875 0.021484375 0.0283203125
0 0.162109375 0.44189453125 0.021484375 0.0283203125
0 0.197265625 0.4482421875 0.0234375 0.02734375
0 0.23046875 0.45556640625 0.025390625 0.0283203125
0 0.26416015625 0.45947265625 0.0263671875 0.0283203125
0 0.31298828125 0.4736328125 0.0302734375 0.03125
0 0.302734375 0.41650390625 0.01953125 0.0244140625
0 0.34521484375 0.4248046875 0.0205078125 0.025390625
0 0.3876953125 0.4326171875 0.0234375 0.0234375
0 0.43017578125 0.439453125 0.0244140625 0.02734375
0 0.46826171875 0.4453125 0.0244140625 0.029296875
0 0.50341796875 0.45703125 0.0244140625 0.033203125
0 0.55908203125 0.4599609375 0.0283203125 0.03515625
