0 0.07861328125 0.490234375 0.1298828125 0.19140625
0 0.15380859375 0.58642578125 0.0947265625 0.1513671875
0 0.17822265625 0.52734375 0.0419921875 0.080078125
0 0.22216796875 0.484375 0.0341796875 0.060546875
0 0.27294921875 0.47802734375 0.0341796875 0.0537109375
0 0.306640625 0.43505859375 0.03515625 0.0458984375
0 0.3232421875 0.44287109375 0.02734375 0.0419921875
0 0.39501953125 0.43896484375 0.0263671875 0.0380859375
0 0.44091796875 0.42333984375 0.0244140625 0.0361328125
0 0.48046875 0.44677734375 0.021484375 0.0302734375
0 0.5263671875 0.43408203125 0.01953125 0.0283203125
0 0.576171875 0.4287109375 0.01953125 0.02734375
0 0.63623046875 0.42529296875 0.0224609375 0.0244140625
0 0.7021484375 0.43603515625 0.021484375 0.0244140625
0 0.822265625 0.4306640625 0.01953125 0.0234375
0 0.1220703125 0.46142578125 0.056640625 0.1025390625
