0 0.8916015625 0.34521484375 0.03515625 0.0419921875
0 0.873046875 0.4599609375 0.037109375 0.041015625
0 0.779296875 0.37841796875 0.03515625 0.0380859375
0 0.8046875 0.255859375 0.037109375 0.0390625
0 0.697265625 0.3134765625 0.03515625 0.044921875
0 0.6162109375 0.3603515625 0.03515625 0.041015625
0 0.67138671875 0.451171875 0.0419921875 0.05078125
0 0.55712890625 0.27001953125 0.0341796875 0.0439453125
0 0.4326171875 0.27294921875 0.03515625 0.0419921875
0 0.49658203125 0.39013671875 0.0361328125 0.0439453125
0 0.3759765625 0.37255859375 0.03515625 0.0458984375
0 0.2861328125 0.3193359375 0.03125 0.041015625
0 0.20458984375 0.38330078125 0.0380859375 0.0419921875
0 0.17578125 0.265625 0.037109375 0.041015625
0 0.10595703125 0.37109375 0.0361328125 0.04296875
0 0.13037109375 0.47265625 0.0322265625 0.03515625
0 0.32275390625 0.44775390625 0.0400390625 0.0439453125
