0 0.35546875 0.6025390625 0.06640625 0.083984375
0 0.21240234375 0.54248046875 0.0537109375 0.0673828125
0 0.11962890625 0.705078125 0.0595703125 0.07421875
0 0.1171875 0.56640625 0.03125 0.037109375
0 0.076171875 0.4951171875 0.029296875 0.037109375
0 0.11279296875 0.4609375 0.0302734375 0.0390625
0 0.056640625 0.462890625 0.0234375 0.02734375
0 0.3583984375 0.5107421875 0.033203125 0.037109375
0 0.31201171875 0.50244140625 0.0224609375 0.0283203125
0 0.2880859375 0.46875 0.0234375 0.029296875
0 0.21533203125 0.47607421875 0.0244140625 0.0302734375
0 0.1962890625 0.44140625 0.0234375 0.029296875
0 0.25830078125 0.4462890625 0.0205078125 0.029296875
0 0.3544921875 0.44775390625 0.021484375 0.0244140625
0 0.38623046875 0.48876953125 0.0244140625 0.0322265625
0 0.423828125 0.41455078125 0.021484375 0.0283203125
0 0.541015625 0.4169921875 0.0234375 0.033203125
0 0.5673828125 0.44189453125 0.02734375 0.0380859375
0 0.498046875 0.447265625 0.02734375 0.041015625
0 0.47900390625 0.4404296875 0.0224609375 0.03515625
0 0.54736328125 0.48193359375 0.0302734375 0.0283203125
0 0.62548828125 0.42626953125 0.0283203125 0.0380859375
0 0.66259765625 0.44677734375 0.0322265625 0.0439453125
0 0.75048828125 0.43896484375 0.0224609375 0.0341796875
0 0.72900390625 0.48291015625 0.0361328125 0.0458984375
0 0.77880859375 0.443359375 0.0341796875 0.048828125
0 0.81005859375 0.42236328125 0.0244140625 0.0302734375
0 0.80078125 0.46337890625 0.046875 0.0498046875
0 0.66259765625 0.7314453125 0.0712890625 0.099609375
0 0.87451171875 0.71826171875 0.0830078125 0.1279296875
0 0.84619140625 0.431640625 0.0361328125 0.052734375
0 0.9130859375 0.4404296875 0.025390625 0.029296875
0 0.982421875 0.4501953125 0.01953125 0.03515625
0 0.7890625 0.548828125 0.060546875 0.08203125
0 0.6748046875 0.60009765625 0.0390625 0.0498046875
0 0.7255859375 0.5625 0.037109375 0.046875
0 0.56591796875 0.68701171875 0.0537109375 0.0537109375
0 0.4287109375 0.53759765625 0.029296875 0.0322265625
0 0.04931640625 0.599609375 0.0537109375 0.056640625
0 0.0107421875 0.5390625 0.021484375 0.0546875
