0 0.2529296875 0.4677734375 0.0234375 0.025390625
0 0.19921875 0.482421875 0.0234375 0.025390625
0 0.15087890625 0.4814453125 0.0224609375 0.025390625
0 0.28271484375 0.48193359375 0.0205078125 0.0244140625
0 0.3173828125 0.48681640625 0.021484375 0.0244140625
0 0.36376953125 0.4814453125 0.0224609375 0.0234375
0 0.39453125 0.4873046875 0.021484375 0.0234375
0 0.4228515625 0.4794921875 0.025390625 0.0234375
0 0.44482421875 0.48388671875 0.0205078125 0.0224609375
0 0.46826171875 0.48583984375 0.0205078125 0.0244140625
0 0.5283203125 0.48193359375 0.021484375 0.0224609375
0 0.572265625 0.49951171875 0.021484375 0.0224609375
0 0.607421875 0.48046875 0.021484375 0.0234375
0 0.6884765625 0.47509765625 0.0234375 0.0263671875
0 0.73046875 0.435546875 0.03125 0.033203125
0 0.80322265625 0.4462890625 0.0283203125 0.029296875
