0 0.276410998553 0.649313087491 0.0202604920405 0.0216919739696
0 0.630969609262 0.745480838756 0.0202604920405 0.0216919739696
0 0.709479015919 0.72885032538 0.020984081042 0.0289226319595
0 0.751085383502 0.711496746204 0.0188133140376 0.0216919739696
0 0.686324167873 0.610629067245 0.0238784370478 0.0296456977585
0 0.782923299566 0.704989154013 0.0289435600579 0.0245842371656
0 0.772793053546 0.322848879248 0.0535455861071 0.0947216196674
0 0.528581765557 0.434562545192 0.048480463097 0.0694143167028
0 0.477206946454 0.494215473608 0.0412445730825 0.0498915401302
0 0.331765557164 0.531814895155 0.034008683068 0.0441070137383
