0 0.9375 0.412512218964 0.04296875 0.0469208211144
0 0.89501953125 0.41495601173 0.0361328125 0.0381231671554
0 0.8212890625 0.410557184751 0.037109375 0.0410557184751
0 0.7529296875 0.415933528837 0.041015625 0.0420332355816
0 0.71923828125 0.41642228739 0.0361328125 0.039100684262
0 0.65185546875 0.412512218964 0.0361328125 0.0371456500489
0 0.57421875 0.418866080156 0.0390625 0.0420332355816
0 0.47705078125 0.411534701857 0.0341796875 0.039100684262
0 0.39111328125 0.413000977517 0.0478515625 0.0400782013685
0 0.3125 0.421798631476 0.037109375 0.0400782013685
0 0.23681640625 0.413978494624 0.0419921875 0.0439882697947
0 0.146484375 0.427663734115 0.037109375 0.0381231671554
0 0.0947265625 0.41642228739 0.02734375 0.0332355816227
0 0.0400390625 0.41348973607 0.04296875 0.0449657869013
0 0.25341796875 0.424242424242 0.0205078125 0.0273704789834
0 0.419921875 0.418866080156 0.025390625 0.0381231671554
0 0.3583984375 0.424242424242 0.037109375 0.0371456500489
0 0.19140625 0.426686217009 0.04296875 0.0400782013685
0 0.51513671875 0.41788856305 0.0361328125 0.0342130987292
