0 0.5068359375 0.414467253177 0.033203125 0.0332355816227
0 0.41748046875 0.391495601173 0.0302734375 0.030303030303
0 0.33056640625 0.415933528837 0.0302734375 0.030303030303
0 0.27197265625 0.397360703812 0.0322265625 0.0322580645161
0 0.19287109375 0.412512218964 0.0322265625 0.0332355816227
0 0.1220703125 0.403225806452 0.033203125 0.0361681329423
0 0.05615234375 0.424731182796 0.0263671875 0.030303030303
0 0.40087890625 0.351906158358 0.0205078125 0.0215053763441
0 0.615234375 0.373900293255 0.033203125 0.0381231671554
0 0.7939453125 0.398338220919 0.02734375 0.0342130987292
