0 0.375 0.45361328125 0.02734375 0.0380859375
0 0.31591796875 0.42578125 0.0224609375 0.03125
0 0.27880859375 0.39208984375 0.0224609375 0.0283203125
0 0.36181640625 0.322265625 0.0224609375 0.03125
0 0.40234375 0.3798828125 0.02734375 0.03125
0 0.44921875 0.4267578125 0.025390625 0.03125
0 0.45068359375 0.3427734375 0.0224609375 0.03125
0 0.54248046875 0.3505859375 0.0205078125 0.03125
0 0.5595703125 0.42822265625 0.02734375 0.0341796875
0 0.63134765625 0.447265625 0.0263671875 0.03515625
0 0.61669921875 0.37646484375 0.0244140625 0.0302734375
0 0.64306640625 0.3291015625 0.0205078125 0.025390625
0 0.68896484375 0.4189453125 0.0263671875 0.03515625
0 0.71630859375 0.37939453125 0.0205078125 0.0302734375
