0 0.14990234375 0.3984375 0.0400390625 0.05078125
0 0.19091796875 0.39111328125 0.0224609375 0.0322265625
0 0.21875 0.42041015625 0.021484375 0.0322265625
0 0.29345703125 0.40478515625 0.0263671875 0.0341796875
0 0.3310546875 0.39794921875 0.033203125 0.0322265625
0 0.328125 0.44677734375 0.033203125 0.0439453125
0 0.408203125 0.43359375 0.03515625 0.05859375
0 0.50439453125 0.39599609375 0.0302734375 0.0361328125
0 0.53759765625 0.41552734375 0.0224609375 0.0224609375
0 0.5634765625 0.40625 0.041015625 0.05078125
0 0.64794921875 0.400390625 0.0205078125 0.03125
0 0.70068359375 0.43505859375 0.0537109375 0.0732421875
0 0.80126953125 0.39111328125 0.0244140625 0.0302734375
0 0.8212890625 0.43505859375 0.0234375 0.0439453125
0 0.86328125 0.39697265625 0.01953125 0.0263671875
0 0.86572265625 0.43896484375 0.0322265625 0.0380859375
0 0.91650390625 0.3896484375 0.0224609375 0.021484375
0 0.96435546875 0.4111328125 0.0224609375 0.021484375
0 0.9599609375 0.5849609375 0.080078125 0.12890625
0 0.4970703125 0.75830078125 0.04296875 0.0458984375
0 0.7255859375 0.8359375 0.091796875 0.076171875
0 0.130859375 0.3974609375 0.0234375 0.033203125
0 0.37060546875 0.30908203125 0.0224609375 0.0322265625
0 0.3984375 0.30126953125 0.0234375 0.0302734375
0 0.01318359375 0.3896484375 0.0205078125 0.0234375
