0 0.1015625 0.772238514174 0.0234375 0.0293255131965
0 0.125 0.74633431085 0.01953125 0.0244379276637
0 0.142578125 0.788367546432 0.021484375 0.0205278592375
0 0.1826171875 0.780058651026 0.021484375 0.0293255131965
0 0.16845703125 0.688172043011 0.0205078125 0.0254154447703
0 0.1044921875 0.695014662757 0.01953125 0.0273704789834
0 0.0576171875 0.722873900293 0.021484375 0.0283479960899
0 0.0146484375 0.741935483871 0.0234375 0.0273704789834
0 0.0927734375 0.641251221896 0.021484375 0.0234604105572
0 0.9814453125 0.656402737048 0.01953125 0.0224828934506
0 0.9072265625 0.674975562072 0.021484375 0.0244379276637
0 0.4208984375 0.620723362659 0.01953125 0.0215053763441
0 0.71875 0.631964809384 0.01953125 0.0205278592375
0 0.4013671875 0.704301075269 0.01953125 0.0263929618768
0 0.39013671875 0.724340175953 0.0205078125 0.0234604105572
0 0.3310546875 0.742913000978 0.021484375 0.0254154447703
0 0.35986328125 0.757575757576 0.0205078125 0.0254154447703
0 0.3232421875 0.729227761486 0.01953125 0.0273704789834
0 0.2880859375 0.786901270772 0.01953125 0.0234604105572
0 0.4287109375 0.788856304985 0.01953125 0.019550342131
0 0.4365234375 0.744379276637 0.01953125 0.0205278592375
0 0.87548828125 0.760019550342 0.0205078125 0.0244379276637
0 0.865234375 0.77761485826 0.01953125 0.030303030303
0 0.9189453125 0.707722385142 0.01953125 0.0273704789834
0 0.9462890625 0.760019550342 0.021484375 0.0283479960899
0 0.96533203125 0.732649071359 0.0205078125 0.0224828934506
0 0.93994140625 0.789833822092 0.0224609375 0.019550342131
0 0.56640625 0.722873900293 0.01953125 0.0205278592375
0 0.5966796875 0.786901270772 0.01953125 0.0234604105572
0 0.6015625 0.683284457478 0.01953125 0.0234604105572
0 0.708984375 0.671065493646 0.01953125 0.0283479960899
0 0.73681640625 0.704301075269 0.0205078125 0.0244379276637
0 0.81201171875 0.703812316716 0.0205078125 0.0293255131965
0 0.82958984375 0.742913000978 0.0205078125 0.0273704789834
0 0.75146484375 0.7761485826 0.0224609375 0.0234604105572
0 0.68359375 0.787390029326 0.021484375 0.0224828934506
0 0.869140625 0.706744868035 0.01953125 0.0273704789834
