0 0.03466796875 0.40283203125 0.0400390625 0.0498046875
0 0.11865234375 0.31591796875 0.0322265625 0.0380859375
0 0.13818359375 0.36865234375 0.0361328125 0.0458984375
0 0.24169921875 0.3720703125 0.0341796875 0.041015625
0 0.30908203125 0.31396484375 0.0302734375 0.0361328125
0 0.31982421875 0.35986328125 0.0322265625 0.0380859375
0 0.38134765625 0.353515625 0.0322265625 0.044921875
0 0.45166015625 0.34033203125 0.0244140625 0.0400390625
0 0.4814453125 0.35546875 0.033203125 0.05078125
0 0.5224609375 0.32421875 0.0234375 0.021484375
0 0.623046875 0.35498046875 0.037109375 0.0478515625
0 0.82421875 0.35009765625 0.029296875 0.0400390625
0 0.7880859375 0.38330078125 0.044921875 0.0576171875
0 0.97021484375 0.34375 0.0498046875 0.0625
