0 0.2783203125 0.289345063539 0.037109375 0.0410557184751
0 0.2177734375 0.277126099707 0.03125 0.0381231671554
0 0.25927734375 0.261974584555 0.0224609375 0.0293255131965
0 0.1416015625 0.357771260997 0.01953125 0.0254154447703
0 0.4375 0.324046920821 0.078125 0.0850439882698
0 0.50927734375 0.327956989247 0.0263671875 0.030303030303
0 0.630859375 0.339687194526 0.0234375 0.0283479960899
0 0.68359375 0.295698924731 0.0546875 0.0674486803519
0 0.94091796875 0.348484848485 0.0595703125 0.0752688172043
0 0.7763671875 0.324046920821 0.02734375 0.0361681329423
