0 0.2314453125 0.3115234375 0.033203125 0.041015625
0 0.16162109375 0.3203125 0.0302734375 0.03515625
0 0.1025390625 0.31884765625 0.021484375 0.0283203125
0 0.12890625 0.33642578125 0.0234375 0.0341796875
0 0.30322265625 0.47998046875 0.0205078125 0.0205078125
0 0.58056640625 0.33447265625 0.0302734375 0.0341796875
0 0.470703125 0.333984375 0.029296875 0.033203125
0 0.3935546875 0.3544921875 0.021484375 0.02734375
0 0.40625 0.3603515625 0.0234375 0.02734375
0 0.6650390625 0.35693359375 0.0234375 0.0283203125
0 0.7392578125 0.359375 0.02734375 0.03125
0 0.94921875 0.32763671875 0.029296875 0.0380859375
0 0.8232421875 0.35693359375 0.025390625 0.0322265625
