0 0.884765625 0.380254154448 0.025390625 0.0332355816227
0 0.8046875 0.414467253177 0.0234375 0.0293255131965
0 0.7568359375 0.416911045943 0.025390625 0.030303030303
0 0.6416015625 0.377810361681 0.025390625 0.0283479960899
0 0.5595703125 0.394428152493 0.025390625 0.0342130987292
0 0.470703125 0.39247311828 0.02734375 0.0342130987292
0 0.3720703125 0.421309872923 0.025390625 0.0312805474096
0 0.5771484375 0.400293255132 0.01953125 0.0244379276637
0 0.24462890625 0.474095796676 0.0478515625 0.0488758553275
0 0.24951171875 0.355816226784 0.0380859375 0.0469208211144
0 0.09423828125 0.38514173998 0.0419921875 0.0469208211144
0 0.2109375 0.429130009775 0.01953125 0.0215053763441
0 0.1611328125 0.41642228739 0.021484375 0.0215053763441
