0 0.306640625 0.43017578125 0.021484375 0.0244140625
0 0.720703125 0.23779296875 0.01953125 0.0224609375
0 0.638671875 0.28857421875 0.0234375 0.0244140625
0 0.8759765625 0.25048828125 0.03125 0.0439453125
0 0.98046875 0.25634765625 0.03515625 0.0263671875
0 0.94970703125 0.21484375 0.0263671875 0.03125
0 0.9462890625 0.19091796875 0.0234375 0.0263671875
0 0.431640625 0.36669921875 0.01953125 0.0283203125
0 0.439453125 0.416015625 0.0234375 0.025390625
0 0.34375 0.4140625 0.03125 0.0390625
0 0.3662109375 0.34423828125 0.0234375 0.0224609375
0 0.3916015625 0.46533203125 0.04296875 0.0439453125
0 0.27001953125 0.4228515625 0.0205078125 0.02734375
0 0.20458984375 0.44140625 0.0224609375 0.029296875
0 0.8095703125 0.3134765625 0.037109375 0.052734375
0 0.35693359375 0.470703125 0.0283203125 0.037109375
0 0.8232421875 0.3876953125 0.048828125 0.064453125
0 0.64697265625 0.4951171875 0.1455078125 0.17578125
0 0.42822265625 0.537109375 0.0634765625 0.07421875
0 0.29638671875 0.62744140625 0.1064453125 0.1259765625
0 0.166015625 0.56298828125 0.083984375 0.0986328125
0 0.06494140625 0.5126953125 0.0693359375 0.07421875
0 0.23193359375 0.373046875 0.0205078125 0.02734375
