0 0.04833984375 0.35009765625 0.0263671875 0.0341796875
0 0.14111328125 0.341796875 0.0302734375 0.033203125
0 0.16796875 0.32421875 0.02734375 0.0390625
0 0.2119140625 0.32763671875 0.01953125 0.0224609375
0 0.21826171875 0.345703125 0.0244140625 0.025390625
0 0.2705078125 0.3369140625 0.0234375 0.029296875
0 0.31396484375 0.33154296875 0.0380859375 0.0361328125
0 0.3681640625 0.32763671875 0.02734375 0.0322265625
0 0.43505859375 0.33056640625 0.0244140625 0.0380859375
0 0.51904296875 0.33740234375 0.0205078125 0.0302734375
0 0.54052734375 0.3447265625 0.0302734375 0.03515625
0 0.578125 0.33837890625 0.03515625 0.0458984375
0 0.609375 0.35693359375 0.03125 0.0341796875
0 0.64404296875 0.3251953125 0.0263671875 0.033203125
0 0.6494140625 0.361328125 0.0234375 0.029296875
0 0.7041015625 0.34765625 0.03515625 0.03515625
0 0.78369140625 0.37109375 0.0244140625 0.033203125
0 0.8271484375 0.36962890625 0.03125 0.0380859375
0 0.8515625 0.3466796875 0.02734375 0.033203125
0 0.90869140625 0.36083984375 0.0283203125 0.0322265625
0 0.90625 0.41552734375 0.03125 0.0419921875
0 0.97802734375 0.35302734375 0.0244140625 0.0380859375
