0 0.0743494423792 0.593866171004 0.0353159851301 0.0390334572491
0 0.435873605948 0.480018587361 0.0371747211896 0.0455390334572
0 0.472118959108 0.490241635688 0.0241635687732 0.0306691449814
0 0.495817843866 0.537639405204 0.0288104089219 0.0418215613383
0 0.581784386617 0.474442379182 0.0204460966543 0.0269516728625
0 0.649628252788 0.540892193309 0.0334572490706 0.0408921933086
0 0.742565055762 0.494888475836 0.0278810408922 0.0362453531599
0 0.736059479554 0.565520446097 0.0315985130112 0.0436802973978
0 0.802044609665 0.51626394052 0.0334572490706 0.0399628252788
0 0.882434944238 0.531133828996 0.0306691449814 0.0399628252788
0 0.737918215613 0.720724907063 0.0315985130112 0.0362453531599
