0 0.91259765625 0.3115234375 0.0458984375 0.05859375
0 0.865234375 0.36181640625 0.03125 0.0439453125
0 0.79052734375 0.33349609375 0.0341796875 0.0458984375
0 0.685546875 0.37890625 0.029296875 0.037109375
0 0.7353515625 0.37060546875 0.029296875 0.0361328125
0 0.70068359375 0.35986328125 0.0205078125 0.0341796875
0 0.4658203125 0.30029296875 0.041015625 0.0517578125
0 0.33544921875 0.38671875 0.0244140625 0.037109375
0 0.35595703125 0.37158203125 0.0263671875 0.0380859375
0 0.29296875 0.3330078125 0.02734375 0.03125
0 0.2265625 0.4052734375 0.02734375 0.03515625
0 0.14404296875 0.345703125 0.0224609375 0.02734375
0 0.21533203125 0.3857421875 0.0283203125 0.03515625
0 0.20068359375 0.35791015625 0.0244140625 0.0302734375
0 0.095703125 0.33984375 0.0390625 0.046875
0 0.05029296875 0.35791015625 0.0283203125 0.0302734375
0 0.03125 0.3369140625 0.025390625 0.033203125
0 0.6474609375 0.36962890625 0.02734375 0.0302734375
0 0.6201171875 0.33935546875 0.025390625 0.0302734375
0 0.95654296875 0.35302734375 0.0283203125 0.0361328125
