0 0.25439453125 0.33724340176 0.0419921875 0.0488758553275
0 0.1396484375 0.369012707722 0.03125 0.0342130987292
0 0.0419921875 0.351417399804 0.025390625 0.030303030303
0 0.40576171875 0.333333333333 0.0263671875 0.0273704789834
0 0.46044921875 0.351417399804 0.0263671875 0.0342130987292
0 0.55517578125 0.325513196481 0.0458984375 0.0508308895406
0 0.7587890625 0.330400782014 0.0234375 0.0273704789834
0 0.830078125 0.318670576735 0.03125 0.039100684262
0 0.8837890625 0.355816226784 0.041015625 0.0469208211144
0 0.3095703125 0.349462365591 0.01953125 0.0244379276637
0 0.4833984375 0.340664711632 0.0234375 0.030303030303
