0 0.97998046875 0.653958944282 0.0322265625 0.0351906158358
0 0.9560546875 0.560117302053 0.02734375 0.0293255131965
0 0.9423828125 0.512218963832 0.029296875 0.0293255131965
0 0.908203125 0.565004887586 0.033203125 0.0332355816227
0 0.8779296875 0.633431085044 0.03125 0.0273704789834
0 0.841796875 0.680351906158 0.037109375 0.039100684262
0 0.8603515625 0.49853372434 0.029296875 0.0332355816227
0 0.79931640625 0.541544477028 0.0322265625 0.0332355816227
0 0.72705078125 0.544965786901 0.0302734375 0.030303030303
0 0.705078125 0.510263929619 0.029296875 0.0312805474096
0 0.65234375 0.413000977517 0.025390625 0.0224828934506
0 0.6396484375 0.52981427175 0.02734375 0.0293255131965
0 0.7568359375 0.66568914956 0.03125 0.039100684262
0 0.650390625 0.644183773216 0.033203125 0.0351906158358
0 0.61279296875 0.69257086999 0.0380859375 0.0400782013685
0 0.603515625 0.570869990225 0.029296875 0.0351906158358
0 0.533203125 0.557673509286 0.03125 0.0342130987292
0 0.52099609375 0.683773216031 0.0380859375 0.0400782013685
0 0.4306640625 0.727272727273 0.037109375 0.039100684262
0 0.34130859375 0.654447702835 0.0322265625 0.0361681329423
0 0.3671875 0.61045943304 0.033203125 0.0342130987292
0 0.33935546875 0.739980449658 0.0341796875 0.0371456500489
0 0.41796875 0.680351906158 0.033203125 0.0371456500489
0 0.5595703125 0.629521016618 0.033203125 0.039100684262
0 0.46044921875 0.60899315738 0.0341796875 0.0371456500489
0 0.30322265625 0.581622678397 0.0302734375 0.0351906158358
0 0.23486328125 0.710166177908 0.0361328125 0.0439882697947
0 0.2509765625 0.637829912023 0.03125 0.0342130987292
0 0.14306640625 0.675464320626 0.0361328125 0.0371456500489
0 0.07763671875 0.665200391007 0.0322265625 0.0381231671554
0 0.0791015625 0.600684261975 0.029296875 0.0381231671554
0 0.21875 0.561094819159 0.029296875 0.0351906158358
0 0.52294921875 0.433040078201 0.0224609375 0.0234604105572
0 0.466796875 0.422287390029 0.021484375 0.0273704789834
0 0.41748046875 0.408113391984 0.0224609375 0.0244379276637
0 0.392578125 0.450146627566 0.0234375 0.0263929618768
0 0.33447265625 0.425219941349 0.0224609375 0.0254154447703
0 0.3642578125 0.406158357771 0.01953125 0.0283479960899
0 0.21484375 0.428152492669 0.0234375 0.0254154447703
0 0.2666015625 0.460410557185 0.0234375 0.0273704789834
0 0.13818359375 0.461876832845 0.0244140625 0.0283479960899
0 0.0830078125 0.447214076246 0.021484375 0.0244379276637
0 0.16015625 0.432062561095 0.021484375 0.0273704789834
0 0.1015625 0.414467253177 0.021484375 0.0254154447703
0 0.19140625 0.374877810362 0.021484375 0.0263929618768
0 0.02587890625 0.436461388074 0.0244140625 0.0244379276637
0 0.04638671875 0.409579667644 0.0224609375 0.0254154447703
0 0.1455078125 0.546432062561 0.02734375 0.0312805474096
0 0.71728515625 0.595307917889 0.0322265625 0.0371456500489
0 0.142578125 0.361681329423 0.025390625 0.0273704789834
0 0.16259765625 0.752688172043 0.0400390625 0.0410557184751
0 0.0166015625 0.63880742913 0.033203125 0.0420332355816
0 0.87646484375 0.533724340176 0.0244140625 0.0312805474096
0 0.806640625 0.602150537634 0.03125 0.0351906158358
0 0.36474609375 0.534213098729 0.0302734375 0.0322580645161
0 0.009765625 0.590420332356 0.01953125 0.0332355816227
