0 0.98779296875 0.333822091887 0.0244140625 0.0283479960899
0 0.84423828125 0.357282502444 0.0283203125 0.0283479960899
0 0.71923828125 0.356304985337 0.0458984375 0.0478983382209
0 0.806640625 0.36119257087 0.01953125 0.0205278592375
0 0.53515625 0.366568914956 0.05078125 0.0527859237537
0 0.4638671875 0.385630498534 0.029296875 0.0322580645161
0 0.314453125 0.386119257087 0.021484375 0.0273704789834
0 0.17724609375 0.397360703812 0.0322265625 0.0342130987292
0 0.12451171875 0.399315738025 0.0556640625 0.049853372434
0 0.06494140625 0.379765395894 0.0419921875 0.0420332355816
