0 0.24658203125 0.41162109375 0.0224609375 0.0263671875
0 0.2216796875 0.439453125 0.021484375 0.029296875
0 0.18994140625 0.4453125 0.0322265625 0.0390625
0 0.0966796875 0.4169921875 0.0234375 0.029296875
0 0.0595703125 0.40771484375 0.021484375 0.0263671875
0 0.2314453125 0.5322265625 0.068359375 0.091796875
0 0.15625 0.4892578125 0.033203125 0.048828125
0 0.32421875 0.42724609375 0.01953125 0.0283203125
0 0.38671875 0.44970703125 0.029296875 0.0439453125
0 0.43603515625 0.431640625 0.0205078125 0.029296875
0 0.658203125 0.4697265625 0.041015625 0.052734375
0 0.619140625 0.4296875 0.0234375 0.029296875
0 0.4677734375 0.537109375 0.04296875 0.064453125
0 0.82373046875 0.376953125 0.0205078125 0.021484375
0 0.91650390625 0.39794921875 0.0205078125 0.0244140625
0 0.81396484375 0.4052734375 0.0224609375 0.02734375
0 0.82421875 0.447265625 0.03125 0.0390625
0 0.3486328125 0.4560546875 0.021484375 0.02734375
