0 0.75244140625 0.47216796875 0.0458984375 0.0478515625
0 0.708984375 0.4248046875 0.0390625 0.044921875
0 0.83203125 0.4140625 0.041015625 0.056640625
0 0.88671875 0.36572265625 0.037109375 0.0498046875
0 0.8994140625 0.43115234375 0.044921875 0.0634765625
0 0.7880859375 0.390625 0.0390625 0.05078125
0 0.66650390625 0.3935546875 0.0380859375 0.046875
0 0.623046875 0.43603515625 0.041015625 0.0517578125
0 0.568359375 0.3798828125 0.0390625 0.056640625
0 0.49560546875 0.40087890625 0.0439453125 0.0595703125
0 0.435546875 0.376953125 0.041015625 0.0546875
0 0.37158203125 0.40185546875 0.0458984375 0.0595703125
0 0.30908203125 0.4208984375 0.0458984375 0.0546875
0 0.24951171875 0.36669921875 0.0458984375 0.0537109375
0 0.17529296875 0.3955078125 0.0498046875 0.064453125
0 0.1025390625 0.3828125 0.05078125 0.056640625
