0 0.22705078125 0.227761485826 0.0205078125 0.0254154447703
0 0.17236328125 0.235581622678 0.0205078125 0.0273704789834
0 0.13037109375 0.301075268817 0.0224609375 0.0293255131965
0 0.30712890625 0.317693059629 0.0224609375 0.0293255131965
0 0.369140625 0.314760508309 0.02734375 0.0351906158358
0 0.42529296875 0.341642228739 0.0263671875 0.0361681329423
0 0.5029296875 0.363147605083 0.041015625 0.0459433040078
0 0.66845703125 0.324535679374 0.0224609375 0.0254154447703
0 0.8203125 0.33724340176 0.025390625 0.0332355816227
0 0.9033203125 0.340664711632 0.029296875 0.0342130987292
0 0.9091796875 0.412512218964 0.048828125 0.0664711632454
0 0.5947265625 0.381231671554 0.044921875 0.0508308895406
0 0.068359375 0.430596285435 0.0546875 0.0811339198436
0 0.20068359375 0.493157380254 0.0517578125 0.0869990224829
