0 0.056640625 0.462854349951 0.029296875 0.0244379276637
0 0.1298828125 0.504398826979 0.02734375 0.0234604105572
0 0.03369140625 0.487292277615 0.0302734375 0.0263929618768
0 0.02294921875 0.594819159335 0.0439453125 0.0342130987292
0 0.36083984375 0.460410557185 0.0205078125 0.0254154447703
0 0.3779296875 0.478494623656 0.0234375 0.0283479960899
0 0.41357421875 0.49706744868 0.0302734375 0.0342130987292
0 0.42529296875 0.538123167155 0.0361328125 0.0459433040078
0 0.4580078125 0.602639296188 0.052734375 0.0615835777126
0 0.54052734375 0.451612903226 0.0205078125 0.0254154447703
0 0.576171875 0.472140762463 0.0234375 0.0293255131965
0 0.62255859375 0.489247311828 0.0283203125 0.0381231671554
0 0.61328125 0.431085043988 0.021484375 0.0234604105572
0 0.6640625 0.442815249267 0.0234375 0.0293255131965
0 0.68310546875 0.558651026393 0.0400390625 0.049853372434
0 0.84912109375 0.419843597263 0.0205078125 0.0224828934506
0 0.9013671875 0.412023460411 0.01953125 0.0224828934506
0 0.93359375 0.436461388074 0.0234375 0.0224828934506
0 0.88623046875 0.460899315738 0.0380859375 0.0322580645161
0 0.81689453125 0.446725317693 0.0283203125 0.0312805474096
0 0.95849609375 0.478983382209 0.0478515625 0.039100684262
0 0.97265625 0.421798631476 0.0234375 0.0224828934506
0 0.76220703125 0.427663734115 0.0224609375 0.030303030303
0 0.7138671875 0.458455522972 0.02734375 0.0312805474096
0 0.791015625 0.484359726295 0.037109375 0.0400782013685
0 0.89111328125 0.546432062561 0.0498046875 0.0469208211144
0 0.7587890625 0.629032258065 0.05859375 0.0635386119257
