0 0.822265625 0.511730205279 0.021484375 0.0283479960899
0 0.79931640625 0.493157380254 0.0224609375 0.0342130987292
0 0.07568359375 0.622678396872 0.0361328125 0.0469208211144
0 0.1259765625 0.381231671554 0.0234375 0.0293255131965
0 0.240234375 0.36265884653 0.0234375 0.0273704789834
0 0.478515625 0.324535679374 0.025390625 0.039100684262
0 0.74462890625 0.320625610948 0.0361328125 0.0488758553275
0 0.59814453125 0.517106549365 0.0244140625 0.0273704789834
0 0.66259765625 0.522971652004 0.0224609375 0.0293255131965
0 0.59912109375 0.497556207234 0.0224609375 0.0234604105572
0 0.40283203125 0.507331378299 0.0205078125 0.0254154447703
0 0.93017578125 0.514662756598 0.0244140625 0.030303030303
0 0.8994140625 0.488758553275 0.021484375 0.0234604105572
0 0.95751953125 0.499022482893 0.0205078125 0.030303030303
