0 0.79638671875 0.285434995112 0.0439453125 0.0645161290323
0 0.64892578125 0.378787878788 0.0205078125 0.0263929618768
0 0.69482421875 0.428641251222 0.0322265625 0.0439882697947
0 0.76953125 0.425708699902 0.025390625 0.030303030303
0 0.646484375 0.469208211144 0.029296875 0.0488758553275
0 0.5673828125 0.38514173998 0.021484375 0.0234604105572
0 0.41455078125 0.394916911046 0.0263671875 0.0312805474096
0 0.49755859375 0.389051808407 0.0224609375 0.0273704789834
0 0.34228515625 0.403714565005 0.0244140625 0.0332355816227
0 0.2880859375 0.38660801564 0.01953125 0.0224828934506
0 0.224609375 0.445747800587 0.02734375 0.0312805474096
0 0.13330078125 0.425708699902 0.0322265625 0.0420332355816
0 0.1943359375 0.38660801564 0.021484375 0.0283479960899
0 0.02685546875 0.410068426197 0.0244140625 0.0322580645161
