0 0.9052734375 0.532258064516 0.044921875 0.0518084066471
0 0.83837890625 0.450146627566 0.0341796875 0.0420332355816
0 0.73876953125 0.461388074291 0.0263671875 0.0371456500489
0 0.71826171875 0.543499511241 0.0361328125 0.0449657869013
0 0.640625 0.450635386119 0.033203125 0.039100684262
0 0.56201171875 0.534701857283 0.0361328125 0.0488758553275
0 0.537109375 0.466764418377 0.03125 0.0381231671554
0 0.2412109375 0.531769305963 0.037109375 0.0449657869013
0 0.388671875 0.55669599218 0.03515625 0.0439882697947
0 0.43359375 0.467253176931 0.029296875 0.039100684262
0 0.3369140625 0.448680351906 0.029296875 0.0371456500489
0 0.2216796875 0.450635386119 0.029296875 0.0351906158358
0 0.10595703125 0.481427174976 0.0283203125 0.0283479960899
0 0.0849609375 0.532746823069 0.0390625 0.0410557184751
0 0.50390625 0.344086021505 0.029296875 0.0351906158358
0 0.35302734375 0.346041055718 0.0283203125 0.0332355816227
0 0.1953125 0.359237536657 0.037109375 0.0420332355816
