0 0.73388671875 0.516129032258 0.0556640625 0.0684261974585
0 0.578125 0.511730205279 0.048828125 0.0576735092864
0 0.361328125 0.514662756598 0.046875 0.0576735092864
0 0.20849609375 0.528836754643 0.0458984375 0.0547409579668
0 0.0595703125 0.521016617791 0.052734375 0.0508308895406
0 0.92138671875 0.504398826979 0.0458984375 0.0547409579668
0 0.82373046875 0.428152492669 0.0263671875 0.0351906158358
0 0.6455078125 0.447214076246 0.029296875 0.0322580645161
0 0.41845703125 0.458455522972 0.0283203125 0.0351906158358
0 0.5625 0.447214076246 0.033203125 0.0322580645161
0 0.42138671875 0.426686217009 0.0224609375 0.0224828934506
0 0.72900390625 0.413000977517 0.0263671875 0.0244379276637
0 0.6357421875 0.424731182796 0.01953125 0.0224828934506
