0 0.69189453125 0.400782013685 0.0361328125 0.0430107526882
0 0.62255859375 0.395894428152 0.0322265625 0.0449657869013
0 0.66357421875 0.347507331378 0.0322265625 0.0459433040078
0 0.630859375 0.317204301075 0.02734375 0.0322580645161
0 0.5791015625 0.309384164223 0.02734375 0.0342130987292
0 0.50927734375 0.323558162268 0.0283203125 0.0351906158358
0 0.45166015625 0.377321603128 0.0361328125 0.0449657869013
0 0.541015625 0.383186705767 0.03515625 0.0410557184751
0 0.7080078125 0.306940371457 0.03125 0.0351906158358
0 0.74560546875 0.367057673509 0.0322265625 0.0381231671554
0 0.7998046875 0.415933528837 0.037109375 0.0439882697947
0 0.73291015625 0.418377321603 0.0380859375 0.0410557184751
0 0.7529296875 0.541544477028 0.044921875 0.0508308895406
0 0.66748046875 0.554740957967 0.0341796875 0.0439882697947
0 0.45947265625 0.460410557185 0.0380859375 0.0469208211144
0 0.37744140625 0.418866080156 0.0322265625 0.0420332355816
0 0.3671875 0.30742913001 0.03125 0.0244379276637
0 0.3203125 0.30889540567 0.025390625 0.0371456500489
0 0.294921875 0.415444770283 0.033203125 0.0410557184751
0 0.4521484375 0.578690127077 0.0390625 0.0469208211144
0 0.388671875 0.589931573803 0.033203125 0.0478983382209
0 0.318359375 0.564027370479 0.0390625 0.0469208211144
0 0.2470703125 0.595796676442 0.044921875 0.0420332355816
0 0.2177734375 0.443792766373 0.03125 0.0449657869013
0 0.2392578125 0.41935483871 0.03125 0.0410557184751
0 0.25732421875 0.391495601173 0.0302734375 0.0381231671554
0 0.197265625 0.396871945259 0.029296875 0.0312805474096
0 0.158203125 0.41935483871 0.033203125 0.039100684262
0 0.13232421875 0.505376344086 0.0439453125 0.0508308895406
0 0.08837890625 0.439393939394 0.0439453125 0.0478983382209
0 0.84619140625 0.394916911046 0.0322265625 0.039100684262
0 0.890625 0.416911045943 0.03515625 0.0439882697947
0 0.8974609375 0.379765395894 0.037109375 0.0400782013685
