0 0.24169921875 0.321114369501 0.0244140625 0.030303030303
0 0.2998046875 0.30449657869 0.01953125 0.0224828934506
0 0.13037109375 0.348484848485 0.0302734375 0.0322580645161
0 0.03466796875 0.30742913001 0.0224609375 0.030303030303
0 0.0205078125 0.24780058651 0.01953125 0.0224828934506
0 0.16455078125 0.484359726295 0.1064453125 0.137829912023
0 0.9111328125 0.366568914956 0.0546875 0.0625610948192
0 0.8662109375 0.317693059629 0.033203125 0.039100684262
0 0.78173828125 0.392961876833 0.0751953125 0.0742913000978
0 0.85107421875 0.464320625611 0.0791015625 0.117302052786
0 0.91845703125 0.239002932551 0.0244140625 0.0439882697947
