0 0.90771484375 0.37060546875 0.0322265625 0.0400390625
0 0.85009765625 0.37255859375 0.0341796875 0.0419921875
0 0.7548828125 0.3818359375 0.037109375 0.046875
0 0.6953125 0.3525390625 0.029296875 0.037109375
0 0.68701171875 0.39208984375 0.0361328125 0.0439453125
0 0.5927734375 0.3623046875 0.033203125 0.041015625
0 0.51904296875 0.3623046875 0.0341796875 0.04296875
0 0.39013671875 0.34521484375 0.0322265625 0.0400390625
0 0.380859375 0.31591796875 0.0234375 0.0263671875
0 0.43798828125 0.4169921875 0.0537109375 0.06640625
0 0.2998046875 0.40234375 0.04296875 0.052734375
0 0.22998046875 0.33984375 0.0302734375 0.03125
0 0.16064453125 0.33251953125 0.0302734375 0.0419921875
0 0.14990234375 0.37353515625 0.0361328125 0.0419921875
0 0.1083984375 0.3994140625 0.05078125 0.0625
0 0.18017578125 0.4921875 0.0576171875 0.064453125
