0 0.8525390625 0.43505859375 0.03125 0.0361328125
0 0.73095703125 0.40771484375 0.0302734375 0.0361328125
0 0.69775390625 0.40966796875 0.0244140625 0.0361328125
0 0.59521484375 0.41064453125 0.0205078125 0.0224609375
0 0.453125 0.4326171875 0.025390625 0.0390625
0 0.37890625 0.40478515625 0.01953125 0.0322265625
0 0.341796875 0.37451171875 0.021484375 0.0283203125
0 0.291015625 0.39306640625 0.021484375 0.0283203125
0 0.0888671875 0.4130859375 0.037109375 0.046875
0 0.5224609375 0.435546875 0.021484375 0.037109375
0 0.45703125 0.41796875 0.021484375 0.037109375
0 0.96728515625 0.4375 0.0283203125 0.046875
