0 0.66748046875 0.54443359375 0.0244140625 0.0302734375
0 0.63671875 0.52685546875 0.021484375 0.0263671875
0 0.60400390625 0.54296875 0.0205078125 0.029296875
0 0.55908203125 0.53173828125 0.0244140625 0.0283203125
0 0.5400390625 0.51513671875 0.021484375 0.0224609375
0 0.52587890625 0.54638671875 0.0244140625 0.0341796875
0 0.48681640625 0.5302734375 0.0205078125 0.02734375
0 0.49462890625 0.5126953125 0.0205078125 0.02734375
0 0.41162109375 0.5146484375 0.0205078125 0.0234375
0 0.44384765625 0.54443359375 0.0244140625 0.0302734375
0 0.400390625 0.5380859375 0.021484375 0.03125
0 0.33349609375 0.5615234375 0.0341796875 0.0390625
0 0.75830078125 0.56982421875 0.0380859375 0.0517578125
0 0.73681640625 0.52490234375 0.0224609375 0.0263671875
0 0.80419921875 0.5126953125 0.0244140625 0.0234375
0 0.83154296875 0.5791015625 0.0419921875 0.05078125
0 0.24365234375 0.5390625 0.0263671875 0.03125
0 0.208984375 0.55126953125 0.025390625 0.0341796875
0 0.09326171875 0.58935546875 0.0361328125 0.0302734375
0 0.10498046875 0.63818359375 0.0400390625 0.0517578125
0 0.01708984375 0.599609375 0.0341796875 0.046875
0 0.1962890625 0.654296875 0.03515625 0.03515625
0 0.20703125 0.72119140625 0.056640625 0.0712890625
0 0.10986328125 0.82958984375 0.0205078125 0.0791015625
