0 0.05810546875 0.3662109375 0.0478515625 0.052734375
0 0.1201171875 0.48193359375 0.064453125 0.0791015625
0 0.91796875 0.47998046875 0.0546875 0.0654296875
0 0.8095703125 0.46044921875 0.04296875 0.0478515625
0 0.7255859375 0.43310546875 0.0390625 0.0419921875
0 0.634765625 0.42529296875 0.03515625 0.0380859375
0 0.54052734375 0.35498046875 0.0322265625 0.0341796875
0 0.45751953125 0.35107421875 0.0361328125 0.0419921875
0 0.44921875 0.4482421875 0.044921875 0.0546875
0 0.55029296875 0.46826171875 0.0361328125 0.0517578125
0 0.3876953125 0.3544921875 0.033203125 0.037109375
0 0.28759765625 0.3330078125 0.0419921875 0.04296875
0 0.28466796875 0.4443359375 0.0517578125 0.068359375
0 0.1796875 0.34814453125 0.044921875 0.0498046875
