0 0.1376953125 0.429130009775 0.0234375 0.0234604105572
0 0.09765625 0.44477028348 0.021484375 0.0254154447703
0 0.07373046875 0.458455522972 0.0263671875 0.0312805474096
0 0.037109375 0.378787878788 0.021484375 0.0205278592375
0 0.02734375 0.425219941349 0.021484375 0.0254154447703
0 0.2412109375 0.524437927664 0.04296875 0.0518084066471
0 0.36328125 0.409090909091 0.01953125 0.0283479960899
0 0.3896484375 0.410068426197 0.0234375 0.030303030303
0 0.4208984375 0.398826979472 0.01953125 0.0273704789834
0 0.01318359375 0.583088954057 0.0224609375 0.0400782013685
0 0.4775390625 0.394428152493 0.025390625 0.0342130987292
0 0.5439453125 0.373411534702 0.01953125 0.0234604105572
0 0.509765625 0.399315738025 0.029296875 0.0322580645161
0 0.58056640625 0.404203323558 0.0224609375 0.0283479960899
0 0.6552734375 0.421798631476 0.025390625 0.0283479960899
0 0.673828125 0.406158357771 0.021484375 0.0322580645161
0 0.8330078125 0.39100684262 0.021484375 0.0273704789834
0 0.89306640625 0.395405669599 0.0263671875 0.0322580645161
0 0.97705078125 0.420332355816 0.0263671875 0.0293255131965
0 0.58935546875 0.534701857283 0.0322265625 0.0430107526882
0 0.67578125 0.456989247312 0.021484375 0.0361681329423
0 0.98779296875 0.4477028348 0.0205078125 0.0547409579668
0 0.71630859375 0.234115347019 0.0400390625 0.0420332355816
0 0.3955078125 0.741935483871 0.025390625 0.058651026393
0 0.2529296875 0.44477028348 0.021484375 0.0332355816227
0 0.3212890625 0.433040078201 0.025390625 0.0371456500489
0 0.29345703125 0.378787878788 0.0205078125 0.0224828934506
0 0.25146484375 0.393939393939 0.0205078125 0.0215053763441
0 0.22802734375 0.408113391984 0.0205078125 0.0263929618768
0 0.18994140625 0.429618768328 0.0224609375 0.0205278592375
