0 0.81787109375 0.522482893451 0.0283203125 0.0420332355816
0 0.76416015625 0.511241446725 0.0283203125 0.0371456500489
0 0.73388671875 0.509286412512 0.0283203125 0.039100684262
0 0.72705078125 0.467741935484 0.0263671875 0.0400782013685
0 0.646484375 0.46871945259 0.02734375 0.0322580645161
0 0.94970703125 0.787878787879 0.1005859375 0.0918866080156
0 0.55419921875 0.455522971652 0.0244140625 0.0293255131965
0 0.462890625 0.452101661779 0.0234375 0.030303030303
0 0.40478515625 0.455034213099 0.0244140625 0.0342130987292
0 0.3798828125 0.489736070381 0.03125 0.039100684262
0 0.25927734375 0.483870967742 0.0302734375 0.0410557184751
0 0.22900390625 0.674486803519 0.0673828125 0.0684261974585
0 0.14892578125 0.5522971652 0.0400390625 0.058651026393
0 0.42236328125 0.532746823069 0.0322265625 0.0469208211144
