0 0.48046875 0.410068426197 0.01953125 0.0244379276637
0 0.353515625 0.385630498534 0.01953125 0.0205278592375
0 0.3994140625 0.426197458456 0.01953125 0.0234604105572
0 0.3525390625 0.454545454545 0.021484375 0.0273704789834
0 0.267578125 0.451612903226 0.021484375 0.0293255131965
0 0.20458984375 0.442815249267 0.0205078125 0.0254154447703
0 0.12744140625 0.445747800587 0.0224609375 0.0254154447703
0 0.0673828125 0.503910068426 0.037109375 0.0635386119257
0 0.79296875 0.417399804497 0.021484375 0.0273704789834
0 0.7744140625 0.408113391984 0.01953125 0.0283479960899
0 0.9619140625 0.44330400782 0.02734375 0.030303030303
0 0.9501953125 0.492179863148 0.033203125 0.0420332355816
0 0.8447265625 0.451612903226 0.025390625 0.0332355816227
0 0.732421875 0.442815249267 0.02734375 0.0312805474096
0 0.7119140625 0.477517106549 0.029296875 0.0361681329423
0 0.63525390625 0.438905180841 0.0224609375 0.0273704789834
