0 0.154296875 0.23193359375 0.04296875 0.0595703125
0 0.15283203125 0.33251953125 0.0439453125 0.0615234375
0 0.25341796875 0.2578125 0.0439453125 0.064453125
0 0.32666015625 0.3515625 0.0458984375 0.060546875
0 0.41455078125 0.2685546875 0.0400390625 0.0546875
0 0.32666015625 0.22900390625 0.0419921875 0.0537109375
0 0.51416015625 0.228515625 0.0419921875 0.0546875
0 0.59716796875 0.27197265625 0.0380859375 0.0498046875
0 0.51708984375 0.34228515625 0.0458984375 0.0615234375
0 0.69384765625 0.22900390625 0.0439453125 0.0517578125
0 0.7568359375 0.26953125 0.04296875 0.05859375
0 0.6875 0.34716796875 0.046875 0.0576171875
0 0.869140625 0.23193359375 0.046875 0.0595703125
0 0.8544921875 0.3466796875 0.048828125 0.060546875
