0 0.13232421875 0.473607038123 0.0302734375 0.0361681329423
0 0.18994140625 0.473607038123 0.0283203125 0.0322580645161
0 0.24658203125 0.465298142717 0.0283203125 0.0332355816227
0 0.32763671875 0.454056695992 0.0283203125 0.0361681329423
0 0.39208984375 0.46871945259 0.0283203125 0.030303030303
0 0.45166015625 0.457478005865 0.0263671875 0.0312805474096
0 0.51318359375 0.465786901271 0.0302734375 0.0361681329423
0 0.5859375 0.456011730205 0.029296875 0.0322580645161
0 0.646484375 0.46871945259 0.02734375 0.0342130987292
0 0.7080078125 0.447214076246 0.02734375 0.0322580645161
0 0.7919921875 0.461876832845 0.033203125 0.0381231671554
0 0.84423828125 0.454545454545 0.0302734375 0.0332355816227
0 0.91162109375 0.463831867058 0.0302734375 0.0361681329423
