0 0.31396484375 0.2238514174 0.0458984375 0.0527859237537
0 0.1962890625 0.251710654936 0.04296875 0.0518084066471
0 0.103515625 0.294232649071 0.044921875 0.0547409579668
0 0.240234375 0.512218963832 0.052734375 0.0606060606061
0 0.36572265625 0.506842619746 0.0595703125 0.069403714565
0 0.46728515625 0.540078201369 0.0537109375 0.0576735092864
0 0.619140625 0.516617790811 0.056640625 0.0635386119257
0 0.7626953125 0.496089931574 0.0625 0.0674486803519
0 0.78173828125 0.248289345064 0.0556640625 0.0645161290323
0 0.6953125 0.229716520039 0.046875 0.058651026393
0 0.59521484375 0.263929618768 0.0498046875 0.058651026393
0 0.4345703125 0.256598240469 0.046875 0.049853372434
