0 0.37841796875 0.322580645161 0.0224609375 0.0293255131965
0 0.43408203125 0.3357771261 0.0283203125 0.0420332355816
0 0.4755859375 0.313294232649 0.03125 0.0342130987292
0 0.5703125 0.261485826002 0.0234375 0.0322580645161
0 0.25244140625 0.41495601173 0.0322265625 0.0381231671554
0 0.33642578125 0.406158357771 0.0322265625 0.0420332355816
0 0.4208984375 0.404203323558 0.02734375 0.0342130987292
0 0.4755859375 0.430107526882 0.02734375 0.0273704789834
0 0.55224609375 0.418377321603 0.0302734375 0.0371456500489
0 0.60986328125 0.435972629521 0.0302734375 0.0332355816227
0 0.38525390625 0.497556207234 0.0283203125 0.0351906158358
0 0.52783203125 0.548387096774 0.0322265625 0.0469208211144
0 0.60693359375 0.536168132942 0.0302734375 0.0420332355816
0 0.7177734375 0.403714565005 0.03125 0.0410557184751
0 0.7509765625 0.520527859238 0.02734375 0.0381231671554
0 0.796875 0.563049853372 0.029296875 0.0312805474096
0 0.7509765625 0.578201368524 0.025390625 0.030303030303
0 0.66650390625 0.537145650049 0.0244140625 0.0342130987292
0 0.294921875 0.577223851417 0.037109375 0.0459433040078
0 0.37548828125 0.610948191593 0.0322265625 0.0449657869013
0 0.271484375 0.614369501466 0.025390625 0.0263929618768
0 0.4814453125 0.588954056696 0.025390625 0.030303030303
0 0.58935546875 0.632942326491 0.0283203125 0.0361681329423
