0 0.22607421875 0.58154296875 0.0322265625 0.0322265625
0 0.1748046875 0.55029296875 0.033203125 0.0361328125
0 0.1201171875 0.56640625 0.0390625 0.0390625
0 0.103515625 0.50537109375 0.03125 0.0341796875
0 0.02734375 0.5029296875 0.03125 0.03125
0 0.13134765625 0.5068359375 0.0263671875 0.03125
0 0.1796875 0.4931640625 0.02734375 0.033203125
0 0.23583984375 0.51123046875 0.0302734375 0.0380859375
0 0.25048828125 0.4921875 0.0283203125 0.033203125
0 0.27001953125 0.51318359375 0.0283203125 0.0322265625
0 0.41015625 0.5439453125 0.03125 0.04296875
0 0.369140625 0.52734375 0.02734375 0.03125
0 0.32080078125 0.51708984375 0.0322265625 0.0361328125
0 0.4453125 0.50927734375 0.025390625 0.0283203125
0 0.49560546875 0.53662109375 0.0302734375 0.0341796875
0 0.42919921875 0.48486328125 0.0283203125 0.0283203125
0 0.376953125 0.48583984375 0.025390625 0.0283203125
0 0.48876953125 0.490234375 0.0283203125 0.03125
0 0.576171875 0.5341796875 0.029296875 0.033203125
0 0.53173828125 0.5048828125 0.0244140625 0.029296875
0 0.5595703125 0.49658203125 0.025390625 0.0244140625
0 0.59375 0.51416015625 0.029296875 0.0322265625
0 0.60205078125 0.5283203125 0.0283203125 0.029296875
0 0.60595703125 0.498046875 0.0244140625 0.02734375
0 0.64501953125 0.50732421875 0.0244140625 0.0302734375
0 0.65380859375 0.48388671875 0.0224609375 0.0263671875
0 0.7900390625 0.5791015625 0.029296875 0.03125
0 0.70703125 0.57080078125 0.033203125 0.0341796875
0 0.7099609375 0.5029296875 0.03125 0.03515625
0 0.76904296875 0.52783203125 0.0283203125 0.0302734375
0 0.84716796875 0.53466796875 0.0341796875 0.0380859375
0 0.80810546875 0.51513671875 0.0263671875 0.0322265625
0 0.775390625 0.50341796875 0.02734375 0.0322265625
0 0.8203125 0.48974609375 0.025390625 0.0302734375
0 0.978515625 0.4912109375 0.03515625 0.037109375
0 0.9404296875 0.47412109375 0.029296875 0.0322265625
0 0.92724609375 0.533203125 0.0322265625 0.03515625
0 0.87841796875 0.501953125 0.0283203125 0.029296875
