0 0.11376953125 0.312805474096 0.0654296875 0.0821114369501
0 0.2685546875 0.317204301075 0.056640625 0.0772238514174
0 0.3955078125 0.340664711632 0.0546875 0.0576735092864
0 0.55419921875 0.299608993157 0.0498046875 0.069403714565
0 0.693359375 0.319159335288 0.0546875 0.0713587487781
0 0.7802734375 0.293743890518 0.052734375 0.0811339198436
0 0.86181640625 0.38954056696 0.0419921875 0.0400782013685
0 0.9208984375 0.33724340176 0.060546875 0.0762463343109
0 0.11181640625 0.504398826979 0.0712890625 0.0821114369501
0 0.31298828125 0.538123167155 0.0615234375 0.0811339198436
0 0.57080078125 0.590420332356 0.0615234375 0.0684261974585
0 0.68359375 0.527859237537 0.05859375 0.0840664711632
0 0.87255859375 0.543499511241 0.0791015625 0.103616813294
