0 0.03955078125 0.33935546875 0.0244140625 0.0322265625
0 0.0986328125 0.3798828125 0.02734375 0.03515625
0 0.1259765625 0.3359375 0.021484375 0.03125
0 0.16845703125 0.34716796875 0.0283203125 0.0341796875
0 0.21337890625 0.33154296875 0.0244140625 0.0302734375
0 0.26611328125 0.353515625 0.0224609375 0.025390625
0 0.22119140625 0.40380859375 0.0302734375 0.0322265625
0 0.171875 0.40185546875 0.03125 0.0380859375
0 0.05517578125 0.40283203125 0.0302734375 0.0419921875
0 0.28759765625 0.39697265625 0.0263671875 0.0341796875
0 0.30126953125 0.36376953125 0.0263671875 0.0341796875
0 0.33349609375 0.33544921875 0.0224609375 0.0322265625
0 0.3603515625 0.36474609375 0.02734375 0.0341796875
0 0.396484375 0.3359375 0.025390625 0.029296875
0 0.41259765625 0.3720703125 0.0263671875 0.03515625
0 0.46142578125 0.369140625 0.0263671875 0.033203125
0 0.4580078125 0.341796875 0.021484375 0.03125
0 0.49853515625 0.34423828125 0.0205078125 0.0283203125
0 0.25244140625 0.537109375 0.0302734375 0.041015625
0 0.14501953125 0.55322265625 0.0341796875 0.0458984375
0 0.0361328125 0.57177734375 0.033203125 0.0439453125
0 0.55712890625 0.33984375 0.0224609375 0.02734375
0 0.60888671875 0.3447265625 0.0205078125 0.0234375
0 0.63330078125 0.36083984375 0.0224609375 0.0283203125
0 0.67626953125 0.37158203125 0.0205078125 0.0263671875
0 0.68310546875 0.3515625 0.0205078125 0.025390625
0 0.703125 0.38037109375 0.025390625 0.0302734375
0 0.72412109375 0.36767578125 0.0224609375 0.0302734375
0 0.7587890625 0.3369140625 0.021484375 0.02734375
0 0.7900390625 0.36767578125 0.0234375 0.0341796875
0 0.7568359375 0.392578125 0.021484375 0.025390625
0 0.8505859375 0.357421875 0.0234375 0.02734375
0 0.853515625 0.3857421875 0.02734375 0.03515625
0 0.88427734375 0.37451171875 0.0224609375 0.0322265625
0 0.92431640625 0.39501953125 0.0263671875 0.0341796875
0 0.96435546875 0.52392578125 0.0322265625 0.0380859375
0 0.8671875 0.521484375 0.029296875 0.033203125
0 0.75390625 0.505859375 0.025390625 0.033203125
0 0.6767578125 0.4560546875 0.025390625 0.033203125
0 0.61474609375 0.4208984375 0.0283203125 0.033203125
0 0.6044921875 0.45703125 0.025390625 0.033203125
0 0.65771484375 0.52099609375 0.0283203125 0.0302734375
0 0.59033203125 0.5556640625 0.0283203125 0.033203125
0 0.54638671875 0.47119140625 0.0302734375 0.0400390625
0 0.560546875 0.453125 0.01953125 0.03125
0 0.48974609375 0.50146484375 0.0322265625 0.0419921875
0 0.39892578125 0.56884765625 0.0400390625 0.0419921875
0 0.35791015625 0.5546875 0.0302734375 0.037109375
