0 0.1328125 0.41788856305 0.02734375 0.030303030303
0 0.1796875 0.409090909091 0.03515625 0.0400782013685
0 0.220703125 0.424242424242 0.029296875 0.0332355816227
0 0.294921875 0.393450635386 0.0234375 0.0322580645161
0 0.35205078125 0.404692082111 0.0244140625 0.0332355816227
0 0.3642578125 0.388563049853 0.021484375 0.0224828934506
0 0.40771484375 0.42082111437 0.0263671875 0.030303030303
0 0.404296875 0.391984359726 0.0234375 0.0273704789834
0 0.443359375 0.397849462366 0.025390625 0.0293255131965
0 0.478515625 0.378299120235 0.0234375 0.0254154447703
0 0.50244140625 0.403714565005 0.0244140625 0.0312805474096
0 0.52197265625 0.409579667644 0.0224609375 0.0293255131965
0 0.5439453125 0.398338220919 0.021484375 0.0244379276637
0 0.55322265625 0.432062561095 0.0244140625 0.0273704789834
0 0.57763671875 0.404203323558 0.0244140625 0.0283479960899
0 0.51416015625 0.510752688172 0.0283203125 0.0322580645161
0 0.60107421875 0.432551319648 0.0224609375 0.0244379276637
0 0.63037109375 0.381231671554 0.0263671875 0.0293255131965
0 0.673828125 0.399315738025 0.025390625 0.0283479960899
0 0.70703125 0.376832844575 0.021484375 0.0244379276637
0 0.73828125 0.379276637341 0.0234375 0.0293255131965
0 0.5830078125 0.500488758553 0.029296875 0.0312805474096
0 0.66552734375 0.594330400782 0.0263671875 0.0293255131965
0 0.6650390625 0.514662756598 0.025390625 0.0283479960899
0 0.71923828125 0.560117302053 0.0244140625 0.0312805474096
0 0.7880859375 0.383186705767 0.0234375 0.0215053763441
0 0.7890625 0.410068426197 0.021484375 0.030303030303
0 0.8369140625 0.391495601173 0.025390625 0.0322580645161
0 0.90234375 0.377321603128 0.029296875 0.0351906158358
0 0.73193359375 0.641251221896 0.0205078125 0.0234604105572
0 0.77685546875 0.536168132942 0.0224609375 0.0244379276637
0 0.80224609375 0.556207233627 0.0205078125 0.0234604105572
0 0.853515625 0.558651026393 0.0234375 0.030303030303
0 0.958984375 0.390518084066 0.025390625 0.0283479960899
0 0.98828125 0.423264907136 0.021484375 0.0312805474096
