0 0.83203125 0.26953125 0.05859375 0.060546875
0 0.9423828125 0.19189453125 0.07421875 0.0517578125
0 0.7626953125 0.306640625 0.046875 0.041015625
0 0.673828125 0.31005859375 0.060546875 0.0595703125
0 0.6650390625 0.38134765625 0.052734375 0.0654296875
0 0.53564453125 0.43310546875 0.0537109375 0.0693359375
0 0.599609375 0.3359375 0.0390625 0.04296875
0 0.5322265625 0.3466796875 0.0390625 0.0546875
0 0.45361328125 0.3564453125 0.0361328125 0.03515625
0 0.431640625 0.45361328125 0.05078125 0.0673828125
0 0.216796875 0.3779296875 0.048828125 0.0546875
0 0.3095703125 0.337890625 0.0390625 0.041015625
0 0.3818359375 0.35986328125 0.046875 0.0498046875
0 0.13134765625 0.34130859375 0.0478515625 0.0498046875
0 0.04345703125 0.37158203125 0.0517578125 0.0537109375
0 0.1982421875 0.33349609375 0.041015625 0.0419921875
