0 0.978515625 0.50146484375 0.029296875 0.0341796875
0 0.95361328125 0.4638671875 0.0224609375 0.03125
0 0.91796875 0.45458984375 0.02734375 0.0341796875
0 0.8642578125 0.48486328125 0.02734375 0.0263671875
0 0.8173828125 0.48876953125 0.0234375 0.0283203125
0 0.68701171875 0.28125 0.0439453125 0.0546875
0 0.52880859375 0.474609375 0.0380859375 0.046875
0 0.59912109375 0.4814453125 0.0283203125 0.02734375
0 0.66455078125 0.470703125 0.0205078125 0.02734375
0 0.43603515625 0.4765625 0.0302734375 0.033203125
0 0.46728515625 0.4697265625 0.0244140625 0.02734375
0 0.33642578125 0.47021484375 0.0263671875 0.0263671875
0 0.236328125 0.2236328125 0.056640625 0.044921875
0 0.14794921875 0.482421875 0.0263671875 0.033203125
0 0.1103515625 0.4189453125 0.01953125 0.029296875
0 0.0244140625 0.4326171875 0.03125 0.033203125
