0 0.81689453125 0.26025390625 0.0517578125 0.0556640625
0 0.72314453125 0.255859375 0.0537109375 0.064453125
0 0.6689453125 0.21728515625 0.048828125 0.0537109375
0 0.54833984375 0.23291015625 0.0439453125 0.0537109375
0 0.541015625 0.33984375 0.052734375 0.056640625
0 0.51171875 0.24365234375 0.021484375 0.0498046875
0 0.45263671875 0.2353515625 0.0458984375 0.05078125
0 0.34716796875 0.2802734375 0.0380859375 0.041015625
0 0.29345703125 0.2900390625 0.0400390625 0.044921875
0 0.22900390625 0.29833984375 0.0537109375 0.0595703125
0 0.14892578125 0.2548828125 0.0498046875 0.0546875
0 0.4541015625 0.451171875 0.05078125 0.060546875
