0 0.225547445255 0.54121079504 0.0321167883212 0.037928519329
0 0.263503649635 0.545587162655 0.0277372262774 0.0335521517141
0 0.363138686131 0.551787016776 0.0401459854015 0.0503282275711
0 0.390510948905 0.574398249453 0.0189781021898 0.0211524434719
0 0.434306569343 0.554704595186 0.0277372262774 0.0342815463166
0 0.549270072993 0.574762946754 0.0459854014599 0.0495988329686
0 0.636131386861 0.555069292487 0.0328467153285 0.0408460977389
0 0.66496350365 0.542304886944 0.0277372262774 0.0415754923414
0 0.689051094891 0.628738147338 0.0496350364964 0.0583515681984
0 0.740145985401 0.574762946754 0.0350364963504 0.0525164113786
0 0.783576642336 0.523705324581 0.0255474452555 0.0320933625091
0 0.83102189781 0.566739606127 0.0372262773723 0.0437636761488
0 0.512408759124 0.562727935813 0.0160583941606 0.0299051787017
0 0.486861313869 0.559445660102 0.014598540146 0.0247994164843
0 0.81897810219 0.573304157549 0.0306569343066 0.0291757840992
