0 0.32958984375 0.3876953125 0.0322265625 0.04296875
0 0.39111328125 0.40966796875 0.0283203125 0.0419921875
0 0.4853515625 0.3837890625 0.03125 0.04296875
0 0.4599609375 0.43017578125 0.029296875 0.0400390625
0 0.53955078125 0.43994140625 0.0302734375 0.0341796875
0 0.556640625 0.50244140625 0.029296875 0.0380859375
0 0.47802734375 0.53369140625 0.0302734375 0.0322265625
0 0.41845703125 0.4873046875 0.0302734375 0.037109375
0 0.63720703125 0.49365234375 0.0302734375 0.0380859375
0 0.67333984375 0.46630859375 0.0263671875 0.0302734375
0 0.75244140625 0.36181640625 0.0361328125 0.0439453125
0 0.6845703125 0.4052734375 0.029296875 0.037109375
0 0.58837890625 0.38525390625 0.0341796875 0.0458984375
0 0.71337890625 0.4423828125 0.0302734375 0.0390625
0 0.72021484375 0.529296875 0.0341796875 0.0390625
