0 0.89892578125 0.326490713587 0.0517578125 0.0606060606061
0 0.82177734375 0.350928641251 0.0498046875 0.0508308895406
0 0.75732421875 0.389051808407 0.0478515625 0.0527859237537
0 0.6875 0.369990224829 0.041015625 0.0537634408602
0 0.60009765625 0.378299120235 0.0478515625 0.0566959921799
0 0.59814453125 0.278592375367 0.0400390625 0.0508308895406
0 0.5458984375 0.339198435973 0.04296875 0.0527859237537
0 0.45166015625 0.346529814272 0.0458984375 0.0557184750733
0 0.3818359375 0.316226783969 0.04296875 0.0518084066471
0 0.36328125 0.260019550342 0.0390625 0.0547409579668
0 0.31494140625 0.342130987292 0.0439453125 0.0566959921799
0 0.232421875 0.343108504399 0.044921875 0.0566959921799
0 0.1943359375 0.383675464321 0.044921875 0.0518084066471
0 0.2119140625 0.490713587488 0.044921875 0.0527859237537
0 0.1044921875 0.333333333333 0.046875 0.0566959921799
0 0.33935546875 0.493646138807 0.0478515625 0.0547409579668
0 0.49169921875 0.47458455523 0.0517578125 0.0576735092864
0 0.63623046875 0.495601173021 0.0400390625 0.058651026393
0 0.7568359375 0.502443792766 0.044921875 0.0547409579668
0 0.84130859375 0.620234604106 0.0498046875 0.069403714565
0 0.63671875 0.599706744868 0.052734375 0.069403714565
0 0.392578125 0.594330400782 0.05078125 0.0625610948192
0 0.19580078125 0.580156402737 0.0517578125 0.0635386119257
