0 0.2177734375 0.44477028348 0.03125 0.0371456500489
0 0.1650390625 0.423264907136 0.021484375 0.0293255131965
0 0.20166015625 0.415444770283 0.0244140625 0.0234604105572
0 0.2666015625 0.44330400782 0.025390625 0.030303030303
0 0.29931640625 0.436950146628 0.0205078125 0.0254154447703
0 0.29296875 0.478983382209 0.025390625 0.0312805474096
0 0.35009765625 0.456989247312 0.0205078125 0.0263929618768
0 0.388671875 0.460899315738 0.01953125 0.0205278592375
0 0.537109375 0.462854349951 0.01953125 0.0224828934506
0 0.810546875 0.433528836755 0.037109375 0.0439882697947
0 0.7333984375 0.456011730205 0.029296875 0.0361681329423
0 0.6884765625 0.452101661779 0.029296875 0.0342130987292
0 0.642578125 0.432551319648 0.01953125 0.0244379276637
0 0.705078125 0.575757575758 0.033203125 0.0430107526882
0 0.63134765625 0.554252199413 0.0283203125 0.0332355816227
0 0.57421875 0.538611925709 0.0234375 0.0293255131965
0 0.578125 0.491202346041 0.0234375 0.0263929618768
0 0.60986328125 0.493157380254 0.0302734375 0.0361681329423
0 0.52099609375 0.541055718475 0.0205078125 0.0263929618768
0 0.4814453125 0.537145650049 0.01953125 0.0244379276637
0 0.42822265625 0.560117302053 0.0224609375 0.0293255131965
0 0.38623046875 0.543010752688 0.0224609375 0.0283479960899
0 0.3486328125 0.55816226784 0.025390625 0.0371456500489
0 0.2666015625 0.560606060606 0.02734375 0.0322580645161
0 0.19287109375 0.557673509286 0.0322265625 0.0361681329423
0 0.15185546875 0.588954056696 0.0400390625 0.0478983382209
0 0.62744140625 0.652003910068 0.0263671875 0.0332355816227
0 0.5791015625 0.593352883675 0.02734375 0.0410557184751
0 0.5703125 0.650048875855 0.021484375 0.0312805474096
0 0.48583984375 0.621700879765 0.0244140625 0.0273704789834
