0 0.8994140625 0.366080156403 0.033203125 0.0439882697947
0 0.82763671875 0.376344086022 0.0322265625 0.0469208211144
0 0.875 0.451124144673 0.037109375 0.0459433040078
0 0.79296875 0.512707722385 0.03125 0.0459433040078
0 0.69091796875 0.518084066471 0.0283203125 0.0410557184751
0 0.6162109375 0.515151515152 0.03125 0.0449657869013
0 0.76416015625 0.350439882698 0.0322265625 0.0361681329423
0 0.697265625 0.373411534702 0.03125 0.0410557184751
0 0.62451171875 0.376832844575 0.0302734375 0.0381231671554
0 0.55224609375 0.378299120235 0.0302734375 0.0430107526882
0 0.48681640625 0.369990224829 0.0322265625 0.0420332355816
0 0.40673828125 0.349462365591 0.0302734375 0.0400782013685
0 0.322265625 0.352394916911 0.03125 0.0400782013685
0 0.2490234375 0.352394916911 0.03125 0.0420332355816
0 0.16748046875 0.35826001955 0.0302734375 0.0400782013685
0 0.0849609375 0.371945259042 0.03125 0.0400782013685
0 0.541015625 0.510752688172 0.03125 0.0381231671554
0 0.451171875 0.520527859238 0.033203125 0.0459433040078
0 0.35595703125 0.511730205279 0.0341796875 0.0381231671554
0 0.26806640625 0.506353861193 0.0322265625 0.0430107526882
0 0.1826171875 0.500488758553 0.033203125 0.0410557184751
0 0.09716796875 0.448191593353 0.0322265625 0.0478983382209
