0 0.2392578125 0.30742913001 0.033203125 0.0361681329423
0 0.361328125 0.310850439883 0.033203125 0.0469208211144
0 0.26171875 0.436950146628 0.041015625 0.0488758553275
0 0.38232421875 0.434506353861 0.0361328125 0.0478983382209
0 0.46630859375 0.298631476051 0.0341796875 0.0381231671554
0 0.58642578125 0.322091886608 0.0322265625 0.0381231671554
0 0.68212890625 0.33724340176 0.0302734375 0.0371456500489
0 0.51611328125 0.471163245357 0.0380859375 0.0430107526882
0 0.6103515625 0.496578690127 0.03515625 0.0371456500489
0 0.6845703125 0.49853372434 0.033203125 0.0410557184751
