0 0.1015625 0.41642228739 0.025390625 0.0371456500489
0 0.119140625 0.408602150538 0.02734375 0.0351906158358
0 0.212890625 0.41935483871 0.033203125 0.0351906158358
0 0.25439453125 0.400293255132 0.0244140625 0.0322580645161
0 0.3134765625 0.393939393939 0.033203125 0.0351906158358
0 0.52587890625 0.386119257087 0.0244140625 0.0312805474096
0 0.4765625 0.379765395894 0.02734375 0.0283479960899
0 0.4306640625 0.387585532747 0.029296875 0.030303030303
0 0.37255859375 0.333333333333 0.0244140625 0.0273704789834
0 0.74169921875 0.395894428152 0.0283203125 0.0273704789834
0 0.66455078125 0.395894428152 0.0283203125 0.0293255131965
0 0.59521484375 0.395894428152 0.0283203125 0.0293255131965
0 0.56591796875 0.375366568915 0.0263671875 0.0273704789834
0 0.5146484375 0.365102639296 0.02734375 0.0283479960899
0 0.7080078125 0.365591397849 0.0234375 0.0312805474096
0 0.9248046875 0.344086021505 0.0234375 0.0254154447703
0 0.8935546875 0.379765395894 0.02734375 0.030303030303
0 0.849609375 0.372922776149 0.025390625 0.0283479960899
0 0.798828125 0.352883675464 0.025390625 0.0293255131965
0 0.80322265625 0.317693059629 0.0224609375 0.0293255131965
0 0.7861328125 0.390518084066 0.025390625 0.0283479960899
