0 0.1083984375 0.4189453125 0.033203125 0.041015625
0 0.19140625 0.349609375 0.03515625 0.044921875
0 0.1611328125 0.4443359375 0.03515625 0.044921875
0 0.30859375 0.3974609375 0.03125 0.041015625
0 0.2490234375 0.515625 0.03515625 0.044921875
0 0.2978515625 0.47412109375 0.03125 0.0400390625
0 0.39697265625 0.41015625 0.0322265625 0.0390625
0 0.4609375 0.49609375 0.037109375 0.046875
0 0.48583984375 0.39306640625 0.0302734375 0.0400390625
0 0.51806640625 0.43603515625 0.0302734375 0.0400390625
0 0.55908203125 0.37451171875 0.0322265625 0.0400390625
0 0.6083984375 0.3876953125 0.03125 0.0390625
0 0.5966796875 0.49658203125 0.037109375 0.0478515625
0 0.6748046875 0.37548828125 0.03515625 0.0517578125
0 0.7431640625 0.42333984375 0.03515625 0.0498046875
0 0.76806640625 0.501953125 0.0341796875 0.04296875
0 0.8623046875 0.4365234375 0.041015625 0.0546875
0 0.90185546875 0.36962890625 0.0361328125 0.0419921875
