0 0.48486328125 0.674975562072 0.0205078125 0.0244379276637
0 0.4248046875 0.671065493646 0.01953125 0.0244379276637
0 0.263671875 0.568426197458 0.01953125 0.0224828934506
0 0.2001953125 0.574291300098 0.01953125 0.0244379276637
0 0.13818359375 0.585532746823 0.0224609375 0.0234604105572
0 0.09765625 0.603616813294 0.021484375 0.0224828934506
0 0.13671875 0.669110459433 0.0234375 0.0283479960899
0 0.20166015625 0.689638318671 0.0205078125 0.0283479960899
0 0.28515625 0.687194525904 0.01953125 0.0254154447703
0 0.88671875 0.572336265885 0.01953125 0.0263929618768
0 0.83740234375 0.574291300098 0.0205078125 0.0263929618768
0 0.66845703125 0.667644183773 0.0205078125 0.0273704789834
0 0.759765625 0.682306940371 0.021484375 0.0254154447703
0 0.822265625 0.684750733138 0.0234375 0.0283479960899
0 0.603515625 0.677908113392 0.021484375 0.0224828934506
0 0.54296875 0.675953079179 0.01953125 0.0244379276637
