0 0.109375 0.4248046875 0.041015625 0.05078125
0 0.1982421875 0.44287109375 0.041015625 0.0595703125
0 0.265625 0.49853515625 0.048828125 0.0673828125
0 0.34228515625 0.4658203125 0.0458984375 0.060546875
0 0.38427734375 0.41064453125 0.0380859375 0.0576171875
0 0.271484375 0.341796875 0.0390625 0.046875
0 0.423828125 0.3125 0.0390625 0.0546875
0 0.42236328125 0.49951171875 0.0458984375 0.0615234375
0 0.4873046875 0.4814453125 0.044921875 0.056640625
0 0.8740234375 0.52001953125 0.044921875 0.0537109375
0 0.7373046875 0.52783203125 0.046875 0.0654296875
0 0.78173828125 0.4794921875 0.0380859375 0.05078125
0 0.65087890625 0.48583984375 0.0400390625 0.0615234375
0 0.59521484375 0.51123046875 0.0439453125 0.0576171875
0 0.66357421875 0.419921875 0.0380859375 0.056640625
0 0.80517578125 0.42724609375 0.0400390625 0.0537109375
0 0.78369140625 0.35791015625 0.0380859375 0.0537109375
0 0.66064453125 0.32373046875 0.0380859375 0.0478515625
0 0.55029296875 0.3203125 0.0419921875 0.05078125
0 0.517578125 0.42138671875 0.041015625 0.0439453125
