0 0.90087890625 0.44287109375 0.0537109375 0.0634765625
0 0.79345703125 0.45166015625 0.0537109375 0.0615234375
0 0.7314453125 0.390625 0.052734375 0.056640625
0 0.6484375 0.44091796875 0.0546875 0.0615234375
0 0.5087890625 0.4013671875 0.0546875 0.064453125
0 0.4599609375 0.3349609375 0.048828125 0.0546875
0 0.37060546875 0.4248046875 0.0458984375 0.05859375
0 0.322265625 0.39013671875 0.04296875 0.0478515625
0 0.28173828125 0.3466796875 0.0361328125 0.044921875
0 0.24658203125 0.4306640625 0.0537109375 0.060546875
0 0.1630859375 0.38916015625 0.046875 0.0517578125
0 0.11279296875 0.41796875 0.0615234375 0.056640625
