0 0.978515625 0.41650390625 0.025390625 0.0283203125
0 0.9658203125 0.47265625 0.03515625 0.041015625
0 0.9736328125 0.5302734375 0.033203125 0.041015625
0 0.986328125 0.61328125 0.02734375 0.0390625
0 0.8564453125 0.51904296875 0.03515625 0.0400390625
0 0.86865234375 0.46484375 0.0341796875 0.041015625
0 0.8935546875 0.39013671875 0.025390625 0.0283203125
0 0.775390625 0.412109375 0.029296875 0.03125
0 0.68212890625 0.4052734375 0.0244140625 0.029296875
0 0.654296875 0.39501953125 0.0234375 0.0263671875
0 0.69873046875 0.453125 0.0263671875 0.03125
0 0.62646484375 0.44677734375 0.0263671875 0.0322265625
0 0.59716796875 0.3818359375 0.0263671875 0.029296875
0 0.50537109375 0.39501953125 0.0244140625 0.0283203125
0 0.59228515625 0.4775390625 0.0302734375 0.033203125
0 0.63671875 0.49072265625 0.033203125 0.0322265625
0 0.76123046875 0.5458984375 0.0322265625 0.037109375
0 0.7275390625 0.533203125 0.033203125 0.03515625
0 0.68408203125 0.5458984375 0.0341796875 0.0390625
0 0.62109375 0.560546875 0.03125 0.037109375
0 0.5693359375 0.54931640625 0.03125 0.0361328125
0 0.58740234375 0.53271484375 0.0263671875 0.0400390625
0 0.53662109375 0.4931640625 0.0263671875 0.029296875
0 0.53564453125 0.55908203125 0.0283203125 0.0380859375
0 0.5048828125 0.5478515625 0.03125 0.033203125
0 0.48876953125 0.54150390625 0.0283203125 0.0302734375
0 0.498046875 0.513671875 0.0234375 0.02734375
0 0.45703125 0.52294921875 0.01953125 0.0224609375
0 0.43310546875 0.5322265625 0.0244140625 0.03515625
0 0.4619140625 0.4140625 0.0234375 0.02734375
0 0.39794921875 0.42236328125 0.0244140625 0.0263671875
0 0.46240234375 0.5869140625 0.0283203125 0.03515625
0 0.4521484375 0.55322265625 0.025390625 0.0322265625
0 0.3955078125 0.52587890625 0.029296875 0.0380859375
0 0.353515625 0.51513671875 0.029296875 0.0361328125
0 0.35107421875 0.46044921875 0.0244140625 0.0283203125
0 0.31298828125 0.47314453125 0.0244140625 0.0263671875
0 0.27490234375 0.46240234375 0.0263671875 0.0283203125
0 0.26806640625 0.41357421875 0.0244140625 0.0302734375
0 0.2392578125 0.51513671875 0.033203125 0.0380859375
0 0.31689453125 0.53173828125 0.0322265625 0.0380859375
0 0.18896484375 0.5107421875 0.0302734375 0.033203125
0 0.1435546875 0.49560546875 0.029296875 0.0341796875
0 0.107421875 0.505859375 0.025390625 0.029296875
0 0.07861328125 0.5009765625 0.0283203125 0.03125
0 0.0546875 0.43798828125 0.03125 0.0341796875
0 0.0302734375 0.50732421875 0.033203125 0.0361328125
0 0.0146484375 0.49853515625 0.02734375 0.0361328125
0 0.7294921875 0.5068359375 0.0234375 0.04296875
