0 0.97412109375 0.309872922776 0.0263671875 0.0254154447703
0 0.94970703125 0.350928641251 0.0263671875 0.0351906158358
0 0.93896484375 0.315249266862 0.0263671875 0.0361681329423
0 0.89453125 0.335288367546 0.03125 0.039100684262
0 0.82373046875 0.422776148583 0.0634765625 0.0733137829912
0 0.78173828125 0.445747800587 0.0361328125 0.0508308895406
0 0.72314453125 0.433040078201 0.0498046875 0.0606060606061
0 0.84130859375 0.340664711632 0.0244140625 0.0322580645161
0 0.75537109375 0.345063538612 0.0263671875 0.0254154447703
0 0.73583984375 0.377321603128 0.0224609375 0.0273704789834
0 0.67919921875 0.354838709677 0.0244140625 0.0332355816227
0 0.66162109375 0.380254154448 0.0224609375 0.0273704789834
0 0.6318359375 0.375855327468 0.01953125 0.0205278592375
0 0.60693359375 0.36265884653 0.0244140625 0.0332355816227
0 0.546875 0.376344086022 0.0234375 0.0293255131965
0 0.54638671875 0.496089931574 0.0224609375 0.0283479960899
0 0.61279296875 0.513685239492 0.0263671875 0.0322580645161
0 0.5234375 0.519550342131 0.029296875 0.030303030303
0 0.50146484375 0.469208211144 0.0224609375 0.0273704789834
0 0.47216796875 0.520527859238 0.0244140625 0.0283479960899
0 0.45458984375 0.498044965787 0.0224609375 0.0244379276637
0 0.49072265625 0.390518084066 0.0244140625 0.0381231671554
0 0.4677734375 0.392961876833 0.021484375 0.0254154447703
0 0.44921875 0.396871945259 0.01953125 0.0215053763441
0 0.421875 0.385630498534 0.021484375 0.0263929618768
0 0.396484375 0.406647116325 0.01953125 0.0254154447703
0 0.38134765625 0.411045943304 0.0205078125 0.0244379276637
0 0.35302734375 0.422776148583 0.0224609375 0.0283479960899
0 0.3828125 0.508797653959 0.021484375 0.0263929618768
0 0.40673828125 0.516617790811 0.0205078125 0.0263929618768
0 0.43505859375 0.540566959922 0.0244140625 0.0312805474096
0 0.35888671875 0.537634408602 0.0224609375 0.0312805474096
0 0.330078125 0.409579667644 0.01953125 0.0215053763441
0 0.2958984375 0.418377321603 0.021484375 0.0254154447703
0 0.248046875 0.427663734115 0.021484375 0.0263929618768
0 0.21875 0.425219941349 0.01953125 0.0254154447703
0 0.328125 0.511241446725 0.01953125 0.0254154447703
0 0.31494140625 0.546920821114 0.0205078125 0.0244379276637
0 0.2451171875 0.527859237537 0.01953125 0.0234604105572
0 0.22900390625 0.544477028348 0.0224609375 0.0293255131965
0 0.2822265625 0.553274682307 0.0234375 0.0293255131965
0 0.21240234375 0.560606060606 0.0244140625 0.0322580645161
0 0.17919921875 0.499022482893 0.0205078125 0.0263929618768
0 0.1806640625 0.442326490714 0.01953125 0.0244379276637
0 0.15966796875 0.466275659824 0.0205078125 0.0234604105572
0 0.125 0.433040078201 0.01953125 0.0234604105572
0 0.10546875 0.448191593353 0.01953125 0.0263929618768
0 0.13720703125 0.564027370479 0.0263671875 0.0293255131965
0 0.0595703125 0.604594330401 0.0234375 0.030303030303
0 0.0537109375 0.569403714565 0.025390625 0.0263929618768
0 0.08154296875 0.647116324536 0.0439453125 0.0488758553275
0 0.0283203125 0.66568914956 0.0390625 0.0469208211144
0 0.06689453125 0.423753665689 0.0224609375 0.030303030303
0 0.01806640625 0.434506353861 0.0224609375 0.0244379276637
