0 0.1376953125 0.32763671875 0.044921875 0.0537109375
0 0.2177734375 0.30810546875 0.041015625 0.0576171875
0 0.318359375 0.29638671875 0.037109375 0.0498046875
0 0.271484375 0.40185546875 0.046875 0.0615234375
0 0.3974609375 0.4052734375 0.04296875 0.056640625
0 0.43408203125 0.2900390625 0.0439453125 0.056640625
0 0.54248046875 0.28515625 0.0419921875 0.0546875
0 0.5322265625 0.39892578125 0.04296875 0.0595703125
0 0.65673828125 0.30322265625 0.0419921875 0.0537109375
0 0.69189453125 0.39013671875 0.0478515625 0.0673828125
0 0.76611328125 0.3095703125 0.0380859375 0.0546875
0 0.83251953125 0.333984375 0.0458984375 0.0625
