0 0.12890625 0.454056695992 0.025390625 0.030303030303
0 0.1484375 0.433040078201 0.0234375 0.0312805474096
0 0.18896484375 0.450146627566 0.0205078125 0.0224828934506
0 0.2314453125 0.437927663734 0.025390625 0.0254154447703
0 0.20751953125 0.410068426197 0.0263671875 0.0322580645161
0 0.2783203125 0.41495601173 0.025390625 0.030303030303
0 0.31494140625 0.425708699902 0.0244140625 0.030303030303
0 0.34521484375 0.407624633431 0.0224609375 0.0293255131965
0 0.39111328125 0.432551319648 0.0244140625 0.0322580645161
0 0.42236328125 0.402248289345 0.0283203125 0.0361681329423
0 0.470703125 0.430596285435 0.025390625 0.0361681329423
0 0.4921875 0.400293255132 0.0234375 0.0322580645161
0 0.51953125 0.421309872923 0.025390625 0.0332355816227
0 0.556640625 0.41642228739 0.02734375 0.0312805474096
0 0.6123046875 0.424242424242 0.0234375 0.0312805474096
0 0.6005859375 0.393939393939 0.0234375 0.0293255131965
0 0.67724609375 0.410557184751 0.0224609375 0.0312805474096
0 0.70263671875 0.415933528837 0.0244140625 0.0263929618768
0 0.71337890625 0.380254154448 0.0244140625 0.0312805474096
0 0.77587890625 0.394916911046 0.0263671875 0.039100684262
0 0.8603515625 0.393450635386 0.02734375 0.0361681329423
