0 0.9287109375 0.421798631476 0.0390625 0.0459433040078
0 0.84765625 0.448191593353 0.04296875 0.0478983382209
0 0.6201171875 0.418866080156 0.052734375 0.069403714565
0 0.6806640625 0.369012707722 0.021484375 0.030303030303
0 0.5390625 0.418866080156 0.052734375 0.0791788856305
0 0.486328125 0.377321603128 0.041015625 0.0469208211144
0 0.53564453125 0.367546432063 0.0458984375 0.0273704789834
0 0.34521484375 0.50146627566 0.0556640625 0.0782013685239
0 0.3984375 0.383186705767 0.04296875 0.0547409579668
0 0.36669921875 0.376344086022 0.0322265625 0.0410557184751
0 0.3056640625 0.389051808407 0.05078125 0.0684261974585
0 0.15478515625 0.383186705767 0.0458984375 0.058651026393
0 0.0361328125 0.456989247312 0.03125 0.0518084066471
0 0.06005859375 0.381231671554 0.0498046875 0.0547409579668
0 0.01708984375 0.44330400782 0.0341796875 0.0791788856305
0 0.1025390625 0.373900293255 0.037109375 0.0400782013685
0 0.24560546875 0.364613880743 0.0439453125 0.0215053763441
