0 0.857421875 0.37841796875 0.037109375 0.0400390625
0 0.78564453125 0.39697265625 0.0361328125 0.0400390625
0 0.71923828125 0.3828125 0.0302734375 0.03515625
0 0.6396484375 0.39892578125 0.03125 0.0322265625
0 0.58056640625 0.390625 0.0263671875 0.033203125
0 0.51171875 0.38720703125 0.03125 0.0361328125
0 0.37890625 0.40576171875 0.03125 0.0361328125
0 0.44873046875 0.3798828125 0.0283203125 0.03125
0 0.283203125 0.3857421875 0.033203125 0.033203125
0 0.21728515625 0.39599609375 0.0322265625 0.0380859375
0 0.12890625 0.3798828125 0.037109375 0.041015625
