0 0.1064453125 0.55029296875 0.03125 0.0400390625
0 0.22265625 0.47607421875 0.033203125 0.0458984375
0 0.2294921875 0.6015625 0.04296875 0.05078125
0 0.34814453125 0.5947265625 0.0380859375 0.048828125
0 0.34716796875 0.541015625 0.0283203125 0.03125
0 0.4306640625 0.53466796875 0.025390625 0.0322265625
0 0.33203125 0.4853515625 0.03515625 0.048828125
0 0.283203125 0.46484375 0.0234375 0.03125
0 0.5185546875 0.70556640625 0.03125 0.0263671875
0 0.625 0.6533203125 0.03515625 0.037109375
0 0.6904296875 0.6318359375 0.03125 0.029296875
0 0.03271484375 0.3837890625 0.0224609375 0.021484375
0 0.68115234375 0.462890625 0.0205078125 0.025390625
