0 0.09326171875 0.31884765625 0.0439453125 0.0458984375
0 0.21337890625 0.3291015625 0.0361328125 0.046875
0 0.25634765625 0.50537109375 0.0439453125 0.0439453125
0 0.337890625 0.4501953125 0.03515625 0.041015625
0 0.32470703125 0.37353515625 0.0322265625 0.0400390625
0 0.3935546875 0.43310546875 0.033203125 0.0400390625
0 0.43701171875 0.53271484375 0.0419921875 0.0458984375
0 0.529296875 0.462890625 0.03125 0.03515625
0 0.60009765625 0.5205078125 0.0400390625 0.044921875
0 0.65625 0.4736328125 0.037109375 0.041015625
0 0.77294921875 0.50537109375 0.0419921875 0.0478515625
0 0.796875 0.3369140625 0.03125 0.0390625
0 0.84228515625 0.33642578125 0.0302734375 0.0361328125
0 0.94873046875 0.52099609375 0.0439453125 0.0439453125
