0 0.89453125 0.340175953079 0.0390625 0.0449657869013
0 0.8857421875 0.475562072336 0.04296875 0.0439882697947
0 0.85498046875 0.550830889541 0.0458984375 0.0537634408602
0 0.80224609375 0.52541544477 0.0380859375 0.0439882697947
0 0.7919921875 0.351417399804 0.033203125 0.0400782013685
0 0.82958984375 0.369012707722 0.0244140625 0.0342130987292
0 0.8603515625 0.356304985337 0.033203125 0.0361681329423
0 0.76416015625 0.373900293255 0.0263671875 0.0342130987292
0 0.716796875 0.376344086022 0.02734375 0.0312805474096
0 0.7255859375 0.350439882698 0.025390625 0.030303030303
0 0.77392578125 0.347018572825 0.0205078125 0.0254154447703
0 0.68408203125 0.361681329423 0.0283203125 0.0332355816227
0 0.65234375 0.376344086022 0.029296875 0.0351906158358
0 0.62451171875 0.372434017595 0.0224609375 0.0293255131965
0 0.64208984375 0.347018572825 0.0263671875 0.0254154447703
0 0.66845703125 0.52834799609 0.0302734375 0.0361681329423
0 0.7568359375 0.572825024438 0.03515625 0.039100684262
0 0.611328125 0.576246334311 0.0390625 0.0478983382209
0 0.52880859375 0.579667644184 0.0341796875 0.0410557184751
0 0.5693359375 0.504887585533 0.029296875 0.0361681329423
0 0.5146484375 0.506842619746 0.02734375 0.0342130987292
0 0.4833984375 0.524926686217 0.03125 0.0371456500489
0 0.40869140625 0.584066471163 0.0380859375 0.0420332355816
0 0.390625 0.546920821114 0.029296875 0.0342130987292
0 0.5947265625 0.377810361681 0.02734375 0.0342130987292
0 0.58056640625 0.353861192571 0.0244140625 0.0273704789834
0 0.5615234375 0.39247311828 0.025390625 0.0342130987292
0 0.54931640625 0.348973607038 0.0263671875 0.0293255131965
0 0.525390625 0.365591397849 0.025390625 0.0312805474096
0 0.5068359375 0.345063538612 0.0234375 0.0293255131965
0 0.484375 0.360215053763 0.02734375 0.030303030303
0 0.44775390625 0.369012707722 0.0283203125 0.0361681329423
0 0.4111328125 0.346529814272 0.02734375 0.030303030303
0 0.3701171875 0.370478983382 0.029296875 0.0351906158358
0 0.38623046875 0.355816226784 0.0224609375 0.0312805474096
0 0.33251953125 0.363147605083 0.0244140625 0.0322580645161
0 0.3037109375 0.384652981427 0.02734375 0.0283479960899
0 0.306640625 0.352883675464 0.025390625 0.0293255131965
0 0.2666015625 0.360703812317 0.025390625 0.0332355816227
0 0.2353515625 0.356304985337 0.029296875 0.0361681329423
0 0.181640625 0.344086021505 0.037109375 0.0430107526882
0 0.2109375 0.369012707722 0.0234375 0.0263929618768
0 0.09716796875 0.349462365591 0.0458984375 0.0439882697947
0 0.1396484375 0.354349951124 0.0234375 0.030303030303
0 0.11279296875 0.366568914956 0.0224609375 0.0254154447703
0 0.29541015625 0.597751710655 0.0361328125 0.0420332355816
0 0.28759765625 0.528836754643 0.0322265625 0.0371456500489
0 0.16796875 0.536168132942 0.04296875 0.049853372434
