0 0.0654296875 0.278592375367 0.072265625 0.0899315738025
0 0.1416015625 0.239491691105 0.083984375 0.0899315738025
0 0.1728515625 0.317693059629 0.087890625 0.0977517106549
0 0.251953125 0.259042033236 0.078125 0.101661779081
0 0.3603515625 0.221896383187 0.072265625 0.058651026393
0 0.3349609375 0.301075268817 0.080078125 0.099706744868
0 0.427734375 0.258064516129 0.06640625 0.0957966764418
0 0.4990234375 0.27468230694 0.068359375 0.105571847507
0 0.576171875 0.243401759531 0.06640625 0.0860215053763
0 0.630859375 0.30303030303 0.078125 0.111436950147
0 0.7353515625 0.229716520039 0.072265625 0.0782013685239
0 0.728515625 0.336265884653 0.078125 0.119257086999
0 0.8154296875 0.287390029326 0.076171875 0.103616813294
0 0.921875 0.258064516129 0.07421875 0.111436950147
0 0.97265625 0.237536656891 0.0546875 0.0821114369501
0 0.8349609375 0.225806451613 0.076171875 0.0664711632454
0 0.869140625 0.367546432063 0.08203125 0.111436950147
0 0.9453125 0.44477028348 0.078125 0.0938416422287
0 0.7861328125 0.440860215054 0.080078125 0.0977517106549
0 0.6357421875 0.430107526882 0.076171875 0.0957966764418
0 0.0888671875 0.397849462366 0.091796875 0.117302052786
0 0.0703125 0.517106549365 0.09375 0.11339198436
0 0.2021484375 0.453567937439 0.087890625 0.10752688172
0 0.2626953125 0.377321603128 0.072265625 0.103616813294
0 0.3505859375 0.431085043988 0.083984375 0.11339198436
0 0.431640625 0.39100684262 0.08203125 0.10752688172
0 0.4931640625 0.453567937439 0.083984375 0.103616813294
0 0.5537109375 0.371456500489 0.080078125 0.10752688172
0 0.2197265625 0.570869990225 0.095703125 0.130987292278
0 0.4228515625 0.5522971652 0.091796875 0.121212121212
0 0.560546875 0.560117302053 0.0859375 0.117302052786
0 0.70703125 0.547409579668 0.09765625 0.134897360704
0 0.8603515625 0.532746823069 0.095703125 0.11339198436
