0 0.1005859375 0.2109375 0.123046875 0.154296875
0 0.2392578125 0.220703125 0.115234375 0.162109375
0 0.0849609375 0.3564453125 0.134765625 0.1484375
0 0.1103515625 0.5595703125 0.138671875 0.19921875
0 0.2705078125 0.4677734375 0.146484375 0.16796875
0 0.3662109375 0.3037109375 0.142578125 0.17578125
0 0.537109375 0.185546875 0.0859375 0.099609375
0 0.5166015625 0.314453125 0.142578125 0.201171875
0 0.6533203125 0.2060546875 0.126953125 0.13671875
0 0.666015625 0.39453125 0.140625 0.220703125
0 0.7978515625 0.220703125 0.126953125 0.146484375
0 0.9326171875 0.2001953125 0.111328125 0.1171875
0 0.9384765625 0.3193359375 0.123046875 0.16015625
0 0.837890625 0.5234375 0.12890625 0.169921875
0 0.5068359375 0.55859375 0.126953125 0.185546875
0 0.4365234375 0.1943359375 0.107421875 0.125
