0 0.79638671875 0.65283203125 0.1669921875 0.2392578125
0 0.8212890625 0.423828125 0.05859375 0.07421875
0 0.982421875 0.373046875 0.01953125 0.021484375
0 0.89453125 0.42529296875 0.01953125 0.0224609375
0 0.56591796875 0.4560546875 0.0341796875 0.02734375
0 0.408203125 0.435546875 0.03515625 0.03515625
0 0.31103515625 0.43359375 0.0322265625 0.04296875
0 0.15478515625 0.47119140625 0.0302734375 0.0322265625
0 0.2138671875 0.44921875 0.01953125 0.021484375
0 0.10302734375 0.46533203125 0.0283203125 0.0302734375
0 0.11669921875 0.421875 0.0244140625 0.029296875
0 0.0478515625 0.43603515625 0.02734375 0.0263671875
0 0.01806640625 0.44091796875 0.0224609375 0.0244140625
