0 0.1416015625 0.5 0.033203125 0.0400782013685
0 0.236328125 0.490224828935 0.03125 0.0459433040078
0 0.064453125 0.449657869013 0.037109375 0.0430107526882
0 0.08642578125 0.41348973607 0.0322265625 0.0430107526882
0 0.169921875 0.436950146628 0.037109375 0.0430107526882
0 0.19140625 0.407624633431 0.03125 0.0430107526882
0 0.2548828125 0.423264907136 0.033203125 0.0410557184751
0 0.306640625 0.453567937439 0.03125 0.0508308895406
0 0.21630859375 0.347018572825 0.0302734375 0.0351906158358
0 0.3017578125 0.378787878788 0.03125 0.0439882697947
0 0.35009765625 0.33137829912 0.0283203125 0.0430107526882
0 0.38037109375 0.396383186706 0.0341796875 0.0420332355816
0 0.43017578125 0.378787878788 0.0302734375 0.0381231671554
0 0.4736328125 0.319159335288 0.02734375 0.0381231671554
0 0.49755859375 0.378299120235 0.0341796875 0.0488758553275
0 0.56201171875 0.376832844575 0.0302734375 0.0322580645161
0 0.5849609375 0.455522971652 0.029296875 0.039100684262
0 0.6279296875 0.434506353861 0.03125 0.0439882697947
0 0.65576171875 0.400293255132 0.0302734375 0.0439882697947
0 0.642578125 0.337732160313 0.029296875 0.0342130987292
0 0.490234375 0.454056695992 0.029296875 0.0381231671554
0 0.677734375 0.46871945259 0.03515625 0.0459433040078
0 0.771484375 0.487781036168 0.03125 0.039100684262
0 0.8671875 0.496578690127 0.033203125 0.0410557184751
0 0.80859375 0.422287390029 0.02734375 0.039100684262
0 0.84521484375 0.462365591398 0.0322265625 0.0449657869013
0 0.71435546875 0.42082111437 0.0283203125 0.0361681329423
0 0.7548828125 0.41495601173 0.029296875 0.0322580645161
0 0.73388671875 0.358748778104 0.0302734375 0.039100684262
0 0.818359375 0.35826001955 0.02734375 0.0439882697947
0 0.94287109375 0.482404692082 0.0302734375 0.0381231671554
0 0.40576171875 0.449657869013 0.0302734375 0.039100684262
