0 0.10791015625 0.54150390625 0.0361328125 0.0458984375
0 0.162109375 0.416015625 0.03125 0.04296875
0 0.2607421875 0.455078125 0.021484375 0.029296875
0 0.283203125 0.36328125 0.01953125 0.02734375
0 0.384765625 0.36865234375 0.01953125 0.0263671875
0 0.37939453125 0.4912109375 0.0302734375 0.0390625
0 0.26953125 0.49609375 0.01953125 0.01953125
0 0.49365234375 0.396484375 0.0283203125 0.0390625
0 0.5107421875 0.52294921875 0.029296875 0.0400390625
0 0.5859375 0.46240234375 0.0234375 0.0263671875
0 0.64013671875 0.39599609375 0.0244140625 0.0302734375
0 0.736328125 0.42529296875 0.021484375 0.0263671875
0 0.732421875 0.48388671875 0.0234375 0.0322265625
0 0.82666015625 0.396484375 0.0302734375 0.037109375
0 0.765625 0.548828125 0.025390625 0.033203125
0 0.84423828125 0.49853515625 0.0263671875 0.0380859375
0 0.9384765625 0.50244140625 0.029296875 0.0322265625
0 0.25537109375 0.7060546875 0.0302734375 0.0390625
0 0.4453125 0.6826171875 0.03125 0.0390625
0 0.66162109375 0.70654296875 0.0283203125 0.0380859375
0 0.73779296875 0.67626953125 0.0263671875 0.0341796875
