0 0.9599609375 0.48388671875 0.072265625 0.0947265625
0 0.72265625 0.447265625 0.0625 0.076171875
0 0.78759765625 0.3798828125 0.0380859375 0.048828125
0 0.96826171875 0.365234375 0.0283203125 0.033203125
0 0.6572265625 0.34619140625 0.02734375 0.0302734375
0 0.92578125 0.359375 0.01953125 0.025390625
0 0.58642578125 0.3408203125 0.0224609375 0.029296875
0 0.5419921875 0.4189453125 0.05078125 0.052734375
0 0.6171875 0.46240234375 0.060546875 0.0615234375
0 0.54638671875 0.35400390625 0.0205078125 0.0322265625
0 0.326171875 0.3662109375 0.033203125 0.033203125
0 0.39208984375 0.4375 0.0517578125 0.0625
0 0.31689453125 0.55859375 0.0849609375 0.099609375
0 0.14453125 0.48681640625 0.0703125 0.0849609375
0 0.06396484375 0.369140625 0.0244140625 0.025390625
