0 0.90869140625 0.393939393939 0.0361328125 0.039100684262
0 0.8125 0.360703812317 0.0390625 0.0469208211144
0 0.75537109375 0.328445747801 0.0341796875 0.039100684262
0 0.7138671875 0.369990224829 0.03125 0.0361681329423
0 0.6767578125 0.339198435973 0.03125 0.0351906158358
0 0.6103515625 0.358748778104 0.029296875 0.0371456500489
0 0.46435546875 0.376344086022 0.0302734375 0.0351906158358
0 0.4013671875 0.363147605083 0.037109375 0.0420332355816
0 0.30615234375 0.375855327468 0.0322265625 0.0381231671554
0 0.220703125 0.345063538612 0.033203125 0.0371456500489
0 0.15673828125 0.382697947214 0.0341796875 0.0400782013685
0 0.08349609375 0.378787878788 0.0341796875 0.0381231671554
0 0.54931640625 0.357282502444 0.0322265625 0.0381231671554
