0 0.12255859375 0.343597262952 0.0439453125 0.0596285434995
0 0.25390625 0.369012707722 0.041015625 0.049853372434
0 0.31201171875 0.341642228739 0.0380859375 0.049853372434
0 0.44287109375 0.314271749756 0.0439453125 0.0557184750733
0 0.5517578125 0.347018572825 0.0390625 0.0508308895406
0 0.6220703125 0.324535679374 0.041015625 0.0508308895406
0 0.68603515625 0.294232649071 0.0458984375 0.0645161290323
0 0.7275390625 0.336754643206 0.044921875 0.0596285434995
0 0.828125 0.327468230694 0.04296875 0.0566959921799
0 0.90966796875 0.337732160313 0.0458984375 0.0557184750733
