0 0.23095703125 0.52880859375 0.0908203125 0.1181640625
0 0.24755859375 0.3837890625 0.0615234375 0.064453125
0 0.3505859375 0.3662109375 0.056640625 0.05859375
0 0.40283203125 0.59619140625 0.0947265625 0.0927734375
0 0.4716796875 0.41064453125 0.05859375 0.0634765625
0 0.59326171875 0.3955078125 0.0478515625 0.052734375
0 0.5546875 0.51171875 0.0703125 0.0859375
0 0.6484375 0.6064453125 0.076171875 0.099609375
0 0.70458984375 0.4228515625 0.0556640625 0.052734375
0 0.8017578125 0.43798828125 0.064453125 0.0712890625
0 0.96142578125 0.51123046875 0.0400390625 0.0576171875
