0 0.255859375 0.5908203125 0.021484375 0.029296875
0 0.2919921875 0.5859375 0.0234375 0.025390625
0 0.36669921875 0.57568359375 0.0224609375 0.0263671875
0 0.4306640625 0.56787109375 0.01953125 0.0244140625
0 0.4140625 0.53515625 0.021484375 0.025390625
0 0.2861328125 0.5283203125 0.01953125 0.01953125
0 0.06494140625 0.54736328125 0.0302734375 0.0341796875
0 0.0380859375 0.51025390625 0.01953125 0.0224609375
0 0.5478515625 0.5439453125 0.021484375 0.02734375
0 0.5478515625 0.58447265625 0.01953125 0.0283203125
0 0.5048828125 0.609375 0.0234375 0.0234375
0 0.58935546875 0.58056640625 0.0224609375 0.0244140625
0 0.60888671875 0.60791015625 0.0224609375 0.0283203125
0 0.66357421875 0.6171875 0.0244140625 0.029296875
0 0.69775390625 0.57958984375 0.0244140625 0.0283203125
0 0.646484375 0.56640625 0.02734375 0.03125
0 0.62109375 0.54296875 0.01953125 0.01953125
0 0.474609375 0.529296875 0.01953125 0.021484375
0 0.4697265625 0.564453125 0.0234375 0.0234375
0 0.90576171875 0.5732421875 0.0205078125 0.0234375
0 0.74560546875 0.5595703125 0.0224609375 0.02734375
0 0.7431640625 0.59765625 0.025390625 0.03125
0 0.01025390625 0.63916015625 0.0205078125 0.0341796875
