0 0.18408203125 0.69189453125 0.0283203125 0.0302734375
0 0.1923828125 0.66015625 0.029296875 0.02734375
0 0.21337890625 0.61376953125 0.0244140625 0.0283203125
0 0.2587890625 0.62109375 0.02734375 0.033203125
0 0.32421875 0.60791015625 0.02734375 0.0322265625
0 0.365234375 0.66650390625 0.029296875 0.0322265625
0 0.388671875 0.607421875 0.025390625 0.029296875
0 0.419921875 0.6630859375 0.02734375 0.02734375
0 0.4521484375 0.650390625 0.0234375 0.02734375
0 0.43994140625 0.62158203125 0.0244140625 0.0283203125
0 0.49072265625 0.65625 0.0263671875 0.02734375
0 0.4794921875 0.6240234375 0.025390625 0.02734375
0 0.52197265625 0.60986328125 0.0244140625 0.0263671875
0 0.59619140625 0.60986328125 0.0224609375 0.0263671875
0 0.6181640625 0.63916015625 0.0234375 0.0244140625
0 0.65380859375 0.6318359375 0.0205078125 0.021484375
0 0.6748046875 0.64990234375 0.021484375 0.0263671875
0 0.73486328125 0.65966796875 0.0244140625 0.0263671875
0 0.7421875 0.60595703125 0.0234375 0.0244140625
0 0.78173828125 0.609375 0.0224609375 0.0234375
0 0.76611328125 0.6552734375 0.0224609375 0.0234375
0 0.79248046875 0.6796875 0.0224609375 0.0234375
0 0.80810546875 0.6513671875 0.0244140625 0.0234375
