0 0.03173828125 0.5615234375 0.0283203125 0.03125
0 0.11083984375 0.55908203125 0.0263671875 0.0322265625
0 0.130859375 0.54345703125 0.01953125 0.0224609375
0 0.17578125 0.54638671875 0.021484375 0.0283203125
0 0.2421875 0.54931640625 0.021484375 0.0283203125
0 0.31103515625 0.5341796875 0.0205078125 0.029296875
0 0.37158203125 0.53564453125 0.0205078125 0.0283203125
0 0.7587890625 0.52392578125 0.01953125 0.0205078125
0 0.849609375 0.546875 0.01953125 0.025390625
0 0.9248046875 0.5419921875 0.021484375 0.021484375
0 0.0634765625 0.4541015625 0.021484375 0.025390625
0 0.1162109375 0.46875 0.021484375 0.025390625
0 0.1826171875 0.46826171875 0.021484375 0.0224609375
0 0.2236328125 0.47265625 0.01953125 0.021484375
0 0.35400390625 0.46826171875 0.0205078125 0.0244140625
0 0.9599609375 0.4599609375 0.0234375 0.0234375
