0 0.344311377246 0.635377711294 0.0194610778443 0.0201944652206
0 0.399326347305 0.628646222887 0.0187125748503 0.0201944652206
0 0.280688622754 0.627898279731 0.0194610778443 0.0201944652206
0 0.240269461078 0.624906507105 0.0239520958084 0.0246821241586
0 0.292290419162 0.588631264024 0.0217065868263 0.0269259536275
0 0.360778443114 0.589005235602 0.0209580838323 0.0261780104712
0 0.431137724551 0.594988780853 0.0194610778443 0.0216903515333
0 0.308008982036 0.700448765894 0.0232035928144 0.0246821241586
0 0.401946107784 0.705684367988 0.0239520958084 0.0276738967838
0 0.491766467066 0.699700822737 0.0209580838323 0.0291697830965
0 0.546781437126 0.608077786088 0.0187125748503 0.0239341810022
0 0.577095808383 0.635751682872 0.0179640718563 0.0239341810022
0 0.515344311377 0.64023934181 0.0217065868263 0.020942408377
0 0.494386227545 0.589753178758 0.0172155688623 0.0216903515333
0 0.449850299401 0.630516080778 0.0194610778443 0.0224382946896
0 0.768338323353 0.614809274495 0.0232035928144 0.0314136125654
0 0.677395209581 0.700448765894 0.0254491017964 0.0321615557218
0 0.587200598802 0.692969334331 0.0232035928144 0.0291697830965
0 0.696107784431 0.622288706058 0.0194610778443 0.0224382946896
0 0.733907185629 0.598354525056 0.0202095808383 0.0224382946896
0 0.664296407186 0.604338070307 0.0187125748503 0.020942408377
0 0.633233532934 0.629768137622 0.0209580838323 0.0254300673149
0 0.601796407186 0.609199700823 0.0179640718563 0.0201944652206
0 0.614146706587 0.578160059835 0.0172155688623 0.0179506357517
0 0.741392215569 0.534405385191 0.0187125748503 0.0231862378459
0 0.708832335329 0.484667165295 0.0179640718563 0.020942408377
0 0.673652694611 0.469334330591 0.0179640718563 0.018698578908
0 0.645209580838 0.501121914734 0.0194610778443 0.0239341810022
0 0.705089820359 0.531787584144 0.0164670658683 0.020942408377
0 0.669535928144 0.545624532536 0.0202095808383 0.0246821241586
0 0.605538922156 0.480553477936 0.0164670658683 0.0216903515333
0 0.607784431138 0.543380703067 0.0164670658683 0.0216903515333
0 0.575973053892 0.523560209424 0.0187125748503 0.020942408377
0 0.542290419162 0.476439790576 0.0187125748503 0.020942408377
0 0.50748502994 0.49588631264 0.0179640718563 0.0224382946896
0 0.489895209581 0.55086013463 0.0217065868263 0.0261780104712
0 0.460329341317 0.488032909499 0.0164670658683 0.0201944652206
0 0.455089820359 0.573672400898 0.0194610778443 0.0224382946896
0 0.546407185629 0.541136873598 0.0194610778443 0.0231862378459
0 0.406062874251 0.477935676889 0.0187125748503 0.0194465220643
0 0.394461077844 0.51421091997 0.0194610778443 0.0201944652206
0 0.427020958084 0.546372475692 0.0172155688623 0.018698578908
0 0.325973053892 0.462976813762 0.0172155688623 0.0194465220643
0 0.349550898204 0.52842183994 0.0179640718563 0.0201944652206
0 0.280688622754 0.532909498878 0.0209580838323 0.0216903515333
0 0.274700598802 0.486910994764 0.0179640718563 0.0224382946896
0 0.395583832335 0.557217651458 0.0187125748503 0.0224382946896
0 0.318113772455 0.559087509349 0.0179640718563 0.0231862378459
0 0.345808383234 0.492520568437 0.0179640718563 0.0231862378459
