0 0.837890625 0.388671875 0.052734375 0.06640625
0 0.744140625 0.373046875 0.046875 0.056640625
0 0.6767578125 0.39404296875 0.046875 0.0498046875
0 0.62060546875 0.3876953125 0.0419921875 0.048828125
0 0.50732421875 0.3544921875 0.0380859375 0.046875
0 0.47802734375 0.48193359375 0.0419921875 0.0517578125
0 0.5595703125 0.59716796875 0.037109375 0.0478515625
0 0.38037109375 0.38623046875 0.0380859375 0.0478515625
0 0.28173828125 0.3720703125 0.0556640625 0.0625
0 0.111328125 0.359375 0.046875 0.048828125
0 0.2705078125 0.6025390625 0.05078125 0.0546875
