0 0.1875 0.319159335288 0.037109375 0.0420332355816
0 0.095703125 0.331867057674 0.0390625 0.0459433040078
0 0.43896484375 0.395405669599 0.0302734375 0.0381231671554
0 0.3876953125 0.356793743891 0.03125 0.0410557184751
0 0.33203125 0.366080156403 0.03125 0.0400782013685
0 0.2666015625 0.355327468231 0.033203125 0.0439882697947
0 0.46875 0.363147605083 0.033203125 0.0361681329423
0 0.654296875 0.372922776149 0.033203125 0.0361681329423
0 0.61669921875 0.347507331378 0.0283203125 0.0322580645161
0 0.58349609375 0.384652981427 0.0322265625 0.0381231671554
0 0.546875 0.345552297165 0.03515625 0.0381231671554
0 0.5126953125 0.342130987292 0.03125 0.0351906158358
0 0.78466796875 0.367546432063 0.0361328125 0.0410557184751
0 0.71435546875 0.364613880743 0.0361328125 0.0430107526882
0 0.8994140625 0.330400782014 0.0390625 0.0449657869013
