0 0.828125 0.4912109375 0.021484375 0.025390625
0 0.7783203125 0.51025390625 0.01953125 0.0263671875
0 0.73876953125 0.51708984375 0.0205078125 0.0244140625
0 0.70361328125 0.4970703125 0.0224609375 0.025390625
0 0.6591796875 0.52197265625 0.025390625 0.0283203125
0 0.60302734375 0.5126953125 0.0244140625 0.025390625
0 0.5888671875 0.46435546875 0.021484375 0.0205078125
0 0.5703125 0.517578125 0.021484375 0.0234375
0 0.5361328125 0.47802734375 0.021484375 0.0224609375
0 0.509765625 0.46875 0.01953125 0.0234375
0 0.5205078125 0.52001953125 0.021484375 0.0283203125
0 0.47216796875 0.5263671875 0.0224609375 0.025390625
0 0.4765625 0.490234375 0.021484375 0.029296875
0 0.4873046875 0.46044921875 0.01953125 0.0224609375
0 0.44580078125 0.45703125 0.0205078125 0.0234375
0 0.43701171875 0.51904296875 0.0205078125 0.0244140625
0 0.37353515625 0.5341796875 0.0244140625 0.025390625
0 0.365234375 0.5078125 0.0234375 0.0234375
0 0.39208984375 0.47119140625 0.0205078125 0.0244140625
0 0.328125 0.5048828125 0.021484375 0.021484375
0 0.314453125 0.52734375 0.0234375 0.025390625
0 0.2802734375 0.51318359375 0.0234375 0.0263671875
0 0.26416015625 0.53662109375 0.0244140625 0.0263671875
0 0.177734375 0.5234375 0.0234375 0.0234375
0 0.21533203125 0.50634765625 0.0205078125 0.0244140625
0 0.22607421875 0.54345703125 0.0224609375 0.0244140625
0 0.5048828125 0.6123046875 0.025390625 0.02734375
