0 0.10302734375 0.397849462366 0.0244140625 0.0312805474096
0 0.1689453125 0.371456500489 0.029296875 0.0371456500489
0 0.25732421875 0.390029325513 0.0244140625 0.0351906158358
0 0.32275390625 0.36119257087 0.0263671875 0.0361681329423
0 0.40087890625 0.354838709677 0.0263671875 0.0410557184751
0 0.49560546875 0.369990224829 0.0244140625 0.0381231671554
0 0.583984375 0.367057673509 0.02734375 0.0342130987292
0 0.68310546875 0.367057673509 0.0302734375 0.0381231671554
0 0.740234375 0.397360703812 0.0234375 0.0342130987292
0 0.82763671875 0.352883675464 0.0283203125 0.0371456500489
0 0.89306640625 0.387096774194 0.0283203125 0.0332355816227
0 0.86669921875 0.453079178886 0.0283203125 0.0381231671554
0 0.76611328125 0.458944281525 0.0283203125 0.0322580645161
0 0.71337890625 0.456500488759 0.0263671875 0.0351906158358
0 0.69775390625 0.500488758553 0.0244140625 0.0234604105572
0 0.82080078125 0.543499511241 0.0302734375 0.039100684262
0 0.6455078125 0.55669599218 0.025390625 0.0342130987292
0 0.60986328125 0.475073313783 0.0263671875 0.0273704789834
0 0.525390625 0.450146627566 0.0234375 0.0322580645161
0 0.46728515625 0.442815249267 0.0263671875 0.0371456500489
0 0.38330078125 0.446725317693 0.0244140625 0.0332355816227
0 0.30224609375 0.475073313783 0.0244140625 0.0332355816227
0 0.2314453125 0.469696969697 0.025390625 0.0342130987292
0 0.1484375 0.559139784946 0.02734375 0.0332355816227
0 0.19091796875 0.58651026393 0.0244140625 0.0273704789834
0 0.2353515625 0.557673509286 0.025390625 0.0342130987292
0 0.2958984375 0.557673509286 0.025390625 0.0283479960899
0 0.35302734375 0.566959921799 0.0224609375 0.0254154447703
0 0.4091796875 0.543988269795 0.021484375 0.030303030303
0 0.576171875 0.552785923754 0.029296875 0.0342130987292
