0 0.55810546875 0.45849609375 0.0283203125 0.0341796875
0 0.5419921875 0.45361328125 0.02734375 0.0283203125
0 0.48046875 0.435546875 0.029296875 0.03125
0 0.4404296875 0.45458984375 0.033203125 0.0458984375
0 0.48486328125 0.400390625 0.0205078125 0.021484375
0 0.33251953125 0.65966796875 0.0693359375 0.0791015625
0 0.37548828125 0.5693359375 0.0517578125 0.0703125
0 0.2001953125 0.42431640625 0.01953125 0.0224609375
0 0.16015625 0.44384765625 0.0234375 0.0263671875
0 0.0400390625 0.47021484375 0.029296875 0.0322265625
