0 0.30712890625 0.54150390625 0.0244140625 0.0263671875
0 0.24267578125 0.5185546875 0.0244140625 0.029296875
0 0.1748046875 0.5263671875 0.021484375 0.025390625
0 0.318359375 0.455078125 0.021484375 0.02734375
0 0.39453125 0.5732421875 0.021484375 0.02734375
0 0.03662109375 0.380859375 0.0224609375 0.025390625
0 0.6513671875 0.4775390625 0.01953125 0.0234375
0 0.6298828125 0.53515625 0.0234375 0.025390625
0 0.55712890625 0.5380859375 0.0244140625 0.02734375
0 0.51171875 0.46044921875 0.01953125 0.0224609375
0 0.470703125 0.5478515625 0.0234375 0.033203125
0 0.40576171875 0.43359375 0.0224609375 0.03125
