0 0.36865234375 0.3798828125 0.0458984375 0.05078125
0 0.314453125 0.3779296875 0.037109375 0.04296875
0 0.26611328125 0.3486328125 0.0478515625 0.056640625
0 0.20751953125 0.3623046875 0.0498046875 0.064453125
0 0.61083984375 0.39453125 0.0361328125 0.037109375
0 0.65869140625 0.470703125 0.0380859375 0.041015625
0 0.54296875 0.40478515625 0.037109375 0.0380859375
0 0.4208984375 0.3994140625 0.041015625 0.05078125
0 0.44970703125 0.40234375 0.0361328125 0.04296875
0 0.5234375 0.49267578125 0.041015625 0.0439453125
0 0.92724609375 0.470703125 0.0322265625 0.03515625
0 0.82666015625 0.4384765625 0.0380859375 0.037109375
0 0.732421875 0.3974609375 0.037109375 0.041015625
0 0.67431640625 0.60400390625 0.0400390625 0.0458984375
0 0.60546875 0.6259765625 0.044921875 0.056640625
0 0.48291015625 0.634765625 0.0458984375 0.052734375
0 0.84912109375 0.61181640625 0.0400390625 0.0439453125
