0 0.63134765625 0.519550342131 0.0380859375 0.0439882697947
0 0.64599609375 0.397360703812 0.0322265625 0.0439882697947
0 0.61279296875 0.386119257087 0.0263671875 0.0332355816227
0 0.5537109375 0.391495601173 0.03125 0.0381231671554
0 0.50146484375 0.410068426197 0.0244140625 0.0322580645161
0 0.44189453125 0.399804496579 0.0263671875 0.0293255131965
0 0.49365234375 0.512707722385 0.0361328125 0.0439882697947
0 0.39306640625 0.393939393939 0.0244140625 0.0332355816227
0 0.40087890625 0.508797653959 0.0341796875 0.0400782013685
0 0.31396484375 0.554740957967 0.0302734375 0.0400782013685
0 0.24658203125 0.536168132942 0.0341796875 0.0420332355816
0 0.3603515625 0.4403714565 0.02734375 0.0381231671554
0 0.3486328125 0.399804496579 0.021484375 0.0293255131965
0 0.30908203125 0.419843597263 0.0244140625 0.030303030303
0 0.263671875 0.410557184751 0.025390625 0.0273704789834
0 0.2275390625 0.432551319648 0.029296875 0.0400782013685
0 0.18212890625 0.41348973607 0.0283203125 0.0312805474096
0 0.1572265625 0.431085043988 0.025390625 0.0371456500489
