0 0.3955078125 0.35205078125 0.03515625 0.0380859375
0 0.33349609375 0.52099609375 0.0419921875 0.0400390625
0 0.27001953125 0.33935546875 0.0341796875 0.0380859375
0 0.17333984375 0.310546875 0.0322265625 0.044921875
0 0.0869140625 0.33984375 0.03125 0.03515625
0 0.13623046875 0.5205078125 0.0419921875 0.046875
0 0.017578125 0.51708984375 0.03515625 0.0439453125
0 0.83349609375 0.34912109375 0.0439453125 0.0537109375
0 0.68994140625 0.349609375 0.0400390625 0.05078125
0 0.74560546875 0.55224609375 0.0478515625 0.0498046875
0 0.59619140625 0.3447265625 0.0361328125 0.041015625
0 0.6630859375 0.56103515625 0.044921875 0.0498046875
0 0.54296875 0.55615234375 0.04296875 0.0458984375
0 0.5087890625 0.3369140625 0.033203125 0.037109375
0 0.498046875 0.5078125 0.044921875 0.046875
