0 0.798828125 0.405669599218 0.029296875 0.0312805474096
0 0.75634765625 0.41935483871 0.0244140625 0.0312805474096
0 0.7060546875 0.421798631476 0.029296875 0.0283479960899
0 0.68408203125 0.428641251222 0.0283203125 0.0322580645161
0 0.63232421875 0.412023460411 0.0263671875 0.0283479960899
0 0.60888671875 0.402248289345 0.0244140625 0.0283479960899
0 0.58837890625 0.428641251222 0.0244140625 0.0283479960899
0 0.55615234375 0.400293255132 0.0224609375 0.030303030303
0 0.52587890625 0.420332355816 0.0244140625 0.0332355816227
0 0.521484375 0.543988269795 0.0234375 0.0322580645161
0 0.64501953125 0.548875855327 0.0283203125 0.0322580645161
0 0.494140625 0.41348973607 0.021484375 0.0254154447703
0 0.46630859375 0.434017595308 0.0244140625 0.0312805474096
0 0.4326171875 0.410557184751 0.0234375 0.0273704789834
0 0.38671875 0.41348973607 0.021484375 0.0273704789834
0 0.33935546875 0.426197458456 0.0205078125 0.0273704789834
0 0.26318359375 0.431085043988 0.0205078125 0.0273704789834
0 0.29931640625 0.434017595308 0.0224609375 0.0273704789834
0 0.22216796875 0.425708699902 0.0244140625 0.0283479960899
0 0.18115234375 0.433040078201 0.0263671875 0.0332355816227
0 0.1474609375 0.432062561095 0.0234375 0.0273704789834
0 0.11767578125 0.435972629521 0.0283203125 0.0332355816227
0 0.09619140625 0.42082111437 0.0244140625 0.0322580645161
0 0.31494140625 0.530791788856 0.0244140625 0.0293255131965
0 0.40185546875 0.542033235582 0.0244140625 0.0283479960899
