0 0.0576171875 0.546875 0.0234375 0.029296875
0 0.15380859375 0.5390625 0.0224609375 0.029296875
0 0.09716796875 0.49755859375 0.0224609375 0.0302734375
0 0.19384765625 0.49658203125 0.0224609375 0.0244140625
0 0.1357421875 0.4765625 0.01953125 0.0234375
0 0.2216796875 0.4541015625 0.01953125 0.029296875
0 0.2255859375 0.51318359375 0.01953125 0.0322265625
0 0.2607421875 0.52294921875 0.0234375 0.0361328125
0 0.25390625 0.44140625 0.01953125 0.025390625
0 0.2978515625 0.45263671875 0.021484375 0.0283203125
0 0.31494140625 0.3798828125 0.0205078125 0.02734375
0 0.4560546875 0.40966796875 0.01953125 0.0244140625
0 0.537109375 0.4326171875 0.01953125 0.02734375
0 0.5107421875 0.45263671875 0.021484375 0.0263671875
0 0.47265625 0.44775390625 0.021484375 0.0205078125
0 0.40966796875 0.4423828125 0.0205078125 0.025390625
0 0.3818359375 0.42431640625 0.01953125 0.0263671875
0 0.38916015625 0.482421875 0.0224609375 0.033203125
0 0.423828125 0.466796875 0.021484375 0.02734375
0 0.45263671875 0.4833984375 0.0224609375 0.029296875
0 0.28857421875 0.4873046875 0.0205078125 0.025390625
0 0.32861328125 0.5 0.0205078125 0.025390625
0 0.3505859375 0.5380859375 0.021484375 0.029296875
0 0.42919921875 0.52490234375 0.0244140625 0.0322265625
0 0.51171875 0.5224609375 0.021484375 0.029296875
0 0.525390625 0.4833984375 0.01953125 0.01953125
0 0.587890625 0.52197265625 0.021484375 0.0244140625
0 0.6298828125 0.50634765625 0.021484375 0.0263671875
0 0.64404296875 0.46728515625 0.0205078125 0.0263671875
0 0.69384765625 0.4501953125 0.0244140625 0.0234375
0 0.740234375 0.48095703125 0.01953125 0.0263671875
0 0.73193359375 0.54150390625 0.0224609375 0.0263671875
0 0.66650390625 0.537109375 0.0205078125 0.02734375
0 0.796875 0.56591796875 0.021484375 0.0244140625
0 0.81103515625 0.49658203125 0.0205078125 0.0263671875
0 0.7255859375 0.42724609375 0.01953125 0.0244140625
0 0.78662109375 0.46435546875 0.0205078125 0.0283203125
0 0.58642578125 0.43408203125 0.0224609375 0.0263671875
0 0.6142578125 0.412109375 0.021484375 0.02734375
0 0.76171875 0.4072265625 0.01953125 0.025390625
0 0.814453125 0.43310546875 0.01953125 0.0244140625
0 0.7001953125 0.39404296875 0.01953125 0.0244140625
0 0.8779296875 0.41748046875 0.01953125 0.0224609375
0 0.88818359375 0.44677734375 0.0205078125 0.0224609375
0 0.884765625 0.49169921875 0.021484375 0.0224609375
0 0.890625 0.57568359375 0.02734375 0.0322265625
0 0.84130859375 0.5517578125 0.0224609375 0.025390625
