0 0.3076171875 0.54248046875 0.072265625 0.0791015625
0 0.3408203125 0.41650390625 0.046875 0.0576171875
0 0.10107421875 0.42626953125 0.0595703125 0.0615234375
0 0.5478515625 0.46533203125 0.048828125 0.0576171875
0 0.66552734375 0.42724609375 0.0419921875 0.0478515625
0 0.4716796875 0.38330078125 0.041015625 0.0498046875
0 0.56396484375 0.4208984375 0.0439453125 0.052734375
0 0.6220703125 0.39794921875 0.037109375 0.0400390625
0 0.9013671875 0.40087890625 0.044921875 0.0498046875
0 0.88525390625 0.49658203125 0.0478515625 0.0537109375
0 0.7841796875 0.4033203125 0.041015625 0.044921875
0 0.44921875 0.56005859375 0.05859375 0.0673828125
