0 0.24560546875 0.3916015625 0.0341796875 0.05078125
0 0.1572265625 0.41064453125 0.037109375 0.0478515625
0 0.1298828125 0.37841796875 0.033203125 0.0400390625
0 0.02392578125 0.392578125 0.0400390625 0.04296875
0 0.2138671875 0.3916015625 0.0234375 0.03125
0 0.396484375 0.40869140625 0.037109375 0.0478515625
0 0.33935546875 0.40478515625 0.0361328125 0.0458984375
0 0.466796875 0.43359375 0.03125 0.041015625
0 0.58837890625 0.40966796875 0.0263671875 0.0341796875
0 0.6611328125 0.4072265625 0.033203125 0.03515625
0 0.5576171875 0.4189453125 0.03125 0.041015625
0 0.5009765625 0.4169921875 0.033203125 0.044921875
0 0.4990234375 0.3564453125 0.029296875 0.033203125
0 0.6064453125 0.52197265625 0.03515625 0.0419921875
0 0.58544921875 0.58984375 0.0419921875 0.052734375
0 0.9599609375 0.32763671875 0.033203125 0.0478515625
0 0.884765625 0.41162109375 0.037109375 0.0419921875
0 0.75830078125 0.3662109375 0.0302734375 0.03515625
0 0.77734375 0.24560546875 0.029296875 0.0361328125
0 0.7060546875 0.38623046875 0.03515625 0.0400390625
0 0.90185546875 0.39892578125 0.0322265625 0.0380859375
0 0.80810546875 0.408203125 0.0341796875 0.03125
