0 0.0986328125 0.401270772239 0.044921875 0.0537634408602
0 0.17431640625 0.387585532747 0.0361328125 0.0459433040078
0 0.24267578125 0.35972629521 0.0341796875 0.0469208211144
0 0.31005859375 0.384164222874 0.0322265625 0.039100684262
0 0.3515625 0.393939393939 0.029296875 0.039100684262
0 0.41552734375 0.386119257087 0.0302734375 0.0312805474096
0 0.43701171875 0.421309872923 0.0322265625 0.0410557184751
0 0.46923828125 0.381231671554 0.0283203125 0.0332355816227
0 0.5146484375 0.386119257087 0.033203125 0.0410557184751
0 0.54931640625 0.372922776149 0.0263671875 0.0381231671554
0 0.5927734375 0.388563049853 0.033203125 0.0420332355816
0 0.61669921875 0.35972629521 0.0263671875 0.0312805474096
0 0.64404296875 0.395405669599 0.0283203125 0.0381231671554
0 0.69921875 0.375366568915 0.029296875 0.0410557184751
0 0.75634765625 0.382209188661 0.0302734375 0.0430107526882
0 0.8359375 0.376832844575 0.03515625 0.0459433040078
0 0.71923828125 0.554252199413 0.0380859375 0.0488758553275
0 0.638671875 0.493157380254 0.033203125 0.0439882697947
0 0.548828125 0.477028347996 0.033203125 0.0449657869013
0 0.474609375 0.558651026393 0.033203125 0.0400782013685
0 0.39404296875 0.498044965787 0.0361328125 0.0439882697947
0 0.3076171875 0.505865102639 0.03515625 0.0420332355816
0 0.203125 0.562072336266 0.041015625 0.0527859237537
