0 0.2646484375 0.267578125 0.03515625 0.052734375
0 0.2021484375 0.3798828125 0.04296875 0.056640625
0 0.0712890625 0.33984375 0.04296875 0.056640625
0 0.32861328125 0.35888671875 0.0400390625 0.0576171875
0 0.41796875 0.26708984375 0.0390625 0.0556640625
0 0.45361328125 0.3525390625 0.0419921875 0.0546875
0 0.5576171875 0.24169921875 0.041015625 0.0634765625
0 0.5205078125 0.35498046875 0.046875 0.0693359375
0 0.61376953125 0.33251953125 0.0439453125 0.0634765625
0 0.685546875 0.259765625 0.041015625 0.052734375
0 0.7001953125 0.39990234375 0.044921875 0.0498046875
0 0.78955078125 0.37646484375 0.0400390625 0.0537109375
0 0.9189453125 0.38232421875 0.044921875 0.0595703125
