0 0.16064453125 0.29736328125 0.0517578125 0.0693359375
0 0.248046875 0.328125 0.05078125 0.064453125
0 0.34228515625 0.23486328125 0.0498046875 0.0693359375
0 0.341796875 0.3662109375 0.052734375 0.068359375
0 0.41064453125 0.30615234375 0.0498046875 0.0654296875
0 0.50341796875 0.3427734375 0.0498046875 0.0625
0 0.51953125 0.2099609375 0.044921875 0.06640625
0 0.58154296875 0.31494140625 0.0537109375 0.0576171875
0 0.69091796875 0.23681640625 0.0478515625 0.0654296875
0 0.65576171875 0.35107421875 0.0498046875 0.0751953125
0 0.7578125 0.30029296875 0.048828125 0.0673828125
0 0.86669921875 0.25390625 0.0498046875 0.076171875
