0 0.34033203125 0.52294921875 0.2294921875 0.3271484375
0 0.63134765625 0.5478515625 0.1513671875 0.18359375
0 0.31689453125 0.22705078125 0.0380859375 0.0478515625
0 0.39794921875 0.23974609375 0.0673828125 0.0908203125
0 0.5009765625 0.26806640625 0.08203125 0.1220703125
0 0.66748046875 0.32958984375 0.0810546875 0.1083984375
0 0.81005859375 0.3408203125 0.0830078125 0.107421875
0 0.919921875 0.3603515625 0.0625 0.083984375
0 0.931640625 0.6259765625 0.134765625 0.193359375
0 0.22314453125 0.2138671875 0.0712890625 0.09375
