0 0.0751953125 0.43603515625 0.07421875 0.0888671875
0 0.2109375 0.390625 0.044921875 0.0625
0 0.3720703125 0.40185546875 0.0625 0.0732421875
0 0.4921875 0.462890625 0.044921875 0.04296875
0 0.3232421875 0.54443359375 0.064453125 0.0966796875
0 0.49755859375 0.81689453125 0.0830078125 0.1142578125
0 0.61865234375 0.55517578125 0.0810546875 0.1083984375
0 0.60009765625 0.46484375 0.0615234375 0.078125
0 0.75 0.4423828125 0.037109375 0.060546875
0 0.7890625 0.3818359375 0.0703125 0.095703125
0 0.97265625 0.30126953125 0.0546875 0.1162109375
0 0.97021484375 0.55224609375 0.0576171875 0.1123046875
