0 0.86962890625 0.5087890625 0.0263671875 0.03125
0 0.8076171875 0.5029296875 0.0234375 0.029296875
0 0.8466796875 0.58544921875 0.025390625 0.0341796875
0 0.7919921875 0.56787109375 0.02734375 0.0283203125
0 0.74658203125 0.56396484375 0.0224609375 0.0322265625
0 0.67041015625 0.58203125 0.0263671875 0.03515625
0 0.7236328125 0.50341796875 0.025390625 0.0322265625
0 0.669921875 0.50341796875 0.02734375 0.0322265625
0 0.841796875 0.4326171875 0.021484375 0.02734375
0 0.7783203125 0.439453125 0.025390625 0.029296875
0 0.72119140625 0.44775390625 0.0244140625 0.0283203125
0 0.6513671875 0.4404296875 0.0234375 0.02734375
0 0.595703125 0.46533203125 0.025390625 0.0302734375
0 0.59326171875 0.39892578125 0.0263671875 0.0322265625
0 0.74560546875 0.4072265625 0.0205078125 0.029296875
0 0.61181640625 0.52490234375 0.0263671875 0.0283203125
0 0.59033203125 0.59375 0.0263671875 0.029296875
0 0.5263671875 0.45166015625 0.0234375 0.0263671875
0 0.5185546875 0.5146484375 0.0234375 0.03125
0 0.513671875 0.58349609375 0.025390625 0.0322265625
0 0.4267578125 0.583984375 0.029296875 0.033203125
0 0.4306640625 0.50830078125 0.021484375 0.0283203125
0 0.45751953125 0.4306640625 0.0244140625 0.03125
0 0.42333984375 0.4130859375 0.0205078125 0.025390625
0 0.3935546875 0.39990234375 0.021484375 0.0244140625
0 0.36279296875 0.4375 0.0224609375 0.03125
0 0.35546875 0.50927734375 0.0234375 0.0302734375
0 0.29736328125 0.50146484375 0.0224609375 0.0302734375
0 0.2958984375 0.4345703125 0.0234375 0.03125
0 0.2373046875 0.41162109375 0.021484375 0.0302734375
0 0.19287109375 0.40771484375 0.0224609375 0.0302734375
0 0.18603515625 0.47802734375 0.0224609375 0.0263671875
0 0.2412109375 0.47021484375 0.025390625 0.0302734375
0 0.21875 0.5791015625 0.0234375 0.025390625
0 0.2724609375 0.5830078125 0.025390625 0.02734375
0 0.330078125 0.58935546875 0.025390625 0.0302734375
0 0.17138671875 0.56005859375 0.0205078125 0.0244140625
0 0.119140625 0.50439453125 0.021484375 0.0283203125
0 0.13330078125 0.453125 0.0224609375 0.025390625
0 0.12158203125 0.5595703125 0.0205078125 0.025390625
0 0.6708984375 0.408203125 0.0234375 0.02734375
