0 0.1669921875 0.35546875 0.029296875 0.03125
0 0.27587890625 0.41064453125 0.0302734375 0.0361328125
0 0.20068359375 0.4033203125 0.0322265625 0.0390625
0 0.2353515625 0.3466796875 0.02734375 0.029296875
0 0.111328125 0.40966796875 0.03515625 0.0341796875
0 0.1513671875 0.48046875 0.03515625 0.041015625
0 0.30517578125 0.35986328125 0.0263671875 0.0341796875
0 0.046875 0.48828125 0.041015625 0.04296875
0 0.33837890625 0.39599609375 0.0341796875 0.0361328125
0 0.4375 0.49609375 0.03515625 0.041015625
0 0.345703125 0.5107421875 0.033203125 0.0390625
0 0.2529296875 0.501953125 0.033203125 0.041015625
0 0.37353515625 0.3505859375 0.0302734375 0.029296875
0 0.41552734375 0.38232421875 0.0322265625 0.0361328125
0 0.43505859375 0.34521484375 0.0263671875 0.0322265625
0 0.4951171875 0.380859375 0.033203125 0.0390625
0 0.49169921875 0.33203125 0.0283203125 0.029296875
0 0.55810546875 0.34619140625 0.0283203125 0.0283203125
0 0.7568359375 0.509765625 0.0390625 0.04296875
0 0.72314453125 0.408203125 0.0322265625 0.037109375
0 0.65625 0.38671875 0.033203125 0.037109375
0 0.646484375 0.5107421875 0.033203125 0.0390625
0 0.548828125 0.490234375 0.0390625 0.046875
0 0.578125 0.38671875 0.03515625 0.037109375
0 0.62744140625 0.357421875 0.0283203125 0.03515625
0 0.865234375 0.50634765625 0.037109375 0.0419921875
0 0.74267578125 0.369140625 0.0283203125 0.033203125
0 0.685546875 0.36962890625 0.029296875 0.0283203125
0 0.79541015625 0.40087890625 0.0361328125 0.0380859375
0 0.822265625 0.369140625 0.029296875 0.03125
0 0.8779296875 0.4208984375 0.03515625 0.03125
0 0.87744140625 0.375 0.0283203125 0.029296875
0 0.947265625 0.509765625 0.0390625 0.041015625
