0 0.12841796875 0.406158357771 0.0283203125 0.0322580645161
0 0.16455078125 0.428152492669 0.0380859375 0.0410557184751
0 0.21826171875 0.395405669599 0.0322265625 0.0420332355816
0 0.3349609375 0.380742913001 0.03125 0.0400782013685
0 0.40478515625 0.403714565005 0.0341796875 0.0449657869013
0 0.30224609375 0.428641251222 0.0302734375 0.0381231671554
0 0.50048828125 0.434995112414 0.0322265625 0.0351906158358
0 0.54443359375 0.514662756598 0.0361328125 0.0342130987292
0 0.45263671875 0.495601173021 0.0361328125 0.0488758553275
0 0.6142578125 0.422287390029 0.03515625 0.0449657869013
0 0.76611328125 0.384164222874 0.0400390625 0.0527859237537
0 0.70849609375 0.386119257087 0.0380859375 0.0430107526882
0 0.91748046875 0.363636363636 0.0439453125 0.058651026393
0 0.85302734375 0.380742913001 0.0341796875 0.0400782013685
