0 0.833984375 0.491691104594 0.03515625 0.0351906158358
0 0.76416015625 0.380742913001 0.0224609375 0.0263929618768
0 0.70703125 0.375366568915 0.021484375 0.0234604105572
0 0.73193359375 0.503421309873 0.0322265625 0.0371456500489
0 0.6494140625 0.387096774194 0.021484375 0.0254154447703
0 0.6044921875 0.390518084066 0.01953125 0.0224828934506
0 0.54833984375 0.380254154448 0.0244140625 0.0254154447703
0 0.486328125 0.38660801564 0.021484375 0.0283479960899
0 0.43994140625 0.390518084066 0.0205078125 0.0263929618768
0 0.380859375 0.386119257087 0.0234375 0.0254154447703
0 0.44775390625 0.495112414467 0.0263671875 0.0263929618768
0 0.55419921875 0.493646138807 0.0244140625 0.0293255131965
0 0.36328125 0.490224828935 0.025390625 0.0322580645161
