0 0.232421875 0.302541544477 0.04296875 0.0518084066471
0 0.314453125 0.330889540567 0.0390625 0.049853372434
0 0.41552734375 0.353372434018 0.0341796875 0.0478983382209
0 0.5390625 0.354838709677 0.0390625 0.0469208211144
0 0.6484375 0.318670576735 0.03515625 0.0449657869013
0 0.69921875 0.39100684262 0.03515625 0.0508308895406
0 0.82861328125 0.287878787879 0.0380859375 0.0557184750733
0 0.6220703125 0.452590420332 0.0390625 0.0547409579668
0 0.49609375 0.457478005865 0.037109375 0.0547409579668
0 0.39111328125 0.457966764418 0.0380859375 0.0576735092864
0 0.29931640625 0.406158357771 0.0380859375 0.0557184750733
