0 0.24267578125 0.2744140625 0.0361328125 0.037109375
0 0.337890625 0.2841796875 0.03125 0.037109375
0 0.359375 0.32666015625 0.03515625 0.0400390625
0 0.3310546875 0.36572265625 0.037109375 0.0400390625
0 0.263671875 0.3330078125 0.03515625 0.037109375
0 0.6240234375 0.30224609375 0.03125 0.0361328125
0 0.4052734375 0.2744140625 0.03125 0.033203125
0 0.8046875 0.34228515625 0.044921875 0.0576171875
0 0.68017578125 0.34423828125 0.0439453125 0.0517578125
0 0.5830078125 0.34912109375 0.037109375 0.0400390625
0 0.462890625 0.32177734375 0.044921875 0.0537109375
0 0.59619140625 0.25927734375 0.0302734375 0.0341796875
0 0.66162109375 0.2587890625 0.0302734375 0.03125
0 0.7021484375 0.279296875 0.033203125 0.037109375
0 0.72216796875 0.23583984375 0.0283203125 0.0322265625
0 0.693359375 0.21484375 0.02734375 0.03125
0 0.6396484375 0.2275390625 0.03125 0.037109375
0 0.58837890625 0.1953125 0.0283203125 0.033203125
0 0.55224609375 0.21337890625 0.0302734375 0.0322265625
0 0.5302734375 0.25390625 0.03515625 0.041015625
0 0.5 0.2119140625 0.02734375 0.0390625
0 0.439453125 0.19189453125 0.029296875 0.0283203125
0 0.39111328125 0.19091796875 0.0302734375 0.0341796875
0 0.34228515625 0.20556640625 0.0302734375 0.0341796875
0 0.29931640625 0.2294921875 0.0341796875 0.03515625
