0 0.14990234375 0.30615234375 0.0283203125 0.0419921875
0 0.189453125 0.39013671875 0.041015625 0.0634765625
0 0.23388671875 0.43798828125 0.0673828125 0.0908203125
0 0.3154296875 0.29833984375 0.01953125 0.0283203125
0 0.333984375 0.30224609375 0.0234375 0.0341796875
0 0.37158203125 0.3173828125 0.0419921875 0.052734375
0 0.39453125 0.38232421875 0.056640625 0.0751953125
0 0.42919921875 0.4580078125 0.0693359375 0.0859375
0 0.662109375 0.51416015625 0.060546875 0.0888671875
0 0.6650390625 0.42724609375 0.052734375 0.0693359375
0 0.8369140625 0.42236328125 0.05859375 0.0712890625
0 0.87646484375 0.3671875 0.0556640625 0.06640625
0 0.70263671875 0.3662109375 0.0419921875 0.060546875
0 0.71435546875 0.30615234375 0.0380859375 0.0439453125
