0 0.96142578125 0.48095703125 0.0302734375 0.0341796875
0 0.9541015625 0.5791015625 0.0390625 0.044921875
0 0.93603515625 0.53857421875 0.0302734375 0.0380859375
0 0.9013671875 0.51611328125 0.03125 0.0341796875
0 0.90966796875 0.48583984375 0.0263671875 0.0302734375
0 0.86767578125 0.49267578125 0.0302734375 0.0302734375
0 0.85791015625 0.57666015625 0.0341796875 0.0419921875
0 0.89794921875 0.55615234375 0.0341796875 0.0439453125
0 0.84521484375 0.53515625 0.0341796875 0.041015625
0 0.8017578125 0.53759765625 0.03515625 0.0419921875
0 0.7861328125 0.5068359375 0.029296875 0.03515625
0 0.7890625 0.47216796875 0.02734375 0.0302734375
0 0.7373046875 0.48486328125 0.02734375 0.0341796875
0 0.76171875 0.53662109375 0.033203125 0.0400390625
0 0.712890625 0.57470703125 0.03515625 0.0400390625
0 0.69677734375 0.5341796875 0.0322265625 0.037109375
0 0.67236328125 0.57080078125 0.0341796875 0.0478515625
0 0.6533203125 0.52294921875 0.033203125 0.0419921875
0 0.611328125 0.48486328125 0.029296875 0.0380859375
0 0.61083984375 0.52734375 0.0322265625 0.041015625
0 0.580078125 0.55224609375 0.03515625 0.0458984375
0 0.53857421875 0.58203125 0.0361328125 0.041015625
0 0.4912109375 0.54638671875 0.03125 0.0380859375
0 0.5380859375 0.51123046875 0.03125 0.0361328125
0 0.568359375 0.51318359375 0.025390625 0.0322265625
0 0.501953125 0.51708984375 0.02734375 0.0361328125
0 0.4462890625 0.5595703125 0.033203125 0.04296875
0 0.4541015625 0.51806640625 0.025390625 0.0341796875
0 0.4658203125 0.4931640625 0.02734375 0.037109375
0 0.4248046875 0.498046875 0.02734375 0.037109375
0 0.3994140625 0.5478515625 0.033203125 0.0390625
0 0.35791015625 0.5615234375 0.0380859375 0.041015625
0 0.36669921875 0.521484375 0.0302734375 0.0390625
0 0.3330078125 0.49755859375 0.029296875 0.0322265625
0 0.31201171875 0.544921875 0.0322265625 0.041015625
0 0.29736328125 0.50634765625 0.0341796875 0.0380859375
0 0.2509765625 0.4775390625 0.02734375 0.029296875
0 0.255859375 0.51220703125 0.021484375 0.0361328125
0 0.2373046875 0.5185546875 0.03125 0.03125
0 0.220703125 0.55517578125 0.033203125 0.0400390625
0 0.1767578125 0.5673828125 0.037109375 0.04296875
0 0.212890625 0.48046875 0.029296875 0.029296875
0 0.1748046875 0.51416015625 0.029296875 0.0361328125
0 0.13671875 0.54150390625 0.03125 0.0400390625
0 0.1318359375 0.48388671875 0.03125 0.0322265625
0 0.09423828125 0.54248046875 0.0322265625 0.0361328125
0 0.08984375 0.59814453125 0.03515625 0.0361328125
0 0.041015625 0.5302734375 0.037109375 0.041015625
0 0.0654296875 0.48583984375 0.03125 0.0380859375
0 0.01220703125 0.51953125 0.0244140625 0.03125
0 0.27734375 0.57080078125 0.037109375 0.0400390625
