0 0.158203125 0.56689453125 0.01953125 0.0205078125
0 0.1171875 0.6083984375 0.01953125 0.01953125
0 0.06103515625 0.56298828125 0.0205078125 0.0205078125
0 0.0908203125 0.544921875 0.021484375 0.0234375
0 0.29443359375 0.58154296875 0.0205078125 0.0224609375
0 0.21240234375 0.5576171875 0.0205078125 0.01953125
0 0.41650390625 0.5830078125 0.0205078125 0.021484375
0 0.5166015625 0.57861328125 0.01953125 0.0205078125
0 0.71142578125 0.5791015625 0.0205078125 0.0234375
0 0.96337890625 0.58203125 0.0205078125 0.02734375
0 0.869140625 0.58154296875 0.021484375 0.0244140625
0 0.85107421875 0.55419921875 0.0205078125 0.0263671875
0 0.31640625 0.56396484375 0.01953125 0.0244140625
0 0.193359375 0.5380859375 0.01953125 0.025390625
