0 0.96533203125 0.370967741935 0.0224609375 0.0263929618768
0 0.68896484375 0.431085043988 0.0498046875 0.0488758553275
0 0.53759765625 0.384164222874 0.0400390625 0.0410557184751
0 0.64013671875 0.394428152493 0.0400390625 0.0459433040078
0 0.76416015625 0.426686217009 0.0341796875 0.049853372434
0 0.376953125 0.417399804497 0.041015625 0.0527859237537
0 0.45361328125 0.381720430108 0.0341796875 0.0381231671554
0 0.35107421875 0.348973607038 0.0302734375 0.0351906158358
0 0.26904296875 0.332355816227 0.0302734375 0.0371456500489
0 0.23828125 0.386119257087 0.03515625 0.0527859237537
0 0.12060546875 0.324046920821 0.0302734375 0.0361681329423
0 0.0185546875 0.338220918866 0.029296875 0.0312805474096
