0 0.0244140625 0.484848484848 0.048828125 0.146627565982
0 0.0703125 0.378299120235 0.080078125 0.0918866080156
0 0.1357421875 0.354838709677 0.052734375 0.0566959921799
0 0.212890625 0.331867057674 0.0390625 0.0518084066471
0 0.31298828125 0.382209188661 0.0556640625 0.0703812316716
0 0.56884765625 0.49853372434 0.0771484375 0.0879765395894
0 0.88037109375 0.385630498534 0.0771484375 0.0987292277615
0 0.6875 0.348973607038 0.056640625 0.0664711632454
0 0.580078125 0.324535679374 0.044921875 0.0508308895406
0 0.5087890625 0.303519061584 0.03125 0.0400782013685
0 0.18603515625 0.295210166178 0.0283203125 0.0351906158358
0 0.38916015625 0.306451612903 0.0380859375 0.0459433040078
0 0.431640625 0.342130987292 0.046875 0.0508308895406
0 0.46875 0.282502443793 0.029296875 0.0293255131965
0 0.36279296875 0.313294232649 0.0341796875 0.0361681329423
0 0.47998046875 0.38954056696 0.0634765625 0.069403714565
0 0.720703125 0.253176930596 0.021484375 0.019550342131
0 0.77490234375 0.256598240469 0.0224609375 0.0224828934506
0 0.81103515625 0.261974584555 0.0283203125 0.0293255131965
0 0.927734375 0.269305962854 0.025390625 0.0283479960899
