0 0.029296875 0.357282502444 0.041015625 0.0557184750733
0 0.09619140625 0.337732160313 0.0361328125 0.0537634408602
0 0.125 0.321603128055 0.03125 0.0430107526882
0 0.18212890625 0.344574780059 0.0341796875 0.049853372434
0 0.1982421875 0.407135874878 0.033203125 0.0459433040078
0 0.25048828125 0.33724340176 0.0341796875 0.0488758553275
0 0.3037109375 0.328445747801 0.03125 0.039100684262
0 0.28271484375 0.396871945259 0.0341796875 0.0430107526882
0 0.39501953125 0.299608993157 0.0322265625 0.0420332355816
0 0.48681640625 0.298142717498 0.0341796875 0.0469208211144
0 0.578125 0.317693059629 0.03125 0.0430107526882
0 0.36279296875 0.396871945259 0.0341796875 0.0449657869013
0 0.44677734375 0.392961876833 0.0361328125 0.0488758553275
0 0.51318359375 0.401270772239 0.0283203125 0.0400782013685
0 0.56201171875 0.38954056696 0.0361328125 0.0478983382209
0 0.6357421875 0.273704789834 0.033203125 0.0488758553275
0 0.65185546875 0.349951124145 0.0341796875 0.0469208211144
0 0.68994140625 0.30449657869 0.0361328125 0.0478983382209
0 0.76416015625 0.286412512219 0.0341796875 0.0449657869013
0 0.74365234375 0.344086021505 0.0341796875 0.0469208211144
0 0.83837890625 0.328934506354 0.0361328125 0.0518084066471
0 0.8681640625 0.401270772239 0.0390625 0.0459433040078
0 0.9072265625 0.434995112414 0.03515625 0.0430107526882
0 0.93115234375 0.377321603128 0.0380859375 0.0449657869013
0 0.9658203125 0.328445747801 0.033203125 0.0430107526882
0 0.89013671875 0.325513196481 0.0341796875 0.0410557184751
