0 0.9521484375 0.49706744868 0.03515625 0.0381231671554
0 0.8837890625 0.502443792766 0.03515625 0.0410557184751
0 0.8232421875 0.502443792766 0.037109375 0.0410557184751
0 0.8037109375 0.461388074291 0.029296875 0.0332355816227
0 0.748046875 0.425219941349 0.02734375 0.0312805474096
0 0.7373046875 0.529325513196 0.03515625 0.0420332355816
0 0.64306640625 0.492179863148 0.0380859375 0.0439882697947
0 0.703125 0.434017595308 0.03125 0.0351906158358
0 0.5419921875 0.41495601173 0.033203125 0.0361681329423
0 0.5791015625 0.44477028348 0.02734375 0.0351906158358
0 0.61328125 0.44183773216 0.029296875 0.0351906158358
0 0.62939453125 0.421798631476 0.0244140625 0.030303030303
0 0.546875 0.499511241447 0.0390625 0.0430107526882
0 0.32958984375 0.453079178886 0.0283203125 0.0322580645161
0 0.37353515625 0.522482893451 0.0361328125 0.0439882697947
0 0.45654296875 0.512218963832 0.0400390625 0.0410557184751
0 0.41015625 0.432062561095 0.03515625 0.0371456500489
0 0.17626953125 0.563049853372 0.0380859375 0.0449657869013
0 0.27978515625 0.501955034213 0.0380859375 0.0459433040078
0 0.12060546875 0.513196480938 0.0380859375 0.0430107526882
0 0.22265625 0.471163245357 0.033203125 0.0371456500489
0 0.49853515625 0.483870967742 0.0283203125 0.0430107526882
