0 0.08154296875 0.369012707722 0.0302734375 0.0381231671554
0 0.02880859375 0.391495601173 0.0302734375 0.0381231671554
0 0.12353515625 0.383675464321 0.0263671875 0.0361681329423
0 0.15673828125 0.400293255132 0.0283203125 0.0381231671554
0 0.17236328125 0.356304985337 0.0263671875 0.0322580645161
0 0.20068359375 0.38514173998 0.0283203125 0.0351906158358
0 0.2314453125 0.41348973607 0.02734375 0.0371456500489
0 0.2578125 0.355327468231 0.0234375 0.0283479960899
0 0.287109375 0.377321603128 0.0234375 0.0273704789834
0 0.27490234375 0.405180840665 0.0263671875 0.0322580645161
0 0.33056640625 0.365591397849 0.0244140625 0.0351906158358
0 0.3671875 0.365102639296 0.0234375 0.0283479960899
0 0.40380859375 0.354838709677 0.0244140625 0.0371456500489
0 0.37109375 0.401270772239 0.025390625 0.0322580645161
0 0.30224609375 0.477517106549 0.0263671875 0.0342130987292
0 0.50927734375 0.309384164223 0.0224609375 0.0283479960899
0 0.57177734375 0.319159335288 0.0205078125 0.0283479960899
0 0.4482421875 0.369012707722 0.021484375 0.030303030303
0 0.49560546875 0.373411534702 0.0224609375 0.0293255131965
0 0.462890625 0.397360703812 0.02734375 0.0322580645161
0 0.51513671875 0.401759530792 0.0244140625 0.0312805474096
0 0.58154296875 0.361681329423 0.0244140625 0.0351906158358
0 0.55859375 0.404692082111 0.025390625 0.0332355816227
0 0.59912109375 0.394916911046 0.0244140625 0.0312805474096
0 0.6220703125 0.411534701857 0.025390625 0.0293255131965
0 0.716796875 0.349951124145 0.021484375 0.0273704789834
0 0.75634765625 0.363147605083 0.0244140625 0.0283479960899
0 0.669921875 0.36265884653 0.021484375 0.0273704789834
0 0.71337890625 0.384164222874 0.0224609375 0.0293255131965
0 0.67138671875 0.403225806452 0.0263671875 0.0322580645161
0 0.693359375 0.427174975562 0.02734375 0.0332355816227
0 0.75 0.434506353861 0.02734375 0.0342130987292
0 0.962890625 0.548875855327 0.029296875 0.0420332355816
0 0.89208984375 0.402737047898 0.0283203125 0.0312805474096
0 0.8193359375 0.408602150538 0.029296875 0.0351906158358
0 0.85498046875 0.532746823069 0.0302734375 0.0410557184751
0 0.71337890625 0.5596285435 0.0283203125 0.0342130987292
0 0.6552734375 0.573802541544 0.025390625 0.0351906158358
0 0.59765625 0.567448680352 0.02734375 0.0361681329423
0 0.53125 0.550342130987 0.02734375 0.0332355816227
0 0.47265625 0.515640273705 0.02734375 0.0342130987292
0 0.34521484375 0.518084066471 0.0263671875 0.0293255131965
0 0.39990234375 0.574780058651 0.0263671875 0.0332355816227
0 0.45166015625 0.599706744868 0.0302734375 0.0361681329423
0 0.21142578125 0.567448680352 0.0322265625 0.0361681329423
0 0.31591796875 0.586999022483 0.0283203125 0.0361681329423
