0 0.31396484375 0.413000977517 0.0263671875 0.0361681329423
0 0.32666015625 0.460410557185 0.0302734375 0.039100684262
0 0.36767578125 0.452101661779 0.0283203125 0.0342130987292
0 0.39111328125 0.41935483871 0.0244140625 0.0351906158358
0 0.4248046875 0.41935483871 0.01953125 0.0293255131965
0 0.44580078125 0.444281524927 0.0224609375 0.0283479960899
0 0.486328125 0.457966764418 0.037109375 0.0439882697947
0 0.505859375 0.425219941349 0.025390625 0.0351906158358
0 0.55908203125 0.443792766373 0.0283203125 0.0410557184751
0 0.5830078125 0.408113391984 0.025390625 0.030303030303
0 0.478515625 0.520527859238 0.03515625 0.049853372434
0 0.59375 0.512218963832 0.037109375 0.0430107526882
0 0.61279296875 0.446725317693 0.0302734375 0.0430107526882
0 0.64501953125 0.421798631476 0.0302734375 0.0381231671554
0 0.69091796875 0.424242424242 0.0244140625 0.0293255131965
0 0.73681640625 0.451124144673 0.0302734375 0.0439882697947
0 0.7626953125 0.427663734115 0.0234375 0.0322580645161
0 0.78271484375 0.449657869013 0.0263671875 0.0351906158358
0 0.81396484375 0.451612903226 0.0361328125 0.0449657869013
0 0.87109375 0.462854349951 0.044921875 0.0615835777126
0 0.72216796875 0.504887585533 0.0361328125 0.0478983382209
0 0.10302734375 0.487781036168 0.0341796875 0.0449657869013
0 0.18701171875 0.527370478983 0.0322265625 0.0459433040078
0 0.21728515625 0.499511241447 0.0283203125 0.0410557184751
0 0.23779296875 0.457966764418 0.0283203125 0.0420332355816
0 0.29931640625 0.503421309873 0.0400390625 0.0469208211144
0 0.26513671875 0.431573802542 0.0283203125 0.0342130987292
