0 0.830078125 0.389051808407 0.041015625 0.0488758553275
0 0.7236328125 0.380254154448 0.041015625 0.0410557184751
0 0.6591796875 0.403225806452 0.0390625 0.0478983382209
0 0.57958984375 0.401270772239 0.0400390625 0.0439882697947
0 0.54248046875 0.364613880743 0.0380859375 0.0449657869013
0 0.4912109375 0.387585532747 0.0390625 0.0478983382209
0 0.37451171875 0.391984359726 0.0400390625 0.0449657869013
0 0.349609375 0.346041055718 0.044921875 0.0449657869013
0 0.2607421875 0.393939393939 0.041015625 0.0430107526882
0 0.2021484375 0.344574780059 0.0390625 0.0459433040078
0 0.1416015625 0.33724340176 0.044921875 0.0547409579668
0 0.123046875 0.402248289345 0.048828125 0.0557184750733
