0 0.40478515625 0.244868035191 0.0458984375 0.0576735092864
0 0.36376953125 0.322580645161 0.0419921875 0.0488758553275
0 0.24609375 0.33284457478 0.041015625 0.0420332355816
0 0.13623046875 0.469696969697 0.0419921875 0.0518084066471
0 0.27001953125 0.490224828935 0.0419921875 0.0459433040078
0 0.57177734375 0.242913000978 0.0419921875 0.0557184750733
0 0.50732421875 0.323069403715 0.0400390625 0.049853372434
0 0.6484375 0.331867057674 0.041015625 0.0459433040078
0 0.384765625 0.478494623656 0.044921875 0.0518084066471
0 0.50634765625 0.47311827957 0.0458984375 0.0547409579668
0 0.6201171875 0.481915933529 0.0390625 0.058651026393
0 0.7353515625 0.501955034213 0.044921875 0.049853372434
0 0.73291015625 0.280058651026 0.0419921875 0.0537634408602
0 0.798828125 0.328445747801 0.04296875 0.0488758553275
0 0.8466796875 0.476539589443 0.04296875 0.0478983382209
