0 0.197265625 0.52001953125 0.0390625 0.0517578125
0 0.3115234375 0.5263671875 0.033203125 0.04296875
0 0.08544921875 0.3701171875 0.0322265625 0.041015625
0 0.14501953125 0.33984375 0.0322265625 0.044921875
0 0.23193359375 0.35595703125 0.0341796875 0.0419921875
0 0.291015625 0.345703125 0.03125 0.0390625
0 0.35595703125 0.35595703125 0.0322265625 0.0419921875
0 0.412109375 0.33203125 0.03125 0.041015625
0 0.474609375 0.35400390625 0.03125 0.0361328125
0 0.52490234375 0.32763671875 0.0283203125 0.0361328125
0 0.595703125 0.34130859375 0.03125 0.0380859375
0 0.64013671875 0.34326171875 0.0302734375 0.0419921875
0 0.70068359375 0.35205078125 0.0283203125 0.0322265625
0 0.83203125 0.39501953125 0.02734375 0.0400390625
0 0.79931640625 0.34619140625 0.0302734375 0.0380859375
0 0.92431640625 0.36181640625 0.0302734375 0.0400390625
0 0.8681640625 0.50634765625 0.033203125 0.0419921875
0 0.767578125 0.5087890625 0.03125 0.046875
0 0.6533203125 0.447265625 0.033203125 0.052734375
0 0.42626953125 0.45263671875 0.0341796875 0.0478515625
0 0.54296875 0.4521484375 0.03515625 0.044921875
