0 0.728515625 0.419843597263 0.033203125 0.0478983382209
0 0.685546875 0.36119257087 0.0390625 0.0459433040078
0 0.6015625 0.415444770283 0.037109375 0.0469208211144
0 0.5576171875 0.38954056696 0.037109375 0.0518084066471
0 0.49658203125 0.402248289345 0.0380859375 0.049853372434
0 0.45849609375 0.341153470186 0.0380859375 0.0508308895406
0 0.27197265625 0.38660801564 0.0341796875 0.0381231671554
0 0.3837890625 0.365591397849 0.02734375 0.0410557184751
0 0.31689453125 0.38514173998 0.0263671875 0.039100684262
0 0.31396484375 0.467741935484 0.0302734375 0.0361681329423
0 0.4189453125 0.386119257087 0.025390625 0.0351906158358
