0 0.13720703125 0.317693059629 0.0419921875 0.0606060606061
0 0.22705078125 0.292766373412 0.0419921875 0.0576735092864
0 0.35498046875 0.455034213099 0.0439453125 0.0654936461388
0 0.38818359375 0.278592375367 0.0419921875 0.0566959921799
0 0.4921875 0.342130987292 0.041015625 0.0547409579668
0 0.46337890625 0.457478005865 0.0439453125 0.0606060606061
0 0.60400390625 0.315249266862 0.0419921875 0.0537634408602
0 0.736328125 0.325024437928 0.037109375 0.049853372434
0 0.67724609375 0.534701857283 0.0419921875 0.0606060606061
0 0.8505859375 0.279569892473 0.0390625 0.0547409579668
0 0.87451171875 0.534701857283 0.0458984375 0.0703812316716
0 0.5595703125 0.523460410557 0.041015625 0.0596285434995
