0 0.078125 0.38720703125 0.03515625 0.0419921875
0 0.1416015625 0.39892578125 0.03125 0.0380859375
0 0.1865234375 0.4189453125 0.03125 0.0390625
0 0.2646484375 0.38720703125 0.03515625 0.0439453125
0 0.2705078125 0.498046875 0.033203125 0.04296875
0 0.1328125 0.552734375 0.03515625 0.048828125
0 0.2138671875 0.638671875 0.041015625 0.04296875
0 0.3837890625 0.41259765625 0.029296875 0.0361328125
0 0.4267578125 0.38671875 0.03125 0.037109375
0 0.494140625 0.3984375 0.033203125 0.041015625
0 0.54345703125 0.38818359375 0.0283203125 0.0341796875
0 0.58740234375 0.4248046875 0.0283203125 0.041015625
0 0.6533203125 0.40576171875 0.03125 0.0341796875
0 0.68017578125 0.4453125 0.0302734375 0.037109375
0 0.36181640625 0.51171875 0.0341796875 0.044921875
0 0.4638671875 0.521484375 0.033203125 0.037109375
0 0.552734375 0.513671875 0.03515625 0.044921875
0 0.44140625 0.625 0.0390625 0.05078125
0 0.32568359375 0.63330078125 0.0380859375 0.0498046875
0 0.55029296875 0.64501953125 0.0361328125 0.0498046875
0 0.65380859375 0.6435546875 0.0380859375 0.048828125
0 0.65283203125 0.50537109375 0.0341796875 0.0439453125
0 0.740234375 0.4033203125 0.025390625 0.037109375
0 0.76513671875 0.43896484375 0.0341796875 0.0302734375
0 0.873046875 0.42724609375 0.033203125 0.0458984375
0 0.900390625 0.4736328125 0.037109375 0.048828125
0 0.86572265625 0.63330078125 0.0380859375 0.0517578125
0 0.7666015625 0.6484375 0.037109375 0.05078125
0 0.763671875 0.54248046875 0.03515625 0.0458984375
