0 0.9248046875 0.2646484375 0.0234375 0.02734375
0 0.865234375 0.22509765625 0.0234375 0.0205078125
0 0.791015625 0.25537109375 0.01953125 0.0205078125
0 0.7978515625 0.33544921875 0.01953125 0.0224609375
0 0.837890625 0.37548828125 0.0234375 0.0244140625
0 0.93896484375 0.3896484375 0.0419921875 0.037109375
0 0.69091796875 0.2509765625 0.0205078125 0.02734375
0 0.6162109375 0.248046875 0.0234375 0.029296875
0 0.5673828125 0.2607421875 0.01953125 0.0234375
0 0.69580078125 0.3603515625 0.0263671875 0.033203125
0 0.42822265625 0.216796875 0.0283203125 0.02734375
0 0.32958984375 0.21923828125 0.0283203125 0.0263671875
0 0.4443359375 0.29931640625 0.029296875 0.0302734375
0 0.51220703125 0.32275390625 0.0263671875 0.0224609375
0 0.51220703125 0.271484375 0.0263671875 0.029296875
0 0.25390625 0.23876953125 0.03125 0.0263671875
0 0.1650390625 0.259765625 0.033203125 0.029296875
0 0.26513671875 0.3369140625 0.0361328125 0.03125
0 0.0625 0.2646484375 0.033203125 0.025390625
0 0.0224609375 0.32763671875 0.041015625 0.0380859375
0 0.56640625 0.41796875 0.029296875 0.03125
0 0.32177734375 0.53466796875 0.0439453125 0.0654296875
0 0.1474609375 0.49853515625 0.037109375 0.0439453125
0 0.78173828125 0.66015625 0.0439453125 0.048828125
0 0.71875 0.47900390625 0.025390625 0.0283203125
0 0.41748046875 0.4921875 0.0322265625 0.05078125
0 0.45703125 0.46826171875 0.03125 0.0244140625
0 0.34765625 0.42333984375 0.029296875 0.0361328125
