0 0.3037109375 0.230694037146 0.046875 0.058651026393
0 0.23876953125 0.3880742913 0.0556640625 0.0703812316716
0 0.42236328125 0.308406647116 0.0478515625 0.0674486803519
0 0.46484375 0.467253176931 0.04296875 0.0508308895406
0 0.5517578125 0.585532746823 0.048828125 0.058651026393
0 0.3740234375 0.590909090909 0.0546875 0.0713587487781
0 0.51416015625 0.353861192571 0.0634765625 0.0840664711632
0 0.62451171875 0.356304985337 0.0458984375 0.0576735092864
0 0.68310546875 0.265395894428 0.0517578125 0.0674486803519
0 0.72216796875 0.500977517107 0.0556640625 0.0733137829912
