0 0.69091796875 0.486314760508 0.0263671875 0.030303030303
0 0.64892578125 0.456011730205 0.0244140625 0.0283479960899
0 0.60693359375 0.426686217009 0.0244140625 0.0283479960899
0 0.63134765625 0.399804496579 0.0224609375 0.0234604105572
0 0.5576171875 0.413978494624 0.021484375 0.0224828934506
0 0.5634765625 0.456989247312 0.0234375 0.0263929618768
0 0.54638671875 0.502443792766 0.0263671875 0.0312805474096
0 0.517578125 0.472140762463 0.025390625 0.0273704789834
0 0.4599609375 0.488758553275 0.02734375 0.0273704789834
0 0.43798828125 0.465298142717 0.0224609375 0.0254154447703
0 0.4248046875 0.41788856305 0.025390625 0.0263929618768
0 0.46875 0.413978494624 0.021484375 0.0224828934506
0 0.51904296875 0.41935483871 0.0263671875 0.0273704789834
0 0.396484375 0.476539589443 0.025390625 0.0263929618768
0 0.384765625 0.404203323558 0.021484375 0.0244379276637
0 0.353515625 0.427663734115 0.021484375 0.0244379276637
0 0.294921875 0.396383186706 0.021484375 0.0244379276637
0 0.220703125 0.431573802542 0.025390625 0.0283479960899
0 0.2060546875 0.393450635386 0.0234375 0.0244379276637
0 0.2099609375 0.473607038123 0.025390625 0.0263929618768
0 0.265625 0.5 0.02734375 0.0322580645161
0 0.328125 0.49853372434 0.02734375 0.0312805474096
0 0.62353515625 0.490224828935 0.0244140625 0.030303030303
