0 0.06591796875 0.449657869013 0.0205078125 0.0254154447703
0 0.14697265625 0.457478005865 0.0205078125 0.0254154447703
0 0.2333984375 0.503910068426 0.021484375 0.0263929618768
0 0.23046875 0.549853372434 0.0234375 0.030303030303
0 0.29638671875 0.509775171065 0.0205078125 0.0244379276637
0 0.3798828125 0.467253176931 0.01953125 0.0215053763441
0 0.3564453125 0.506353861193 0.021484375 0.0254154447703
0 0.419921875 0.507820136852 0.01953125 0.0244379276637
0 0.36767578125 0.540566959922 0.0244140625 0.0312805474096
0 0.484375 0.50146627566 0.021484375 0.0273704789834
0 0.28466796875 0.560606060606 0.0224609375 0.0283479960899
0 0.5537109375 0.492179863148 0.01953125 0.0244379276637
0 0.626953125 0.500977517107 0.01953125 0.0224828934506
0 0.68505859375 0.504398826979 0.0205078125 0.0254154447703
0 0.8125 0.497556207234 0.021484375 0.0273704789834
0 0.86962890625 0.496089931574 0.0224609375 0.0244379276637
