0 0.12548828125 0.51220703125 0.0224609375 0.0263671875
0 0.126953125 0.591796875 0.02734375 0.03515625
0 0.1884765625 0.57470703125 0.025390625 0.0341796875
0 0.16357421875 0.50634765625 0.0224609375 0.0283203125
0 0.2626953125 0.5771484375 0.0234375 0.033203125
0 0.337890625 0.54638671875 0.0234375 0.0302734375
0 0.294921875 0.52392578125 0.021484375 0.0263671875
0 0.267578125 0.50390625 0.01953125 0.029296875
0 0.232421875 0.50048828125 0.021484375 0.0263671875
0 0.19287109375 0.5068359375 0.0224609375 0.029296875
0 0.13818359375 0.49365234375 0.0224609375 0.0263671875
0 0.1962890625 0.482421875 0.021484375 0.0234375
0 0.2138671875 0.5048828125 0.01953125 0.025390625
0 0.37060546875 0.52783203125 0.0244140625 0.0322265625
0 0.42919921875 0.51171875 0.0205078125 0.025390625
0 0.4990234375 0.55029296875 0.029296875 0.0361328125
0 0.53271484375 0.49853515625 0.0205078125 0.0283203125
0 0.4794921875 0.49755859375 0.01953125 0.0283203125
0 0.58154296875 0.58203125 0.0322265625 0.04296875
0 0.59912109375 0.47265625 0.0263671875 0.03515625
0 0.64697265625 0.47607421875 0.0302734375 0.0380859375
0 0.67822265625 0.44677734375 0.0263671875 0.0361328125
0 0.75048828125 0.44140625 0.0302734375 0.0390625
0 0.787109375 0.43017578125 0.029296875 0.0380859375
0 0.6923828125 0.58251953125 0.03515625 0.0478515625
0 0.806640625 0.56298828125 0.037109375 0.0478515625
0 0.85400390625 0.57568359375 0.0205078125 0.0263671875
0 0.8720703125 0.58349609375 0.01953125 0.0244140625
0 0.93701171875 0.61328125 0.0205078125 0.029296875
0 0.9150390625 0.57275390625 0.021484375 0.0263671875
0 0.87158203125 0.55615234375 0.0205078125 0.0244140625
