0 0.0830078125 0.140762463343 0.041015625 0.058651026393
0 0.23974609375 0.132453567937 0.0419921875 0.0557184750733
0 0.41015625 0.135386119257 0.04296875 0.0537634408602
0 0.595703125 0.139296187683 0.041015625 0.0596285434995
0 0.75439453125 0.139784946237 0.0380859375 0.0566959921799
0 0.9404296875 0.134408602151 0.03515625 0.0615835777126
0 0.900390625 0.582600195503 0.03515625 0.0547409579668
0 0.74169921875 0.583088954057 0.0439453125 0.049853372434
0 0.5859375 0.589931573803 0.041015625 0.0615835777126
0 0.42578125 0.583088954057 0.037109375 0.049853372434
0 0.2451171875 0.58504398827 0.0390625 0.0557184750733
0 0.08740234375 0.591397849462 0.0400390625 0.0566959921799
