0 0.193359375 0.49658203125 0.048828125 0.0498046875
0 0.451171875 0.60546875 0.0390625 0.046875
0 0.75537109375 0.5654296875 0.0380859375 0.044921875
0 0.89306640625 0.5380859375 0.0419921875 0.05078125
0 0.7880859375 0.38330078125 0.03515625 0.0419921875
0 0.75 0.33642578125 0.037109375 0.0419921875
0 0.70263671875 0.37939453125 0.0380859375 0.0439453125
0 0.6337890625 0.36376953125 0.0390625 0.0439453125
0 0.58544921875 0.3837890625 0.0400390625 0.041015625
0 0.4794921875 0.3486328125 0.04296875 0.046875
0 0.373046875 0.34619140625 0.0390625 0.0439453125
0 0.26904296875 0.3291015625 0.0419921875 0.05078125
0 0.15283203125 0.322265625 0.0419921875 0.05078125
