0 0.22216796875 0.34228515625 0.0361328125 0.0380859375
0 0.3076171875 0.34521484375 0.029296875 0.0322265625
0 0.39501953125 0.34765625 0.0322265625 0.037109375
0 0.2880859375 0.44140625 0.029296875 0.0390625
0 0.39453125 0.453125 0.029296875 0.037109375
0 0.49609375 0.46435546875 0.033203125 0.0380859375
0 0.60546875 0.46044921875 0.041015625 0.0439453125
0 0.72021484375 0.4853515625 0.0341796875 0.0390625
0 0.79345703125 0.31201171875 0.0419921875 0.0478515625
0 0.68359375 0.3359375 0.03125 0.0390625
0 0.607421875 0.3251953125 0.029296875 0.033203125
0 0.50537109375 0.326171875 0.0302734375 0.0390625
0 0.19384765625 0.4560546875 0.0419921875 0.041015625
