0 0.23974609375 0.3701171875 0.0322265625 0.04296875
0 0.3056640625 0.376953125 0.029296875 0.041015625
0 0.158203125 0.4990234375 0.037109375 0.052734375
0 0.22412109375 0.52099609375 0.0341796875 0.0498046875
0 0.3212890625 0.49853515625 0.033203125 0.0458984375
0 0.36669921875 0.42333984375 0.0322265625 0.0400390625
0 0.4091796875 0.50390625 0.03515625 0.046875
0 0.40625 0.37158203125 0.03125 0.0439453125
0 0.4638671875 0.4189453125 0.03125 0.04296875
0 0.4775390625 0.4931640625 0.033203125 0.044921875
0 0.51318359375 0.3115234375 0.0322265625 0.044921875
0 0.60888671875 0.30029296875 0.0283203125 0.0400390625
0 0.619140625 0.3984375 0.029296875 0.04296875
0 0.5537109375 0.40966796875 0.02734375 0.0439453125
0 0.5615234375 0.50341796875 0.037109375 0.0498046875
0 0.62451171875 0.51611328125 0.0341796875 0.0537109375
0 0.68310546875 0.5048828125 0.0302734375 0.046875
0 0.70458984375 0.30859375 0.0283203125 0.041015625
0 0.779296875 0.31494140625 0.029296875 0.0400390625
0 0.810546875 0.3984375 0.03125 0.041015625
0 0.71728515625 0.4169921875 0.0302734375 0.0390625
0 0.86669921875 0.50146484375 0.0361328125 0.0439453125
0 0.77880859375 0.51318359375 0.0322265625 0.0458984375
