0 0.2587890625 0.302734375 0.01953125 0.0234375
0 0.5078125 0.34130859375 0.029296875 0.0322265625
0 0.45458984375 0.3115234375 0.0244140625 0.029296875
0 0.41650390625 0.361328125 0.0263671875 0.029296875
0 0.8271484375 0.24853515625 0.029296875 0.0361328125
0 0.685546875 0.27294921875 0.02734375 0.0322265625
0 0.6005859375 0.26318359375 0.0234375 0.0263671875
0 0.6826171875 0.326171875 0.025390625 0.03125
0 0.771484375 0.50390625 0.044921875 0.05078125
0 0.90087890625 0.44873046875 0.0322265625 0.0400390625
0 0.9560546875 0.46923828125 0.03515625 0.0419921875
0 0.7197265625 0.28076171875 0.01953125 0.0244140625
0 0.55615234375 0.3134765625 0.0263671875 0.025390625
0 0.9501953125 0.2265625 0.03125 0.0234375
0 0.3525390625 0.3154296875 0.0234375 0.029296875
0 0.98095703125 0.37255859375 0.0380859375 0.0498046875
0 0.564453125 0.67041015625 0.0625 0.0576171875
0 0.38037109375 0.623046875 0.0478515625 0.052734375
0 0.25927734375 0.59814453125 0.0478515625 0.0537109375
0 0.3486328125 0.44384765625 0.033203125 0.0400390625
0 0.49853515625 0.4404296875 0.0380859375 0.0390625
0 0.21044921875 0.43603515625 0.0341796875 0.0380859375
0 0.09033203125 0.455078125 0.0283203125 0.03515625
0 0.1181640625 0.4052734375 0.02734375 0.0234375
0 0.20458984375 0.3896484375 0.0263671875 0.03125
0 0.158203125 0.35986328125 0.01953125 0.0224609375
0 0.33154296875 0.376953125 0.0244140625 0.03125
0 0.05908203125 0.40966796875 0.0244140625 0.0263671875
0 0.0830078125 0.37255859375 0.01953125 0.0224609375
0 0.37109375 0.33154296875 0.021484375 0.0302734375
0 0.03076171875 0.63720703125 0.0458984375 0.0498046875
0 0.81640625 0.30859375 0.02734375 0.033203125
