0 0.01416015625 0.425708699902 0.0283203125 0.0342130987292
0 0.0693359375 0.436461388074 0.029296875 0.030303030303
0 0.140625 0.472140762463 0.0234375 0.0293255131965
0 0.1806640625 0.459921798631 0.021484375 0.0283479960899
0 0.1044921875 0.584555229717 0.029296875 0.0312805474096
0 0.2412109375 0.519550342131 0.01953125 0.0244379276637
0 0.26904296875 0.461876832845 0.0224609375 0.0283479960899
0 0.3447265625 0.467741935484 0.0234375 0.0263929618768
0 0.40087890625 0.465786901271 0.0224609375 0.0283479960899
0 0.23828125 0.616324535679 0.033203125 0.0283479960899
0 0.50634765625 0.405180840665 0.0302734375 0.0400782013685
0 0.58203125 0.482893450635 0.025390625 0.0273704789834
0 0.671875 0.496089931574 0.021484375 0.0244379276637
0 0.73046875 0.58211143695 0.03125 0.0361681329423
0 0.75 0.460899315738 0.0234375 0.0244379276637
0 0.80224609375 0.506842619746 0.0205078125 0.0244379276637
0 0.83544921875 0.481915933529 0.0263671875 0.0273704789834
0 0.8857421875 0.461876832845 0.025390625 0.0224828934506
0 0.96435546875 0.436461388074 0.0263671875 0.030303030303
0 0.9697265625 0.595796676442 0.033203125 0.0361681329423
