0 0.224609375 0.342619745846 0.021484375 0.0263929618768
0 0.109375 0.337732160313 0.021484375 0.0244379276637
0 0.0830078125 0.336754643206 0.0234375 0.0263929618768
0 0.2978515625 0.387096774194 0.021484375 0.0254154447703
0 0.9853515625 0.385630498534 0.021484375 0.0205278592375
0 0.93017578125 0.393939393939 0.0224609375 0.0254154447703
0 0.90673828125 0.362170087977 0.0205078125 0.0244379276637
0 0.8740234375 0.368523949169 0.021484375 0.0215053763441
0 0.8642578125 0.393939393939 0.01953125 0.0215053763441
0 0.67138671875 0.356793743891 0.0458984375 0.0547409579668
0 0.51220703125 0.361681329423 0.0498046875 0.0469208211144
