0 0.171875 0.19189453125 0.060546875 0.0595703125
0 0.513671875 0.72998046875 0.06640625 0.0673828125
0 0.97607421875 0.75341796875 0.0341796875 0.0322265625
0 0.9326171875 0.697265625 0.03125 0.03125
0 0.876953125 0.6748046875 0.03125 0.03125
0 0.8779296875 0.6240234375 0.03125 0.029296875
0 0.8212890625 0.5654296875 0.029296875 0.03125
0 0.76123046875 0.5537109375 0.0244140625 0.02734375
0 0.73876953125 0.50634765625 0.0263671875 0.0302734375
0 0.71533203125 0.47802734375 0.0263671875 0.0263671875
0 0.62744140625 0.529296875 0.0380859375 0.04296875
0 0.59326171875 0.45947265625 0.0380859375 0.0400390625
0 0.5595703125 0.40625 0.037109375 0.041015625
0 0.5244140625 0.35888671875 0.04296875 0.0380859375
0 0.46484375 0.353515625 0.041015625 0.0390625
0 0.4736328125 0.29052734375 0.03515625 0.0361328125
0 0.3603515625 0.44287109375 0.044921875 0.0458984375
0 0.41845703125 0.5498046875 0.0439453125 0.056640625
