0 0.2255859375 0.40966796875 0.080078125 0.0830078125
0 0.44140625 0.439453125 0.0859375 0.087890625
0 0.59814453125 0.4130859375 0.0908203125 0.103515625
0 0.77685546875 0.4072265625 0.0927734375 0.095703125
0 0.21533203125 0.2373046875 0.0322265625 0.044921875
0 0.19140625 0.28271484375 0.02734375 0.0361328125
0 0.3583984375 0.26513671875 0.03125 0.0361328125
0 0.40234375 0.2724609375 0.025390625 0.03125
0 0.451171875 0.27490234375 0.02734375 0.0283203125
0 0.42333984375 0.23974609375 0.0263671875 0.0341796875
0 0.36279296875 0.2060546875 0.0361328125 0.046875
0 0.40283203125 0.216796875 0.0283203125 0.03125
0 0.32861328125 0.22119140625 0.0263671875 0.0419921875
0 0.29150390625 0.23583984375 0.0322265625 0.0439453125
0 0.25732421875 0.20849609375 0.0380859375 0.0478515625
0 0.177734375 0.20654296875 0.037109375 0.0419921875
0 0.42333984375 0.146484375 0.0341796875 0.037109375
0 0.3291015625 0.15478515625 0.037109375 0.0498046875
0 0.28955078125 0.15576171875 0.0283203125 0.0341796875
0 0.22314453125 0.15478515625 0.0361328125 0.0419921875
0 0.5048828125 0.15576171875 0.029296875 0.0400390625
0 0.759765625 0.2666015625 0.03515625 0.052734375
0 0.71923828125 0.2939453125 0.0322265625 0.041015625
0 0.68994140625 0.2626953125 0.0341796875 0.037109375
0 0.7119140625 0.2490234375 0.04296875 0.041015625
0 0.7890625 0.2294921875 0.029296875 0.041015625
0 0.76416015625 0.19287109375 0.0263671875 0.0400390625
0 0.82421875 0.18603515625 0.025390625 0.0263671875
0 0.720703125 0.19921875 0.03125 0.04296875
0 0.68505859375 0.20263671875 0.0361328125 0.0458984375
0 0.64599609375 0.212890625 0.0380859375 0.0390625
0 0.6484375 0.259765625 0.041015625 0.041015625
0 0.60498046875 0.23583984375 0.0341796875 0.0478515625
0 0.572265625 0.22705078125 0.025390625 0.0361328125
0 0.5625 0.2568359375 0.01953125 0.041015625
0 0.60205078125 0.18896484375 0.0302734375 0.0244140625
0 0.79052734375 0.146484375 0.0302734375 0.033203125
0 0.9423828125 0.203125 0.021484375 0.0234375
0 0.9111328125 0.21484375 0.021484375 0.0234375
0 0.87548828125 0.2080078125 0.0205078125 0.01953125
0 0.31591796875 0.28369140625 0.0341796875 0.0380859375
0 0.087890625 0.3369140625 0.02734375 0.04296875
0 0.13427734375 0.32275390625 0.0302734375 0.0419921875
0 0.51416015625 0.30029296875 0.0302734375 0.0361328125
0 0.67041015625 0.31494140625 0.0263671875 0.0341796875
