0 0.1337890625 0.440860215054 0.03515625 0.039100684262
0 0.20068359375 0.449657869013 0.0322265625 0.0332355816227
0 0.259765625 0.422776148583 0.033203125 0.0381231671554
0 0.31201171875 0.447214076246 0.0341796875 0.0478983382209
0 0.3564453125 0.410068426197 0.03125 0.0400782013685
0 0.38330078125 0.461388074291 0.0302734375 0.0371456500489
0 0.44287109375 0.446725317693 0.0283203125 0.0332355816227
0 0.5107421875 0.422287390029 0.03515625 0.0430107526882
0 0.60107421875 0.449657869013 0.0283203125 0.0351906158358
0 0.6552734375 0.425219941349 0.033203125 0.0371456500489
0 0.66943359375 0.483870967742 0.0302734375 0.0293255131965
0 0.74609375 0.466764418377 0.02734375 0.0400782013685
0 0.794921875 0.421309872923 0.029296875 0.0351906158358
0 0.85791015625 0.44330400782 0.0302734375 0.0381231671554
0 0.81689453125 0.484359726295 0.0302734375 0.0381231671554
0 0.599609375 0.561094819159 0.033203125 0.0332355816227
0 0.57177734375 0.591397849462 0.0283203125 0.0293255131965
0 0.4677734375 0.546432062561 0.03515625 0.0430107526882
0 0.44482421875 0.593841642229 0.0283203125 0.030303030303
