0 0.791504539559 0.527237354086 0.0629053177691 0.0726329442283
0 0.80804150454 0.464007782101 0.0376134889754 0.0447470817121
0 0.767833981842 0.467250324254 0.0337224383917 0.0408560311284
0 0.726329442283 0.465304798962 0.0350194552529 0.0356679636835
0 0.721465629053 0.507782101167 0.0486381322957 0.0583657587549
0 0.690012970169 0.476653696498 0.0285343709468 0.0363164721141
0 0.665693904021 0.500972762646 0.0460440985733 0.056420233463
0 0.604409857328 0.450064850843 0.0324254215305 0.0376134889754
0 0.57457846952 0.491569390402 0.0402075226978 0.0479896238651
0 0.47373540856 0.484760051881 0.0421530479896 0.0538261997406
0 0.36186770428 0.459468223087 0.0311284046693 0.0369649805447
0 0.359273670558 0.50551232166 0.0402075226978 0.0473411154345
0 0.312905317769 0.497730220493 0.0343709468223 0.0447470817121
0 0.2817769131 0.476653696498 0.0330739299611 0.041504539559
0 0.238326848249 0.490272373541 0.0356679636835 0.0492866407263
0 0.238651102464 0.456225680934 0.0285343709468 0.0317769130999
0 0.487354085603 0.754539559014 0.0486381322957 0.0693904020752
0 0.335927367056 0.703631647211 0.0518806744488 0.0622568093385
0 0.643968871595 0.486381322957 0.0376134889754 0.0402075226978
0 0.182879377432 0.465304798962 0.0246433203632 0.0434500648508
