0 0.83251953125 0.153958944282 0.0302734375 0.030303030303
0 0.80419921875 0.224828934506 0.0302734375 0.0234604105572
0 0.77001953125 0.189638318671 0.0224609375 0.0273704789834
0 0.751953125 0.263440860215 0.0234375 0.0283479960899
0 0.68994140625 0.33431085044 0.0302734375 0.0293255131965
0 0.59716796875 0.238025415445 0.0283203125 0.0322580645161
0 0.54638671875 0.33724340176 0.0302734375 0.0254154447703
0 0.4697265625 0.222873900293 0.021484375 0.0254154447703
0 0.40771484375 0.294232649071 0.0224609375 0.0215053763441
0 0.44921875 0.285434995112 0.01953125 0.0273704789834
0 0.33154296875 0.268817204301 0.0244140625 0.0332355816227
0 0.21337890625 0.257086999022 0.0263671875 0.0312805474096
0 0.126953125 0.255131964809 0.02734375 0.0273704789834
0 0.15087890625 0.324046920821 0.0361328125 0.0283479960899
0 0.08642578125 0.316226783969 0.0302734375 0.0283479960899
0 0.25927734375 0.321114369501 0.0205078125 0.0224828934506
0 0.3662109375 0.397360703812 0.025390625 0.0283479960899
0 0.6962890625 0.522971652004 0.03515625 0.0273704789834
0 0.59228515625 0.533235581623 0.0205078125 0.0263929618768
0 0.46630859375 0.539100684262 0.0205078125 0.0283479960899
0 0.3310546875 0.629032258065 0.03125 0.0361681329423
