0 0.16943359375 0.482404692082 0.0205078125 0.0244379276637
0 0.21728515625 0.44623655914 0.0205078125 0.0244379276637
0 0.15673828125 0.441348973607 0.0205078125 0.0224828934506
0 0.26708984375 0.482893450635 0.0205078125 0.0234604105572
0 0.2255859375 0.550342130987 0.021484375 0.0273704789834
0 0.07568359375 0.52541544477 0.0205078125 0.0263929618768
0 0.09375 0.489247311828 0.01953125 0.0224828934506
0 0.23388671875 0.514173998045 0.0205078125 0.0254154447703
0 0.1474609375 0.534701857283 0.0234375 0.0273704789834
0 0.36669921875 0.445259042033 0.0205078125 0.0244379276637
0 0.349609375 0.499511241447 0.021484375 0.0234604105572
0 0.3779296875 0.548387096774 0.021484375 0.0293255131965
0 0.29150390625 0.544965786901 0.0224609375 0.0244379276637
0 0.4931640625 0.459433040078 0.01953125 0.0215053763441
0 0.4482421875 0.408602150538 0.021484375 0.0254154447703
0 0.580078125 0.395405669599 0.01953125 0.0224828934506
0 0.57177734375 0.485337243402 0.0205078125 0.0244379276637
0 0.53662109375 0.559139784946 0.0224609375 0.0234604105572
0 0.486328125 0.497556207234 0.01953125 0.0215053763441
0 0.45361328125 0.572825024438 0.0224609375 0.0254154447703
0 0.576171875 0.467253176931 0.01953125 0.0215053763441
0 0.63671875 0.471163245357 0.021484375 0.0273704789834
0 0.69677734375 0.427663734115 0.0224609375 0.0224828934506
0 0.70751953125 0.482404692082 0.0224609375 0.0244379276637
0 0.7412109375 0.548387096774 0.025390625 0.0293255131965
0 0.64453125 0.539589442815 0.0234375 0.0273704789834
0 0.759765625 0.454056695992 0.01953125 0.0244379276637
0 0.8251953125 0.450635386119 0.01953125 0.0234604105572
0 0.89453125 0.5 0.021484375 0.0224828934506
0 0.83203125 0.496578690127 0.01953125 0.0254154447703
0 0.93115234375 0.536168132942 0.0205078125 0.0244379276637
0 0.86669921875 0.559139784946 0.0224609375 0.0254154447703
0 0.81005859375 0.565004887586 0.0224609375 0.0351906158358
