0 0.35791015625 0.548828125 0.0205078125 0.0234375
0 0.49462890625 0.548828125 0.0205078125 0.025390625
0 0.55810546875 0.54931640625 0.0205078125 0.0244140625
0 0.625 0.55078125 0.021484375 0.025390625
0 0.5576171875 0.49462890625 0.01953125 0.0263671875
0 0.30126953125 0.47119140625 0.0205078125 0.0263671875
0 0.18896484375 0.4912109375 0.0205078125 0.0234375
0 0.18212890625 0.5439453125 0.0205078125 0.0234375
0 0.30078125 0.55126953125 0.01953125 0.0263671875
0 0.82275390625 0.49853515625 0.0205078125 0.0224609375
0 0.87841796875 0.55712890625 0.0205078125 0.0263671875
0 0.82275390625 0.54931640625 0.0224609375 0.0244140625
0 0.75439453125 0.56103515625 0.0205078125 0.0263671875
0 0.75390625 0.5029296875 0.01953125 0.0234375
0 0.69580078125 0.55126953125 0.0244140625 0.0263671875
