0 0.27880859375 0.347996089932 0.0322265625 0.0332355816227
0 0.31689453125 0.342619745846 0.0263671875 0.030303030303
0 0.3466796875 0.390029325513 0.02734375 0.0332355816227
0 0.3798828125 0.376344086022 0.0234375 0.0312805474096
0 0.3974609375 0.350928641251 0.025390625 0.0293255131965
0 0.42431640625 0.409579667644 0.0244140625 0.0273704789834
0 0.46435546875 0.398826979472 0.0224609375 0.0273704789834
0 0.48291015625 0.383186705767 0.0224609375 0.0254154447703
0 0.5 0.409090909091 0.0234375 0.0283479960899
0 0.51318359375 0.348484848485 0.0224609375 0.0263929618768
0 0.5400390625 0.380742913001 0.021484375 0.0244379276637
0 0.544921875 0.414467253177 0.0234375 0.0254154447703
0 0.6201171875 0.423264907136 0.01953125 0.0234604105572
0 0.6640625 0.398826979472 0.01953125 0.0254154447703
0 0.681640625 0.348973607038 0.021484375 0.0254154447703
0 0.7392578125 0.355327468231 0.021484375 0.0283479960899
0 0.87744140625 0.467253176931 0.0283203125 0.0351906158358
0 0.9013671875 0.423753665689 0.02734375 0.0283479960899
