0 0.7958984375 0.291341145833 0.0149739583333 0.017578125
0 0.787760416667 0.319661458333 0.015625 0.0182291666667
0 0.749348958333 0.261393229167 0.0130208333333 0.0162760416667
0 0.769205729167 0.391927083333 0.0201822916667 0.0221354166667
0 0.736653645833 0.368489583333 0.0188802083333 0.0208333333333
0 0.695638020833 0.350911458333 0.0162760416667 0.0221354166667
0 0.64453125 0.3037109375 0.015625 0.0188802083333
0 0.6240234375 0.291666666667 0.0149739583333 0.01953125
0 0.596354166667 0.259114583333 0.0130208333333 0.0182291666667
0 0.7314453125 0.431315104167 0.0201822916667 0.0240885416667
0 0.667643229167 0.3818359375 0.0201822916667 0.0266927083333
0 0.643229166667 0.371744791667 0.01953125 0.0221354166667
0 0.636393229167 0.349609375 0.017578125 0.0221354166667
0 0.541015625 0.297526041667 0.0143229166667 0.0169270833333
0 0.5205078125 0.331380208333 0.0162760416667 0.0182291666667
0 0.506184895833 0.310546875 0.0149739583333 0.0169270833333
0 0.480143229167 0.281575520833 0.0149739583333 0.017578125
0 0.431640625 0.255533854167 0.0130208333333 0.0149739583333
0 0.4130859375 0.2841796875 0.013671875 0.0162760416667
0 0.423502604167 0.3056640625 0.0162760416667 0.017578125
0 0.455403645833 0.316080729167 0.0162760416667 0.017578125
0 0.449544270833 0.339192708333 0.017578125 0.01953125
0 0.5166015625 0.358072916667 0.0149739583333 0.01953125
0 0.394205729167 0.3349609375 0.0149739583333 0.017578125
0 0.381510416667 0.296549479167 0.015625 0.0149739583333
0 0.380533854167 0.256184895833 0.013671875 0.0162760416667
0 0.338541666667 0.267578125 0.0130208333333 0.015625
0 0.28125 0.277994791667 0.015625 0.0169270833333
0 0.27734375 0.304361979167 0.015625 0.013671875
0 0.246744791667 0.320963541667 0.0169270833333 0.0169270833333
0 0.306640625 0.320638020833 0.0169270833333 0.0188802083333
0 0.357096354167 0.312825520833 0.0162760416667 0.0188802083333
0 0.3544921875 0.355794270833 0.017578125 0.021484375
0 0.3349609375 0.334635416667 0.017578125 0.0208333333333
0 0.289713541667 0.369140625 0.01953125 0.01953125
0 0.402669270833 0.3623046875 0.0188802083333 0.0201822916667
0 0.4345703125 0.3642578125 0.0188802083333 0.0201822916667
0 0.709309895833 0.471354166667 0.025390625 0.0286458333333
0 0.734375 0.523111979167 0.0247395833333 0.029296875
0 0.6591796875 0.5009765625 0.025390625 0.0305989583333
0 0.619791666667 0.457682291667 0.0221354166667 0.0260416666667
0 0.638997395833 0.4296875 0.0188802083333 0.0234375
0 0.576171875 0.430338541667 0.0208333333333 0.0234375
0 0.513671875 0.469401041667 0.0208333333333 0.0234375
0 0.568359375 0.490559895833 0.0221354166667 0.0279947916667
0 0.550130208333 0.534830729167 0.0247395833333 0.0305989583333
0 0.639322916667 0.560872395833 0.02734375 0.0319010416667
0 0.704427083333 0.598307291667 0.0260416666667 0.0390625
0 0.62890625 0.616861979167 0.0299479166667 0.037109375
0 0.544921875 0.6015625 0.0247395833333 0.03125
0 0.498372395833 0.564127604167 0.025390625 0.0319010416667
0 0.3876953125 0.388346354167 0.017578125 0.021484375
0 0.373697916667 0.4140625 0.0182291666667 0.0234375
0 0.3349609375 0.4208984375 0.0227864583333 0.0266927083333
0 0.330078125 0.387044270833 0.01953125 0.0240885416667
0 0.282552083333 0.408854166667 0.0208333333333 0.0208333333333
0 0.28125 0.469075520833 0.0234375 0.0240885416667
0 0.333984375 0.509765625 0.0247395833333 0.0286458333333
0 0.437174479167 0.5029296875 0.0201822916667 0.0227864583333
0 0.4443359375 0.469401041667 0.0188802083333 0.01953125
0 0.420572916667 0.430013020833 0.0208333333333 0.0266927083333
0 0.4716796875 0.516276041667 0.0240885416667 0.03125
0 0.722330729167 0.664713541667 0.0319010416667 0.0403645833333
0 0.619466145833 0.716471354167 0.029296875 0.041015625
0 0.513346354167 0.673502604167 0.0319010416667 0.041015625
0 0.4638671875 0.638997395833 0.0279947916667 0.0384114583333
0 0.388020833333 0.656901041667 0.03125 0.0364583333333
0 0.327799479167 0.6064453125 0.0279947916667 0.033203125
0 0.301106770833 0.71484375 0.033203125 0.0442708333333
0 0.418294270833 0.591145833333 0.0266927083333 0.0286458333333
0 0.393229166667 0.535481770833 0.0234375 0.029296875
0 0.744466145833 0.568359375 0.0240885416667 0.0338541666667
0 0.7822265625 0.3515625 0.0188802083333 0.0208333333333
0 0.539713541667 0.37109375 0.0130208333333 0.0169270833333
0 0.494140625 0.429036458333 0.0208333333333 0.02734375
0 0.463216145833 0.394856770833 0.0188802083333 0.0240885416667
0 0.362630208333 0.467447916667 0.0221354166667 0.02734375
0 0.277994791667 0.328450520833 0.01953125 0.021484375
