0 0.8310546875 0.33447265625 0.029296875 0.0322265625
0 0.80615234375 0.3984375 0.0341796875 0.033203125
0 0.7294921875 0.41015625 0.03515625 0.03515625
0 0.7275390625 0.3251953125 0.029296875 0.03515625
0 0.7138671875 0.2880859375 0.029296875 0.03515625
0 0.6357421875 0.29150390625 0.033203125 0.0341796875
0 0.6474609375 0.34423828125 0.03125 0.0341796875
0 0.6923828125 0.3564453125 0.03125 0.03515625
0 0.64453125 0.416015625 0.03125 0.037109375
0 0.59619140625 0.4248046875 0.0400390625 0.05078125
0 0.55419921875 0.27587890625 0.0263671875 0.0341796875
0 0.56494140625 0.3232421875 0.0283203125 0.033203125
0 0.60498046875 0.3603515625 0.0302734375 0.03515625
0 0.5517578125 0.42041015625 0.03125 0.0380859375
0 0.513671875 0.36572265625 0.03125 0.0361328125
0 0.48876953125 0.33984375 0.0322265625 0.033203125
0 0.44873046875 0.2919921875 0.0283203125 0.033203125
0 0.474609375 0.26416015625 0.02734375 0.0322265625
0 0.3837890625 0.265625 0.029296875 0.02734375
0 0.40087890625 0.322265625 0.0283203125 0.03515625
0 0.4296875 0.36474609375 0.03125 0.0361328125
0 0.39697265625 0.3837890625 0.0361328125 0.0390625
0 0.33349609375 0.35986328125 0.0283203125 0.0341796875
0 0.3056640625 0.32177734375 0.02734375 0.0361328125
0 0.34423828125 0.294921875 0.0263671875 0.033203125
0 0.4833984375 0.41357421875 0.029296875 0.0400390625
0 0.39404296875 0.4462890625 0.0380859375 0.0390625
0 0.306640625 0.3974609375 0.033203125 0.037109375
0 0.25048828125 0.416015625 0.0341796875 0.041015625
0 0.248046875 0.3203125 0.029296875 0.033203125
0 0.19287109375 0.3994140625 0.0380859375 0.041015625
