0 0.0322265625 0.419921875 0.025390625 0.044921875
0 0.13720703125 0.4052734375 0.0478515625 0.06640625
0 0.2080078125 0.416015625 0.041015625 0.06640625
0 0.25390625 0.4296875 0.060546875 0.080078125
0 0.5166015625 0.39599609375 0.037109375 0.0576171875
0 0.517578125 0.4619140625 0.0234375 0.037109375
0 0.56884765625 0.447265625 0.0322265625 0.0390625
0 0.61474609375 0.45556640625 0.0361328125 0.0576171875
0 0.61669921875 0.42431640625 0.0224609375 0.0322265625
0 0.70068359375 0.46240234375 0.0244140625 0.0224609375
0 0.7568359375 0.45751953125 0.044921875 0.0595703125
0 0.76708984375 0.416015625 0.0400390625 0.046875
0 0.82275390625 0.40478515625 0.0419921875 0.0595703125
0 0.8828125 0.39501953125 0.03125 0.0556640625
0 0.98486328125 0.40087890625 0.0302734375 0.0478515625
