0 0.021484375 0.45166015625 0.04296875 0.0634765625
0 0.06201171875 0.4404296875 0.0439453125 0.06640625
0 0.06103515625 0.40185546875 0.0419921875 0.0595703125
0 0.087890625 0.4248046875 0.029296875 0.03515625
0 0.11962890625 0.4111328125 0.0341796875 0.0390625
0 0.15478515625 0.416015625 0.0302734375 0.037109375
0 0.1982421875 0.4150390625 0.0390625 0.0546875
0 0.38671875 0.29931640625 0.07421875 0.1005859375
0 0.73486328125 0.4462890625 0.0244140625 0.02734375
0 0.8251953125 0.47509765625 0.01953125 0.0263671875
0 0.859375 0.4638671875 0.01953125 0.021484375
0 0.90087890625 0.4453125 0.0244140625 0.02734375
