0 0.204752604167 0.703125 0.021484375 0.0299479166667
0 0.3271484375 0.7060546875 0.0162760416667 0.021484375
0 0.394856770833 0.794921875 0.0266927083333 0.0247395833333
0 0.2744140625 0.877604166667 0.0201822916667 0.03515625
0 0.313151041667 0.537434895833 0.0169270833333 0.0201822916667
0 0.40234375 0.559895833333 0.0130208333333 0.0182291666667
0 0.415690104167 0.534505208333 0.013671875 0.0182291666667
0 0.362955729167 0.638020833333 0.0240885416667 0.0260416666667
0 0.421549479167 0.646484375 0.013671875 0.0299479166667
0 0.404947916667 0.715169270833 0.0169270833333 0.029296875
0 0.556966145833 0.58984375 0.017578125 0.01953125
0 0.4677734375 0.551432291667 0.0149739583333 0.01953125
0 0.532552083333 0.562825520833 0.0130208333333 0.017578125
0 0.451171875 0.513346354167 0.0130208333333 0.0162760416667
0 0.537434895833 0.482421875 0.013671875 0.015625
0 0.598958333333 0.504557291667 0.0143229166667 0.0169270833333
0 0.777994791667 0.46875 0.0130208333333 0.0169270833333
0 0.802734375 0.5087890625 0.01953125 0.0201822916667
0 0.671549479167 0.611328125 0.0201822916667 0.0247395833333
0 0.764322916667 0.638671875 0.0234375 0.02734375
