0 0.1904296875 0.347018572825 0.04296875 0.0547409579668
0 0.2353515625 0.346041055718 0.0234375 0.0293255131965
0 0.33203125 0.347996089932 0.037109375 0.0606060606061
0 0.3935546875 0.365102639296 0.037109375 0.0557184750733
0 0.43017578125 0.39100684262 0.0283203125 0.0430107526882
0 0.470703125 0.415444770283 0.029296875 0.0371456500489
0 0.54736328125 0.414467253177 0.0341796875 0.0449657869013
0 0.59716796875 0.490224828935 0.0361328125 0.0439882697947
0 0.6259765625 0.412023460411 0.03125 0.0420332355816
0 0.689453125 0.41495601173 0.033203125 0.0439882697947
0 0.69873046875 0.388563049853 0.0400390625 0.0439882697947
0 0.7314453125 0.312316715543 0.0234375 0.0342130987292
0 0.79248046875 0.366568914956 0.0400390625 0.0547409579668
0 0.88427734375 0.304985337243 0.0498046875 0.0566959921799
