0 0.138671875 0.325024437928 0.0390625 0.049853372434
0 0.287109375 0.377810361681 0.03125 0.0381231671554
0 0.43017578125 0.329423264907 0.0419921875 0.0527859237537
0 0.5732421875 0.378299120235 0.033203125 0.039100684262
0 0.69873046875 0.340664711632 0.0380859375 0.049853372434
0 0.81787109375 0.377810361681 0.0302734375 0.0381231671554
0 0.13720703125 0.589442815249 0.0400390625 0.0508308895406
0 0.30029296875 0.63880742913 0.0302734375 0.0361681329423
0 0.45947265625 0.63734115347 0.0302734375 0.039100684262
0 0.6552734375 0.588465298143 0.037109375 0.0469208211144
0 0.86328125 0.590420332356 0.037109375 0.0430107526882
