0 0.02294921875 0.2802734375 0.0322265625 0.0390625
0 0.1162109375 0.32373046875 0.025390625 0.0341796875
0 0.138671875 0.33984375 0.029296875 0.037109375
0 0.22119140625 0.30859375 0.0322265625 0.04296875
0 0.2685546875 0.30029296875 0.0390625 0.0380859375
0 0.29833984375 0.3408203125 0.0302734375 0.041015625
0 0.35693359375 0.32861328125 0.0283203125 0.0400390625
0 0.4033203125 0.328125 0.03125 0.041015625
0 0.47802734375 0.28125 0.0322265625 0.037109375
0 0.54248046875 0.30859375 0.0322265625 0.04296875
0 0.6630859375 0.275390625 0.033203125 0.044921875
0 0.59326171875 0.36376953125 0.0341796875 0.0439453125
0 0.71533203125 0.31884765625 0.0380859375 0.0439453125
0 0.76806640625 0.32568359375 0.0400390625 0.0498046875
0 0.84326171875 0.38330078125 0.0322265625 0.0380859375
0 0.93017578125 0.39599609375 0.0341796875 0.0478515625
