0 0.1357421875 0.3359375 0.029296875 0.04296875
0 0.2373046875 0.41748046875 0.03125 0.0341796875
0 0.26220703125 0.380859375 0.0244140625 0.02734375
0 0.556640625 0.41552734375 0.03515625 0.0341796875
0 0.48486328125 0.333984375 0.0361328125 0.044921875
0 0.6142578125 0.39599609375 0.01953125 0.0263671875
0 0.630859375 0.392578125 0.01953125 0.029296875
0 0.70263671875 0.41455078125 0.0244140625 0.0322265625
0 0.71240234375 0.3681640625 0.0205078125 0.025390625
0 0.802734375 0.3798828125 0.01953125 0.02734375
0 0.8193359375 0.35302734375 0.03125 0.0419921875
