0 0.0556640625 0.208211143695 0.05078125 0.0664711632454
0 0.23583984375 0.181818181818 0.0302734375 0.0273704789834
0 0.4365234375 0.175464320626 0.0234375 0.0263929618768
0 0.63525390625 0.220430107527 0.0595703125 0.0752688172043
0 0.88134765625 0.203323558162 0.0634765625 0.0821114369501
0 0.0947265625 0.445259042033 0.029296875 0.0322580645161
0 0.28515625 0.452101661779 0.029296875 0.0322580645161
0 0.5029296875 0.438905180841 0.0234375 0.0254154447703
0 0.80224609375 0.437438905181 0.0302734375 0.0400782013685
0 0.1298828125 0.721407624633 0.044921875 0.0606060606061
0 0.33935546875 0.722873900293 0.0458984375 0.0557184750733
0 0.57958984375 0.66715542522 0.0322265625 0.0400782013685
0 0.859375 0.679374389052 0.033203125 0.0371456500489
