0 0.36865234375 0.2021484375 0.0263671875 0.033203125
0 0.3740234375 0.248046875 0.025390625 0.037109375
0 0.3291015625 0.2587890625 0.02734375 0.03515625
0 0.29248046875 0.31005859375 0.0361328125 0.0478515625
0 0.32861328125 0.32373046875 0.0283203125 0.0341796875
0 0.3955078125 0.30126953125 0.03125 0.0419921875
0 0.451171875 0.25927734375 0.021484375 0.0302734375
0 0.49609375 0.251953125 0.02734375 0.03515625
0 0.482421875 0.2939453125 0.029296875 0.037109375
0 0.43359375 0.3095703125 0.0390625 0.048828125
0 0.56591796875 0.283203125 0.0263671875 0.033203125
0 0.56103515625 0.2607421875 0.0224609375 0.029296875
0 0.6064453125 0.2470703125 0.0234375 0.03515625
0 0.63916015625 0.24853515625 0.0263671875 0.0380859375
0 0.640625 0.30126953125 0.029296875 0.0380859375
0 0.6015625 0.33984375 0.025390625 0.037109375
0 0.67529296875 0.349609375 0.0341796875 0.046875
0 0.5361328125 0.3701171875 0.0390625 0.05078125
0 0.560546875 0.43212890625 0.0390625 0.0517578125
0 0.666015625 0.41845703125 0.037109375 0.0458984375
0 0.73095703125 0.4111328125 0.0361328125 0.048828125
0 0.38916015625 0.439453125 0.0361328125 0.046875
0 0.21044921875 0.44091796875 0.0439453125 0.0615234375
0 0.24072265625 0.34423828125 0.0419921875 0.0615234375
0 0.63623046875 0.47265625 0.0419921875 0.052734375
0 0.75390625 0.4619140625 0.0390625 0.052734375
0 0.83056640625 0.45751953125 0.0419921875 0.0556640625
