0 0.01513671875 0.45068359375 0.0224609375 0.0341796875
0 0.0341796875 0.4560546875 0.029296875 0.044921875
0 0.12109375 0.4580078125 0.03125 0.041015625
0 0.146484375 0.44921875 0.03515625 0.044921875
0 0.22216796875 0.4404296875 0.0322265625 0.044921875
0 0.25341796875 0.37939453125 0.0244140625 0.0283203125
0 0.2763671875 0.4462890625 0.029296875 0.037109375
0 0.30908203125 0.404296875 0.0283203125 0.03515625
0 0.3125 0.3876953125 0.025390625 0.03515625
0 0.48681640625 0.27880859375 0.0517578125 0.0791015625
0 0.62890625 0.27734375 0.0390625 0.0703125
0 0.50927734375 0.40380859375 0.0244140625 0.0400390625
0 0.5380859375 0.4345703125 0.03515625 0.044921875
0 0.56640625 0.41064453125 0.03125 0.0439453125
0 0.5498046875 0.47509765625 0.03515625 0.0498046875
0 0.59326171875 0.45556640625 0.0341796875 0.0478515625
0 0.80908203125 0.3955078125 0.0380859375 0.052734375
0 0.81005859375 0.37060546875 0.0322265625 0.0419921875
0 0.93017578125 0.39111328125 0.0322265625 0.0439453125
0 0.96630859375 0.37548828125 0.0322265625 0.0380859375
0 0.97119140625 0.46044921875 0.0361328125 0.0458984375
0 0.095703125 0.45654296875 0.01953125 0.0341796875
