0 0.7978515625 0.3310546875 0.029296875 0.044921875
0 0.9375 0.5703125 0.029296875 0.0390625
0 0.740234375 0.56640625 0.029296875 0.04296875
0 0.6474609375 0.556640625 0.03125 0.046875
0 0.65673828125 0.52392578125 0.0205078125 0.0283203125
0 0.58837890625 0.6015625 0.0322265625 0.044921875
0 0.56640625 0.5673828125 0.025390625 0.029296875
0 0.53955078125 0.58203125 0.0283203125 0.0390625
0 0.52392578125 0.54541015625 0.0263671875 0.0322265625
0 0.50830078125 0.56396484375 0.0244140625 0.0361328125
0 0.5361328125 0.53369140625 0.021484375 0.0283203125
0 0.48193359375 0.59814453125 0.0380859375 0.0478515625
0 0.44384765625 0.54736328125 0.0224609375 0.0322265625
0 0.4736328125 0.537109375 0.021484375 0.03515625
0 0.37646484375 0.517578125 0.0205078125 0.021484375
0 0.39599609375 0.5546875 0.0205078125 0.02734375
0 0.421875 0.603515625 0.029296875 0.044921875
0 0.38427734375 0.58544921875 0.0263671875 0.0380859375
0 0.3505859375 0.57373046875 0.029296875 0.0419921875
0 0.33203125 0.611328125 0.03125 0.046875
0 0.314453125 0.57666015625 0.029296875 0.0439453125
0 0.267578125 0.58544921875 0.02734375 0.0380859375
0 0.33837890625 0.560546875 0.0263671875 0.041015625
0 0.208984375 0.53564453125 0.025390625 0.0302734375
0 0.2587890625 0.55419921875 0.02734375 0.0380859375
0 0.13720703125 0.53662109375 0.0283203125 0.0400390625
0 0.177734375 0.578125 0.0234375 0.044921875
0 0.2177734375 0.5771484375 0.03125 0.04296875
0 0.2353515625 0.6201171875 0.03515625 0.05859375
0 0.11962890625 0.61474609375 0.0380859375 0.0400390625
0 0.0341796875 0.59375 0.041015625 0.05859375
0 0.07763671875 0.56884765625 0.0341796875 0.0400390625
0 0.09375 0.53125 0.0234375 0.0390625
0 0.11083984375 0.55859375 0.0224609375 0.0390625
