0 0.27685546875 0.24633431085 0.0439453125 0.058651026393
0 0.02783203125 0.669110459433 0.0283203125 0.0361681329423
0 0.07666015625 0.647605083089 0.0322265625 0.0420332355816
0 0.13525390625 0.677908113392 0.0263671875 0.0322580645161
0 0.1396484375 0.666177908113 0.01953125 0.0283479960899
0 0.5224609375 0.654447702835 0.021484375 0.0283479960899
0 0.5400390625 0.64173998045 0.021484375 0.030303030303
0 0.54345703125 0.659335288368 0.0283203125 0.0420332355816
0 0.59521484375 0.642717497556 0.0361328125 0.0478983382209
0 0.70166015625 0.638318670577 0.0263671875 0.0371456500489
0 0.7734375 0.654447702835 0.025390625 0.0361681329423
0 0.7919921875 0.651515151515 0.01953125 0.0342130987292
0 0.9013671875 0.640762463343 0.025390625 0.0342130987292
0 0.92626953125 0.634897360704 0.0302734375 0.0420332355816
