0 0.483133433283 0.16904047976 0.0322338830585 0.0352323838081
0 0.321964017991 0.886806596702 0.0382308845577 0.0494752623688
0 0.146926536732 0.758620689655 0.0329835082459 0.047976011994
0 0.318590704648 0.601949025487 0.0329835082459 0.0314842578711
0 0.359820089955 0.639430284858 0.0344827586207 0.0344827586207
0 0.434407796102 0.6964017991 0.0322338830585 0.0374812593703
0 0.504497751124 0.659295352324 0.0344827586207 0.0427286356822
0 0.49700149925 0.837331334333 0.0449775112444 0.0659670164918
0 0.636056971514 0.642428785607 0.051724137931 0.0359820089955
0 0.74287856072 0.571964017991 0.0269865067466 0.0329835082459
