0 0.24462890625 0.507331378299 0.0478515625 0.0664711632454
0 0.24462890625 0.372434017595 0.0478515625 0.0606060606061
0 0.33935546875 0.424242424242 0.0693359375 0.0977517106549
0 0.4013671875 0.358748778104 0.046875 0.0606060606061
0 0.533203125 0.405180840665 0.0390625 0.049853372434
0 0.53076171875 0.518572825024 0.0400390625 0.0596285434995
0 0.6357421875 0.452590420332 0.060546875 0.0723362658847
0 0.67626953125 0.380254154448 0.0380859375 0.0488758553275
0 0.81396484375 0.518572825024 0.0302734375 0.0596285434995
0 0.8203125 0.391984359726 0.01953125 0.0488758553275
