0 0.07177734375 0.39599609375 0.0244140625 0.0263671875
0 0.13818359375 0.40673828125 0.0263671875 0.0244140625
0 0.18896484375 0.3955078125 0.0302734375 0.03515625
0 0.25732421875 0.39111328125 0.0205078125 0.0244140625
0 0.30810546875 0.3994140625 0.0224609375 0.03125
0 0.28955078125 0.373046875 0.0205078125 0.01953125
0 0.33837890625 0.42578125 0.0302734375 0.037109375
0 0.3544921875 0.35888671875 0.0234375 0.0283203125
0 0.3271484375 0.369140625 0.01953125 0.0234375
0 0.3447265625 0.31640625 0.021484375 0.01953125
0 0.455078125 0.2197265625 0.052734375 0.07421875
0 0.595703125 0.36474609375 0.0234375 0.0263671875
0 0.66064453125 0.3564453125 0.0224609375 0.029296875
0 0.6923828125 0.3564453125 0.029296875 0.037109375
0 0.6220703125 0.40234375 0.037109375 0.046875
0 0.70166015625 0.39892578125 0.0341796875 0.0400390625
0 0.759765625 0.40625 0.0390625 0.044921875
0 0.76123046875 0.35546875 0.0322265625 0.03515625
0 0.78857421875 0.400390625 0.0283203125 0.04296875
0 0.8818359375 0.388671875 0.041015625 0.048828125
0 0.87939453125 0.34521484375 0.0361328125 0.0361328125
0 0.71728515625 0.20166015625 0.0205078125 0.0244140625
