0 0.2353515625 0.354349951124 0.0390625 0.0772238514174
0 0.5087890625 0.44330400782 0.05078125 0.0635386119257
0 0.62890625 0.419843597263 0.044921875 0.0576735092864
0 0.703125 0.472629521017 0.0390625 0.049853372434
0 0.30126953125 0.616813294233 0.0732421875 0.0918866080156
0 0.1064453125 0.748778103617 0.021484375 0.0215053763441
0 0.63232421875 0.680351906158 0.0263671875 0.039100684262
0 0.89208984375 0.495112414467 0.0849609375 0.149560117302
0 0.84521484375 0.27761485826 0.0205078125 0.0293255131965
0 0.7705078125 0.735581622678 0.02734375 0.0361681329423
