0 0.046875 0.314453125 0.033203125 0.02734375
0 0.0419921875 0.3447265625 0.03125 0.0390625
0 0.16748046875 0.34326171875 0.0322265625 0.0419921875
0 0.04736328125 0.40576171875 0.0400390625 0.0458984375
0 0.1162109375 0.45751953125 0.03515625 0.0517578125
0 0.20458984375 0.3583984375 0.0283203125 0.03515625
0 0.20556640625 0.4541015625 0.0517578125 0.064453125
0 0.2568359375 0.4033203125 0.03125 0.0390625
0 0.26318359375 0.4677734375 0.0478515625 0.048828125
0 0.0361328125 0.494140625 0.0390625 0.0546875
0 0.30517578125 0.505859375 0.0439453125 0.05078125
0 0.33447265625 0.43115234375 0.0302734375 0.0400390625
0 0.373046875 0.42578125 0.046875 0.056640625
0 0.41796875 0.349609375 0.03125 0.033203125
0 0.4404296875 0.42041015625 0.052734375 0.0771484375
0 0.4580078125 0.4931640625 0.05078125 0.072265625
0 0.52978515625 0.44970703125 0.0400390625 0.0419921875
0 0.5595703125 0.4599609375 0.0390625 0.033203125
0 0.58642578125 0.43310546875 0.0419921875 0.0458984375
0 0.6220703125 0.4970703125 0.04296875 0.04296875
0 0.64306640625 0.43798828125 0.0380859375 0.0478515625
0 0.6982421875 0.44873046875 0.03515625 0.0400390625
0 0.72412109375 0.490234375 0.0361328125 0.05078125
0 0.76318359375 0.4775390625 0.0322265625 0.04296875
0 0.82470703125 0.43017578125 0.0400390625 0.0517578125
0 0.849609375 0.4345703125 0.029296875 0.046875
0 0.89599609375 0.4189453125 0.0361328125 0.04296875
0 0.89013671875 0.4580078125 0.0361328125 0.04296875
0 0.80908203125 0.50146484375 0.0419921875 0.0517578125
0 0.888671875 0.51171875 0.04296875 0.05078125
0 0.9287109375 0.44775390625 0.0234375 0.0322265625
0 0.94921875 0.5078125 0.037109375 0.04296875
0 0.12255859375 0.3515625 0.0361328125 0.048828125
