0 0.04541015625 0.529296875 0.0205078125 0.03125
0 0.06982421875 0.53125 0.0283203125 0.037109375
0 0.12451171875 0.52197265625 0.0244140625 0.0263671875
0 0.16015625 0.52783203125 0.01953125 0.0283203125
0 0.18408203125 0.544921875 0.0224609375 0.03125
0 0.21728515625 0.5380859375 0.0205078125 0.029296875
0 0.2265625 0.61962890625 0.025390625 0.0341796875
0 0.26708984375 0.529296875 0.0224609375 0.029296875
0 0.3115234375 0.5205078125 0.021484375 0.03125
0 0.3017578125 0.64892578125 0.02734375 0.0341796875
0 0.36474609375 0.5244140625 0.0205078125 0.03125
0 0.41455078125 0.53857421875 0.0224609375 0.0302734375
0 0.4931640625 0.5361328125 0.0234375 0.029296875
0 0.455078125 0.67138671875 0.025390625 0.0361328125
0 0.5888671875 0.650390625 0.021484375 0.03125
0 0.65234375 0.6474609375 0.025390625 0.03515625
0 0.515625 0.5341796875 0.01953125 0.029296875
0 0.55859375 0.53857421875 0.025390625 0.0341796875
0 0.59521484375 0.54638671875 0.0244140625 0.0302734375
0 0.6201171875 0.51513671875 0.0234375 0.0302734375
0 0.630859375 0.4951171875 0.0234375 0.029296875
0 0.6552734375 0.51318359375 0.025390625 0.0283203125
0 0.732421875 0.50732421875 0.0234375 0.0302734375
0 0.76611328125 0.5087890625 0.0224609375 0.033203125
0 0.79736328125 0.49755859375 0.0224609375 0.0263671875
0 0.79443359375 0.53857421875 0.0244140625 0.0361328125
0 0.82275390625 0.51220703125 0.0263671875 0.0341796875
0 0.8701171875 0.49658203125 0.025390625 0.0322265625
0 0.9208984375 0.52001953125 0.025390625 0.0322265625
0 0.94873046875 0.5263671875 0.0244140625 0.03125
