0 0.068359375 0.248289345064 0.056640625 0.0664711632454
0 0.19140625 0.288367546432 0.05859375 0.0703812316716
0 0.27587890625 0.294721407625 0.0751953125 0.102639296188
0 0.3984375 0.237536656891 0.0546875 0.0684261974585
0 0.4287109375 0.343597262952 0.064453125 0.0948191593353
0 0.5419921875 0.316226783969 0.072265625 0.104594330401
0 0.4814453125 0.256598240469 0.01953125 0.0322580645161
0 0.6259765625 0.202346041056 0.0234375 0.0293255131965
0 0.7109375 0.326490713587 0.08984375 0.11339198436
0 0.8193359375 0.304985337243 0.025390625 0.0273704789834
0 0.08203125 0.573313782991 0.0234375 0.0283479960899
