0 0.0302734375 0.3173828125 0.044921875 0.06640625
0 0.1484375 0.353515625 0.041015625 0.052734375
0 0.072265625 0.4765625 0.05859375 0.076171875
0 0.27197265625 0.46435546875 0.0654296875 0.1005859375
0 0.30712890625 0.380859375 0.0439453125 0.0546875
0 0.4013671875 0.35009765625 0.048828125 0.0732421875
0 0.498046875 0.501953125 0.0703125 0.09375
0 0.603515625 0.31884765625 0.0546875 0.0673828125
0 0.64892578125 0.35107421875 0.0341796875 0.0478515625
0 0.70703125 0.37646484375 0.025390625 0.0400390625
0 0.75830078125 0.3359375 0.0400390625 0.068359375
0 0.8837890625 0.33642578125 0.046875 0.0615234375
0 0.890625 0.4951171875 0.08203125 0.119140625
