0 0.939453125 0.4541015625 0.0625 0.078125
0 0.8955078125 0.35791015625 0.044921875 0.0517578125
0 0.7265625 0.37744140625 0.0390625 0.0537109375
0 0.64892578125 0.3369140625 0.0322265625 0.033203125
0 0.541015625 0.33447265625 0.033203125 0.0419921875
0 0.5546875 0.29541015625 0.025390625 0.0244140625
0 0.49267578125 0.326171875 0.0205078125 0.025390625
0 0.40185546875 0.31298828125 0.0244140625 0.0302734375
0 0.330078125 0.3984375 0.0859375 0.083984375
0 0.2314453125 0.2998046875 0.021484375 0.021484375
0 0.197265625 0.2958984375 0.0234375 0.0234375
0 0.12646484375 0.2998046875 0.0263671875 0.029296875
0 0.0615234375 0.30517578125 0.029296875 0.0263671875
