0 0.92626953125 0.574780058651 0.1083984375 0.134897360704
0 0.87060546875 0.427174975562 0.1220703125 0.150537634409
0 0.7626953125 0.358748778104 0.126953125 0.1642228739
0 0.66162109375 0.318670576735 0.1181640625 0.158357771261
0 0.49951171875 0.265395894428 0.0283203125 0.0518084066471
0 0.5869140625 0.406647116325 0.095703125 0.134897360704
0 0.49853515625 0.742424242424 0.0244140625 0.0439882697947
0 0.31396484375 0.604594330401 0.0244140625 0.0224828934506
0 0.693359375 0.519550342131 0.03125 0.0283479960899
0 0.76025390625 0.518572825024 0.0244140625 0.0244379276637
0 0.63671875 0.508308895406 0.025390625 0.0293255131965
