0 0.16064453125 0.286412512219 0.0458984375 0.0684261974585
0 0.25634765625 0.286901270772 0.0458984375 0.0635386119257
0 0.32861328125 0.323069403715 0.0439453125 0.0576735092864
0 0.060546875 0.368523949169 0.021484375 0.0254154447703
0 0.44287109375 0.282013685239 0.0517578125 0.069403714565
0 0.55859375 0.338709677419 0.04296875 0.0596285434995
0 0.646484375 0.293255131965 0.048828125 0.0684261974585
0 0.74365234375 0.314760508309 0.0439453125 0.0645161290323
0 0.8271484375 0.256598240469 0.05078125 0.0733137829912
0 0.96826171875 0.369990224829 0.0263671875 0.0322580645161
