0 0.92529296875 0.345703125 0.0478515625 0.052734375
0 0.80078125 0.32763671875 0.048828125 0.0595703125
0 0.70751953125 0.32080078125 0.0400390625 0.0517578125
0 0.61181640625 0.31494140625 0.0458984375 0.0556640625
0 0.50048828125 0.349609375 0.0458984375 0.0625
0 0.390625 0.3798828125 0.03125 0.05078125
0 0.34912109375 0.29833984375 0.0322265625 0.0439453125
0 0.29296875 0.38232421875 0.037109375 0.0458984375
0 0.21484375 0.33203125 0.041015625 0.05078125
0 0.08740234375 0.33349609375 0.0498046875 0.0595703125
0 0.1787109375 0.3837890625 0.041015625 0.0546875
