0 0.226635514019 0.443190661479 0.130841121495 0.15953307393
0 0.545560747664 0.345914396887 0.0848909657321 0.117509727626
0 0.81191588785 0.326070038911 0.0817757009346 0.0964980544747
0 0.169781931464 0.370428015564 0.0903426791277 0.110505836576
0 0.286604361371 0.296887159533 0.0654205607477 0.0677042801556
0 0.477803738318 0.254085603113 0.047507788162 0.0614785992218
0 0.433411214953 0.232295719844 0.0179127725857 0.0334630350195
0 0.388239875389 0.230350194553 0.0257009345794 0.0326848249027
0 0.196651090343 0.208171206226 0.047507788162 0.0583657587549
0 0.179517133956 0.278988326848 0.0677570093458 0.0677042801556
0 0.316588785047 0.256420233463 0.047507788162 0.0614785992218
0 0.33800623053 0.220622568093 0.0342679127726 0.0428015564202
0 0.580996884735 0.282490272374 0.0545171339564 0.0824902723735
0 0.655373831776 0.294941634241 0.0334890965732 0.0560311284047
0 0.798676012461 0.286381322957 0.0584112149533 0.0731517509728
0 0.460280373832 0.267315175097 0.0295950155763 0.0350194552529
0 0.867601246106 0.231128404669 0.0218068535826 0.0373540856031
0 0.776090342679 0.688715953307 0.173676012461 0.163424124514
0 0.172507788162 0.896108949416 0.130062305296 0.207782101167
