0 0.09130859375 0.4267578125 0.0322265625 0.041015625
0 0.171875 0.40625 0.025390625 0.033203125
0 0.2353515625 0.3935546875 0.0234375 0.03515625
0 0.2734375 0.4169921875 0.0234375 0.033203125
0 0.3427734375 0.40478515625 0.0234375 0.0302734375
0 0.4111328125 0.400390625 0.021484375 0.0234375
0 0.44140625 0.40673828125 0.021484375 0.0302734375
0 0.50927734375 0.40234375 0.0224609375 0.025390625
0 0.5625 0.40576171875 0.01953125 0.0322265625
0 0.59033203125 0.40673828125 0.0224609375 0.0380859375
0 0.623046875 0.4013671875 0.021484375 0.033203125
0 0.19775390625 0.52392578125 0.0283203125 0.0361328125
0 0.6591796875 0.4169921875 0.0234375 0.033203125
0 0.59375 0.50439453125 0.025390625 0.0361328125
0 0.498046875 0.49365234375 0.02734375 0.0419921875
0 0.4111328125 0.5068359375 0.02734375 0.037109375
0 0.2958984375 0.4990234375 0.029296875 0.037109375
0 0.6767578125 0.3974609375 0.021484375 0.0234375
0 0.70166015625 0.41552734375 0.0224609375 0.0302734375
0 0.7314453125 0.4150390625 0.0234375 0.03515625
0 0.765625 0.4033203125 0.021484375 0.029296875
0 0.80224609375 0.4150390625 0.0244140625 0.0390625
0 0.86376953125 0.416015625 0.0244140625 0.033203125
0 0.8798828125 0.513671875 0.02734375 0.044921875
0 0.806640625 0.5302734375 0.02734375 0.03515625
0 0.6923828125 0.5048828125 0.02734375 0.03515625
