0 0.0146484375 0.419843597263 0.029296875 0.0576735092864
0 0.0380859375 0.434017595308 0.02734375 0.058651026393
0 0.10546875 0.44623655914 0.037109375 0.049853372434
0 0.1533203125 0.447214076246 0.037109375 0.0537634408602
0 0.19970703125 0.462365591398 0.0361328125 0.0430107526882
0 0.35791015625 0.437438905181 0.0361328125 0.0537634408602
0 0.40380859375 0.427663734115 0.0400390625 0.049853372434
0 0.43505859375 0.446725317693 0.0283203125 0.0566959921799
0 0.44873046875 0.44330400782 0.0244140625 0.0576735092864
0 0.4677734375 0.44183773216 0.02734375 0.0469208211144
0 0.54345703125 0.476539589443 0.0224609375 0.0342130987292
0 0.56640625 0.487781036168 0.01953125 0.0351906158358
0 0.0439453125 0.484359726295 0.025390625 0.0439882697947
0 0.29248046875 0.248289345064 0.0537109375 0.0742913000978
