0 0.12109375 0.408113391984 0.0234375 0.0342130987292
0 0.17724609375 0.411534701857 0.0263671875 0.0351906158358
0 0.2529296875 0.419843597263 0.021484375 0.0322580645161
0 0.33740234375 0.402248289345 0.0224609375 0.0283479960899
0 0.41796875 0.41495601173 0.01953125 0.0322580645161
0 0.45263671875 0.406158357771 0.0283203125 0.0342130987292
0 0.71923828125 0.39100684262 0.0263671875 0.0410557184751
0 0.83349609375 0.41642228739 0.0283203125 0.0351906158358
0 0.7646484375 0.395405669599 0.0234375 0.0420332355816
0 0.912109375 0.373900293255 0.03125 0.0400782013685
0 0.92236328125 0.338220918866 0.0322265625 0.0371456500489
