0 0.06005859375 0.471163245357 0.0458984375 0.0664711632454
0 0.15234375 0.345552297165 0.046875 0.069403714565
0 0.212890625 0.369990224829 0.04296875 0.0596285434995
0 0.59326171875 0.313294232649 0.0341796875 0.0557184750733
0 0.67333984375 0.351906158358 0.0478515625 0.0566959921799
0 0.931640625 0.295210166178 0.044921875 0.0625610948192
0 0.95849609375 0.348484848485 0.0419921875 0.0674486803519
0 0.7294921875 0.460899315738 0.025390625 0.0615835777126
0 0.44384765625 0.340175953079 0.0341796875 0.0703812316716
0 0.5234375 0.464320625611 0.04296875 0.0684261974585
0 0.548828125 0.399315738025 0.029296875 0.0518084066471
