0 0.0380859375 0.31884765625 0.025390625 0.0322265625
0 0.07275390625 0.3310546875 0.0224609375 0.0234375
0 0.06298828125 0.4072265625 0.0224609375 0.0234375
0 0.1005859375 0.390625 0.01953125 0.021484375
0 0.1162109375 0.30810546875 0.0234375 0.0283203125
0 0.1728515625 0.330078125 0.01953125 0.02734375
0 0.2138671875 0.298828125 0.03125 0.068359375
0 0.232421875 0.302734375 0.01953125 0.0234375
0 0.267578125 0.3056640625 0.0234375 0.025390625
0 0.30078125 0.265625 0.025390625 0.03125
0 0.3017578125 0.3232421875 0.03515625 0.05859375
0 0.65625 0.2607421875 0.0234375 0.04296875
0 0.8701171875 0.2744140625 0.01953125 0.03125
0 0.95556640625 0.2529296875 0.0224609375 0.037109375
0 0.5615234375 0.2724609375 0.0234375 0.029296875
0 0.736328125 0.30224609375 0.021484375 0.0263671875
0 0.7578125 0.27001953125 0.01953125 0.0263671875
0 0.79296875 0.2939453125 0.021484375 0.025390625
0 0.34130859375 0.26611328125 0.0380859375 0.0419921875
0 0.33740234375 0.3046875 0.0224609375 0.025390625
0 0.60986328125 0.287109375 0.0205078125 0.02734375
0 0.4013671875 0.29443359375 0.021484375 0.0263671875
0 0.45068359375 0.2587890625 0.0224609375 0.037109375
0 0.5068359375 0.32080078125 0.01953125 0.0263671875
0 0.5087890625 0.2880859375 0.01953125 0.021484375
0 0.71240234375 0.36767578125 0.0244140625 0.0283203125
