0 0.06494140625 0.275390625 0.0302734375 0.033203125
0 0.21728515625 0.28125 0.0341796875 0.048828125
0 0.5029296875 0.3408203125 0.087890625 0.095703125
0 0.791015625 0.3466796875 0.029296875 0.03515625
0 0.8525390625 0.310546875 0.03125 0.033203125
0 0.931640625 0.283203125 0.033203125 0.0390625
0 0.95166015625 0.47216796875 0.0419921875 0.0498046875
0 0.79150390625 0.4775390625 0.0361328125 0.04296875
0 0.48583984375 0.4970703125 0.1201171875 0.16796875
0 0.2001953125 0.47314453125 0.0390625 0.0537109375
0 0.06689453125 0.4765625 0.0517578125 0.060546875
0 0.1220703125 0.6669921875 0.02734375 0.037109375
0 0.2197265625 0.63232421875 0.0234375 0.0419921875
0 0.5185546875 0.68701171875 0.083984375 0.1162109375
0 0.87939453125 0.65966796875 0.0693359375 0.0869140625
