0 0.45116807268 0.731106065521 0.00876054510058 0.0136230943886
0 0.389033095393 0.76224456698 0.00973393900065 0.0110282192669
0 0.389195327709 0.776678559844 0.00876054510058 0.0120012974376
0 0.372809863725 0.765163801492 0.0103828682674 0.0129743756082
0 0.515574302401 0.736133636069 0.00843608046723 0.0120012974376
0 0.513789746918 0.748459292897 0.00876054510058 0.0132987349984
0 0.517358857884 0.764677262407 0.00940947436729 0.0139474537788
0 0.528552887735 0.76127148881 0.00908500973394 0.0149205319494
0 0.537800129786 0.767920856309 0.0107073329007 0.0152448913396
0 0.536988968202 0.752351605579 0.00713822193381 0.0107038598767
0 0.545100584036 0.752027246189 0.0110317975341 0.0145961725592
0 0.555483452304 0.756730457347 0.0110317975341 0.0155692507298
0 0.564081765088 0.750891988323 0.00940947436729 0.0103795004865
0 0.573653471772 0.732403503081 0.00778715120052 0.0129743756082
0 0.582089552239 0.750243269543 0.0116807268008 0.0149205319494
0 0.59523036989 0.74635095686 0.00811161583387 0.0123256568278
0 0.585171966256 0.767596496919 0.0152498377677 0.0217320791437
0 0.565541855938 0.768245215699 0.0129785853342 0.0171910476808
0 0.628001297859 0.731916963996 0.010058403634 0.0132987349984
0 0.612102530824 0.750243269543 0.00940947436729 0.014271813169
0 0.617293964958 0.74667531625 0.00940947436729 0.0155692507298
0 0.621836469825 0.759974051249 0.0107073329007 0.0149205319494
0 0.607073329007 0.779111255271 0.0136275146009 0.0227051573143
0 0.631408176509 0.779273434966 0.0129785853342 0.0184884852416
0 0.64844256976 0.768245215699 0.014600908501 0.0191372040221
0 0.639682024659 0.795977943561 0.0120051914341 0.0253000324359
0 0.34377027904 0.771975348686 0.0139519792343 0.0162179695102
