0 0.8310546875 0.32991202346 0.083984375 0.112414467253
0 0.60791015625 0.344086021505 0.0439453125 0.0703812316716
0 0.50146484375 0.430596285435 0.0615234375 0.0948191593353
0 0.32861328125 0.408113391984 0.0263671875 0.030303030303
0 0.3759765625 0.396383186706 0.01953125 0.0224828934506
0 0.0908203125 0.423264907136 0.060546875 0.058651026393
0 0.27099609375 0.415933528837 0.0400390625 0.0420332355816
0 0.1513671875 0.409579667644 0.0234375 0.0293255131965
0 0.9140625 0.341153470186 0.021484375 0.0312805474096
0 0.9267578125 0.332355816227 0.021484375 0.0351906158358
