0 0.36669921875 0.36412512219 0.0654296875 0.0948191593353
0 0.50048828125 0.387096774194 0.0498046875 0.0606060606061
0 0.7919921875 0.289833822092 0.080078125 0.116324535679
0 0.04248046875 0.557673509286 0.0341796875 0.0400782013685
0 0.634765625 0.458944281525 0.025390625 0.0322580645161
0 0.6806640625 0.426197458456 0.021484375 0.0273704789834
0 0.7265625 0.421309872923 0.025390625 0.0332355816227
0 0.7529296875 0.409090909091 0.025390625 0.0283479960899
0 0.9599609375 0.294721407625 0.03125 0.030303030303
0 0.04150390625 0.533235581623 0.0205078125 0.0224828934506
