0 0.8095703125 0.3837890625 0.04296875 0.05859375
0 0.6875 0.3779296875 0.04296875 0.060546875
0 0.5439453125 0.3857421875 0.041015625 0.060546875
0 0.42822265625 0.400390625 0.0458984375 0.05859375
0 0.3154296875 0.37841796875 0.04296875 0.0595703125
0 0.181640625 0.38671875 0.044921875 0.0625
0 0.974609375 0.25927734375 0.029296875 0.0478515625
0 0.87255859375 0.2666015625 0.0419921875 0.0546875
0 0.80322265625 0.26904296875 0.0361328125 0.0478515625
0 0.7353515625 0.21728515625 0.033203125 0.0498046875
0 0.6455078125 0.23779296875 0.03515625 0.0498046875
0 0.55810546875 0.26123046875 0.0341796875 0.0517578125
0 0.44873046875 0.298828125 0.0419921875 0.05859375
0 0.47607421875 0.24658203125 0.0341796875 0.0458984375
0 0.392578125 0.2177734375 0.033203125 0.05078125
0 0.31884765625 0.2412109375 0.0380859375 0.048828125
0 0.23291015625 0.24560546875 0.0361328125 0.0537109375
0 0.14453125 0.265625 0.041015625 0.056640625
0 0.0693359375 0.25390625 0.04296875 0.0546875
