0 0.099609375 0.3955078125 0.04296875 0.044921875
0 0.037109375 0.427734375 0.03125 0.03515625
0 0.24365234375 0.369140625 0.0400390625 0.044921875
0 0.36767578125 0.326171875 0.0517578125 0.076171875
0 0.49365234375 0.3974609375 0.0458984375 0.05859375
0 0.58984375 0.42724609375 0.048828125 0.0595703125
0 0.63818359375 0.42822265625 0.0263671875 0.0283203125
0 0.6787109375 0.42333984375 0.029296875 0.0341796875
0 0.7138671875 0.4033203125 0.033203125 0.041015625
0 0.73388671875 0.35888671875 0.0498046875 0.0576171875
0 0.943359375 0.41845703125 0.052734375 0.0693359375
