0 0.59716796875 0.35595703125 0.0224609375 0.0439453125
0 0.55517578125 0.40576171875 0.0244140625 0.0341796875
0 0.46875 0.38818359375 0.01953125 0.0380859375
0 0.83642578125 0.365234375 0.0283203125 0.041015625
0 0.94140625 0.36279296875 0.02734375 0.0380859375
0 0.24560546875 0.427734375 0.0244140625 0.03515625
0 0.14794921875 0.4189453125 0.0224609375 0.029296875
0 0.2158203125 0.4248046875 0.0234375 0.033203125
0 0.0791015625 0.42333984375 0.0234375 0.0283203125
0 0.017578125 0.43115234375 0.02734375 0.0302734375
0 0.03759765625 0.69775390625 0.0517578125 0.0478515625
0 0.046875 0.5302734375 0.021484375 0.05859375
