0 0.5947265625 0.41552734375 0.0625 0.1005859375
0 0.17626953125 0.3291015625 0.0751953125 0.130859375
0 0.9033203125 0.19189453125 0.046875 0.0478515625
0 0.4521484375 0.294921875 0.041015625 0.046875
0 0.708984375 0.27587890625 0.03125 0.0400390625
0 0.57275390625 0.328125 0.0361328125 0.052734375
0 0.2626953125 0.29296875 0.029296875 0.033203125
0 0.82275390625 0.17724609375 0.0322265625 0.0205078125
0 0.58056640625 0.234375 0.0224609375 0.03125
0 0.54443359375 0.2705078125 0.0205078125 0.033203125
0 0.3232421875 0.2978515625 0.03515625 0.04296875
0 0.19873046875 0.28759765625 0.0224609375 0.0419921875
0 0.208984375 0.24462890625 0.02734375 0.0361328125
0 0.291015625 0.25 0.021484375 0.02734375
0 0.3759765625 0.2548828125 0.021484375 0.033203125
0 0.73486328125 0.236328125 0.0263671875 0.037109375
0 0.51953125 0.22314453125 0.02734375 0.0341796875
0 0.3212890625 0.220703125 0.01953125 0.029296875
0 0.427734375 0.2060546875 0.01953125 0.025390625
0 0.38525390625 0.2158203125 0.0224609375 0.02734375
0 0.6416015625 0.23583984375 0.02734375 0.0263671875
0 0.396484375 0.3154296875 0.02734375 0.037109375
0 0.61181640625 0.27197265625 0.0224609375 0.0302734375
