0 0.73583984375 0.48779296875 0.0400390625 0.0458984375
0 0.5498046875 0.5615234375 0.03515625 0.037109375
0 0.76025390625 0.4296875 0.0244140625 0.03125
0 0.64697265625 0.43505859375 0.0205078125 0.0263671875
0 0.9296875 0.41552734375 0.021484375 0.0283203125
0 0.6220703125 0.42626953125 0.021484375 0.0283203125
0 0.57373046875 0.40966796875 0.0322265625 0.0263671875
0 0.52978515625 0.36865234375 0.0361328125 0.0517578125
0 0.3583984375 0.431640625 0.03515625 0.037109375
0 0.46435546875 0.39453125 0.0341796875 0.03515625
0 0.2509765625 0.3955078125 0.03515625 0.041015625
0 0.1025390625 0.42919921875 0.01953125 0.0322265625
