0 0.8349609375 0.423828125 0.0234375 0.02734375
0 0.74365234375 0.43701171875 0.0205078125 0.0283203125
0 0.6064453125 0.4111328125 0.01953125 0.025390625
0 0.61328125 0.4521484375 0.0234375 0.025390625
0 0.55615234375 0.40625 0.0205078125 0.025390625
0 0.49169921875 0.3916015625 0.0205078125 0.0234375
0 0.4248046875 0.365234375 0.01953125 0.021484375
0 0.4541015625 0.4013671875 0.01953125 0.021484375
0 0.46142578125 0.44189453125 0.0205078125 0.0244140625
0 0.40966796875 0.4375 0.0205078125 0.025390625
0 0.3720703125 0.35986328125 0.01953125 0.0263671875
0 0.33544921875 0.40673828125 0.0205078125 0.0263671875
0 0.16455078125 0.3857421875 0.0205078125 0.0234375
0 0.10888671875 0.36767578125 0.0205078125 0.0244140625
0 0.08251953125 0.4013671875 0.0205078125 0.021484375
0 0.01513671875 0.400390625 0.0205078125 0.025390625
