0 0.66259765625 0.46240234375 0.0361328125 0.0439453125
0 0.19091796875 0.36328125 0.0205078125 0.037109375
0 0.88330078125 0.24365234375 0.0224609375 0.0302734375
0 0.943359375 0.2314453125 0.021484375 0.02734375
0 0.767578125 0.2294921875 0.021484375 0.029296875
0 0.81884765625 0.185546875 0.0224609375 0.03125
0 0.9150390625 0.189453125 0.021484375 0.03125
0 0.884765625 0.1728515625 0.021484375 0.029296875
0 0.97509765625 0.17724609375 0.0205078125 0.0283203125
0 0.74609375 0.19775390625 0.01953125 0.0283203125
0 0.7158203125 0.19189453125 0.025390625 0.0244140625
0 0.841796875 0.15673828125 0.025390625 0.0263671875
0 0.66455078125 0.19677734375 0.0224609375 0.0322265625
0 0.64111328125 0.1904296875 0.0224609375 0.03125
0 0.61083984375 0.22900390625 0.0244140625 0.0244140625
0 0.572265625 0.185546875 0.021484375 0.0234375
0 0.50390625 0.2021484375 0.01953125 0.029296875
0 0.47412109375 0.162109375 0.0224609375 0.02734375
0 0.43603515625 0.1748046875 0.0224609375 0.029296875
0 0.39990234375 0.216796875 0.0244140625 0.02734375
0 0.38232421875 0.15478515625 0.0224609375 0.0244140625
0 0.353515625 0.21826171875 0.0234375 0.0302734375
0 0.30224609375 0.1982421875 0.0224609375 0.029296875
0 0.263671875 0.17724609375 0.021484375 0.0283203125
0 0.2236328125 0.2294921875 0.021484375 0.0234375
0 0.1748046875 0.20068359375 0.021484375 0.0244140625
0 0.18994140625 0.1640625 0.0205078125 0.02734375
0 0.14697265625 0.169921875 0.0244140625 0.03125
0 0.10498046875 0.1962890625 0.0205078125 0.02734375
0 0.0849609375 0.2158203125 0.0234375 0.02734375
0 0.03857421875 0.181640625 0.0224609375 0.029296875
