0 0.31103515625 0.42578125 0.0263671875 0.0390625
0 0.25244140625 0.4462890625 0.0224609375 0.029296875
0 0.19091796875 0.4970703125 0.0322265625 0.041015625
0 0.4072265625 0.4326171875 0.025390625 0.029296875
0 0.35400390625 0.486328125 0.0302734375 0.041015625
0 0.26953125 0.498046875 0.02734375 0.03125
0 0.59521484375 0.4248046875 0.0244140625 0.033203125
0 0.580078125 0.39892578125 0.021484375 0.0244140625
0 0.62890625 0.41357421875 0.01953125 0.0244140625
0 0.64111328125 0.45751953125 0.0322265625 0.0498046875
0 0.67333984375 0.42138671875 0.0224609375 0.0322265625
0 0.80126953125 0.36181640625 0.0224609375 0.0322265625
0 0.8173828125 0.53955078125 0.041015625 0.0478515625
0 0.74609375 0.484375 0.0234375 0.02734375
0 0.79443359375 0.484375 0.0263671875 0.03125
0 0.9169921875 0.521484375 0.02734375 0.037109375
0 0.14453125 0.5791015625 0.037109375 0.05078125
0 0.25244140625 0.55810546875 0.0380859375 0.0712890625
