0 0.015625 0.451171875 0.021484375 0.025390625
0 0.0341796875 0.43359375 0.025390625 0.03125
0 0.078125 0.44189453125 0.029296875 0.0302734375
0 0.1259765625 0.453125 0.021484375 0.02734375
0 0.15380859375 0.453125 0.0224609375 0.02734375
0 0.18994140625 0.4404296875 0.0244140625 0.02734375
0 0.1591796875 0.416015625 0.01953125 0.0234375
0 0.2490234375 0.423828125 0.025390625 0.02734375
0 0.25244140625 0.44970703125 0.0205078125 0.0302734375
0 0.29150390625 0.42578125 0.0322265625 0.03515625
0 0.31884765625 0.431640625 0.0244140625 0.033203125
0 0.36572265625 0.44287109375 0.0205078125 0.0283203125
0 0.38525390625 0.43994140625 0.0224609375 0.0283203125
0 0.40625 0.43896484375 0.021484375 0.0244140625
0 0.46728515625 0.43115234375 0.0302734375 0.0419921875
0 0.51708984375 0.42626953125 0.0224609375 0.0302734375
0 0.552734375 0.42578125 0.033203125 0.037109375
0 0.59375 0.41845703125 0.025390625 0.0283203125
0 0.38134765625 0.48583984375 0.0224609375 0.0322265625
0 0.431640625 0.486328125 0.0234375 0.029296875
0 0.4501953125 0.43017578125 0.0234375 0.0341796875
0 0.623046875 0.43212890625 0.021484375 0.0244140625
0 0.6474609375 0.43310546875 0.033203125 0.0419921875
0 0.6875 0.408203125 0.01953125 0.025390625
0 0.705078125 0.423828125 0.021484375 0.02734375
0 0.71875 0.4697265625 0.021484375 0.02734375
0 0.77001953125 0.4169921875 0.0224609375 0.02734375
0 0.77099609375 0.4365234375 0.0224609375 0.029296875
0 0.7861328125 0.43994140625 0.025390625 0.0322265625
0 0.861328125 0.37744140625 0.0234375 0.0263671875
0 0.849609375 0.41650390625 0.025390625 0.0302734375
0 0.873046875 0.4033203125 0.0234375 0.03125
0 0.91064453125 0.3955078125 0.0244140625 0.033203125
0 0.91845703125 0.4140625 0.0244140625 0.025390625
0 0.94482421875 0.39892578125 0.0263671875 0.0400390625
0 0.947265625 0.4892578125 0.02734375 0.037109375
0 0.9853515625 0.3955078125 0.01953125 0.025390625
0 0.25927734375 0.5771484375 0.0205078125 0.021484375
0 0.8671875 0.6474609375 0.025390625 0.0390625
0 0.884765625 0.68994140625 0.025390625 0.0380859375
0 0.9306640625 0.79638671875 0.044921875 0.0576171875
0 0.8251953125 0.76953125 0.021484375 0.041015625
