0 0.77880859375 0.4169921875 0.0517578125 0.072265625
0 0.5693359375 0.43017578125 0.041015625 0.0751953125
0 0.57421875 0.28857421875 0.037109375 0.0537109375
0 0.45849609375 0.37841796875 0.0439453125 0.0595703125
0 0.4921875 0.4912109375 0.048828125 0.064453125
0 0.98779296875 0.1962890625 0.0244140625 0.056640625
0 0.7197265625 0.193359375 0.041015625 0.056640625
0 0.47705078125 0.18115234375 0.0400390625 0.0322265625
0 0.25927734375 0.33935546875 0.0400390625 0.0537109375
0 0.25634765625 0.1845703125 0.0458984375 0.0390625
0 0.22900390625 0.53173828125 0.0458984375 0.0771484375
0 0.1162109375 0.42236328125 0.044921875 0.0556640625
0 0.0537109375 0.34521484375 0.041015625 0.0498046875
0 0.02197265625 0.19873046875 0.0400390625 0.0498046875
