0 0.9462890625 0.39697265625 0.021484375 0.0283203125
0 0.9345703125 0.390625 0.01953125 0.02734375
0 0.86328125 0.37890625 0.01953125 0.0234375
0 0.81982421875 0.33740234375 0.0205078125 0.0224609375
0 0.81103515625 0.4326171875 0.0224609375 0.029296875
0 0.736328125 0.3837890625 0.01953125 0.025390625
0 0.65625 0.380859375 0.01953125 0.025390625
0 0.66650390625 0.35107421875 0.0205078125 0.0244140625
0 0.587890625 0.36865234375 0.01953125 0.0244140625
0 0.61865234375 0.431640625 0.0205078125 0.02734375
0 0.4365234375 0.37255859375 0.01953125 0.0263671875
0 0.50927734375 0.32177734375 0.0205078125 0.0224609375
0 0.3515625 0.32666015625 0.01953125 0.0283203125
0 0.2763671875 0.37451171875 0.01953125 0.0263671875
0 0.2001953125 0.35107421875 0.021484375 0.0263671875
0 0.2021484375 0.3232421875 0.01953125 0.01953125
0 0.24658203125 0.40234375 0.0205078125 0.0234375
