0 0.9111328125 0.44384765625 0.037109375 0.0634765625
0 0.9423828125 0.43310546875 0.041015625 0.0556640625
0 0.841796875 0.43896484375 0.0234375 0.0361328125
0 0.80615234375 0.43115234375 0.0400390625 0.0634765625
0 0.74169921875 0.43359375 0.0478515625 0.078125
0 0.67333984375 0.41650390625 0.0498046875 0.0732421875
0 0.576171875 0.427734375 0.025390625 0.046875
0 0.54248046875 0.47265625 0.0537109375 0.05859375
0 0.37744140625 0.4853515625 0.0556640625 0.076171875
0 0.45751953125 0.4853515625 0.0380859375 0.0703125
0 0.4599609375 0.41943359375 0.03515625 0.0400390625
0 0.31884765625 0.4189453125 0.0400390625 0.046875
0 0.2939453125 0.49267578125 0.05078125 0.0810546875
0 0.2548828125 0.3720703125 0.03515625 0.05078125
0 0.1953125 0.41162109375 0.0390625 0.0654296875
0 0.17724609375 0.5283203125 0.0693359375 0.080078125
0 0.06787109375 0.41748046875 0.0283203125 0.0419921875
0 0.03271484375 0.43701171875 0.0400390625 0.0615234375
