0 0.95654296875 0.79052734375 0.0322265625 0.0419921875
0 0.86962890625 0.7763671875 0.0322265625 0.029296875
0 0.87548828125 0.73681640625 0.0283203125 0.0302734375
0 0.87939453125 0.68115234375 0.0283203125 0.0400390625
0 0.92626953125 0.65185546875 0.0302734375 0.0380859375
0 0.98095703125 0.75732421875 0.0205078125 0.0361328125
0 0.83203125 0.64111328125 0.02734375 0.0361328125
0 0.78173828125 0.611328125 0.0302734375 0.0390625
0 0.7333984375 0.65234375 0.02734375 0.033203125
0 0.7080078125 0.69287109375 0.02734375 0.0302734375
0 0.67236328125 0.7353515625 0.0302734375 0.0390625
0 0.65771484375 0.66357421875 0.0263671875 0.0322265625
0 0.6708984375 0.60595703125 0.025390625 0.0322265625
0 0.80322265625 0.67041015625 0.0263671875 0.0322265625
0 0.701171875 0.5810546875 0.02734375 0.025390625
0 0.87939453125 0.56640625 0.0244140625 0.03125
0 0.91015625 0.52783203125 0.02734375 0.0380859375
0 0.9541015625 0.56884765625 0.02734375 0.0244140625
0 0.94384765625 0.4404296875 0.0224609375 0.0234375
0 0.962890625 0.4013671875 0.021484375 0.029296875
0 0.9775390625 0.37744140625 0.01953125 0.0205078125
0 0.92236328125 0.4775390625 0.0224609375 0.025390625
0 0.88623046875 0.427734375 0.0224609375 0.029296875
0 0.875 0.40185546875 0.021484375 0.0244140625
0 0.8427734375 0.46875 0.021484375 0.025390625
0 0.80615234375 0.515625 0.0263671875 0.033203125
0 0.77001953125 0.5625 0.0224609375 0.03125
0 0.751953125 0.48828125 0.025390625 0.03125
0 0.76220703125 0.46484375 0.0205078125 0.021484375
0 0.837890625 0.3759765625 0.0234375 0.025390625
0 0.90673828125 0.37548828125 0.0224609375 0.0244140625
0 0.7236328125 0.5224609375 0.025390625 0.037109375
0 0.68994140625 0.47412109375 0.0244140625 0.0302734375
0 0.7197265625 0.427734375 0.025390625 0.037109375
0 0.70703125 0.40234375 0.021484375 0.029296875
0 0.65185546875 0.53759765625 0.0244140625 0.0244140625
0 0.65869140625 0.408203125 0.0224609375 0.02734375
0 0.958984375 0.29248046875 0.021484375 0.0263671875
0 0.9365234375 0.326171875 0.021484375 0.02734375
0 0.9130859375 0.26220703125 0.021484375 0.0244140625
0 0.8486328125 0.33642578125 0.021484375 0.0283203125
0 0.82666015625 0.298828125 0.0205078125 0.02734375
0 0.8876953125 0.28564453125 0.01953125 0.0224609375
0 0.90771484375 0.2412109375 0.0205078125 0.021484375
0 0.79150390625 0.3291015625 0.0205078125 0.021484375
0 0.62890625 0.78466796875 0.03125 0.0419921875
0 0.58935546875 0.7353515625 0.0263671875 0.033203125
0 0.61669921875 0.67919921875 0.0302734375 0.0322265625
0 0.43896484375 0.6796875 0.0322265625 0.03515625
0 0.45556640625 0.64990234375 0.0263671875 0.0302734375
0 0.4443359375 0.78564453125 0.03125 0.0380859375
0 0.9140625 0.16015625 0.01953125 0.021484375
0 0.8720703125 0.20654296875 0.01953125 0.0205078125
0 0.72705078125 0.2744140625 0.0205078125 0.021484375
0 0.69091796875 0.25439453125 0.0205078125 0.0244140625
0 0.755859375 0.3671875 0.01953125 0.033203125
0 0.7236328125 0.3505859375 0.021484375 0.02734375
0 0.7177734375 0.32177734375 0.021484375 0.0263671875
0 0.69287109375 0.2919921875 0.0205078125 0.02734375
0 0.67138671875 0.33349609375 0.0224609375 0.0244140625
0 0.68310546875 0.37451171875 0.0205078125 0.0302734375
0 0.6220703125 0.3828125 0.01953125 0.02734375
0 0.6015625 0.3310546875 0.021484375 0.02734375
0 0.5361328125 0.26953125 0.021484375 0.02734375
0 0.5751953125 0.34814453125 0.0234375 0.0224609375
0 0.5439453125 0.37646484375 0.021484375 0.0341796875
0 0.583984375 0.40380859375 0.0234375 0.0283203125
0 0.6328125 0.43603515625 0.0234375 0.0302734375
0 0.56640625 0.43408203125 0.0234375 0.0341796875
0 0.59423828125 0.51123046875 0.0224609375 0.0283203125
0 0.6064453125 0.55908203125 0.0234375 0.0322265625
0 0.61474609375 0.46435546875 0.0224609375 0.0283203125
0 0.65234375 0.490234375 0.021484375 0.0234375
0 0.544921875 0.46826171875 0.01953125 0.0263671875
0 0.50927734375 0.47412109375 0.0400390625 0.0517578125
0 0.5146484375 0.3994140625 0.0234375 0.03125
0 0.48583984375 0.4345703125 0.0205078125 0.03125
0 0.46533203125 0.4755859375 0.0205078125 0.03125
0 0.41650390625 0.439453125 0.0224609375 0.025390625
0 0.4287109375 0.40869140625 0.021484375 0.0244140625
0 0.3759765625 0.40576171875 0.01953125 0.0244140625
0 0.3857421875 0.46728515625 0.0234375 0.0263671875
0 0.34326171875 0.43603515625 0.0224609375 0.0302734375
0 0.35302734375 0.4970703125 0.0244140625 0.029296875
0 0.39453125 0.5302734375 0.02734375 0.02734375
0 0.4248046875 0.5087890625 0.021484375 0.03125
0 0.37353515625 0.56103515625 0.0283203125 0.0302734375
0 0.3876953125 0.60400390625 0.0234375 0.0361328125
0 0.392578125 0.72265625 0.03125 0.041015625
0 0.35400390625 0.76220703125 0.0322265625 0.0439453125
0 0.267578125 0.72216796875 0.03515625 0.0419921875
0 0.3349609375 0.62255859375 0.025390625 0.0380859375
0 0.31396484375 0.59375 0.0263671875 0.033203125
0 0.236328125 0.61572265625 0.02734375 0.0341796875
0 0.2685546875 0.65673828125 0.029296875 0.0341796875
0 0.18017578125 0.64990234375 0.0283203125 0.0263671875
0 0.1611328125 0.68359375 0.0234375 0.033203125
0 0.19140625 0.73291015625 0.03125 0.0322265625
0 0.2548828125 0.56298828125 0.025390625 0.0341796875
0 0.18310546875 0.62939453125 0.0244140625 0.0244140625
0 0.28955078125 0.52880859375 0.0244140625 0.0341796875
0 0.27783203125 0.48828125 0.0244140625 0.0234375
0 0.31005859375 0.46630859375 0.0224609375 0.0283203125
0 0.251953125 0.5234375 0.025390625 0.029296875
0 0.2275390625 0.57080078125 0.021484375 0.0322265625
0 0.52587890625 0.32763671875 0.0205078125 0.0283203125
0 0.51171875 0.2978515625 0.01953125 0.0234375
0 0.505859375 0.3583984375 0.01953125 0.0234375
0 0.4599609375 0.33251953125 0.01953125 0.0283203125
0 0.701171875 0.185546875 0.021484375 0.021484375
0 0.130859375 0.77490234375 0.02734375 0.0419921875
0 0.08740234375 0.7421875 0.0263671875 0.025390625
0 0.0439453125 0.7890625 0.02734375 0.03515625
0 0.02587890625 0.685546875 0.0263671875 0.033203125
0 0.10009765625 0.68115234375 0.0224609375 0.0263671875
0 0.125 0.60693359375 0.02734375 0.0341796875
0 0.09765625 0.6484375 0.021484375 0.03125
0 0.1669921875 0.5654296875 0.01953125 0.033203125
0 0.345703125 0.16015625 0.01953125 0.021484375
0 0.279296875 0.24755859375 0.01953125 0.0244140625
0 0.1884765625 0.126953125 0.0234375 0.0234375
0 0.17529296875 0.34228515625 0.0205078125 0.0205078125
0 0.13623046875 0.23583984375 0.0205078125 0.0244140625
0 0.1435546875 0.3623046875 0.01953125 0.029296875
0 0.09033203125 0.2939453125 0.0205078125 0.0234375
0 0.0458984375 0.29296875 0.01953125 0.021484375
0 0.052734375 0.35546875 0.025390625 0.03125
0 0.09326171875 0.3662109375 0.0244140625 0.033203125
0 0.021484375 0.3447265625 0.021484375 0.01953125
0 0.03955078125 0.41162109375 0.0205078125 0.0224609375
0 0.01953125 0.3818359375 0.021484375 0.025390625
0 0.01904296875 0.44580078125 0.0205078125 0.0263671875
