0 0.668773704172 0.791535060013 0.0518331226296 0.0770688566014
0 0.558154235145 0.82343651295 0.0568900126422 0.0726468730259
0 0.595132743363 0.74542008844 0.0170670037927 0.0214782059381
0 0.62610619469 0.561591914087 0.0297092288243 0.0353758686039
0 0.568584070796 0.508528111181 0.0208596713021 0.0277953253316
0 0.512326169406 0.559380922299 0.027180783818 0.0385344283007
0 0.464285714286 0.540113708149 0.019595448799 0.0277953253316
0 0.502528445006 0.422931143399 0.0568900126422 0.0751737207833
0 0.449431099874 0.384396715098 0.0594184576485 0.085281111813
0 0.381795195954 0.409033480733 0.0872313527181 0.140871762476
0 0.246523388116 0.467150979154 0.0872313527181 0.140871762476
0 0.573957016435 0.221415034744 0.063211125158 0.0713834491472
0 0.290139064475 0.208780795957 0.0682680151707 0.101705622236
