0 0.906603773585 0.897737983035 0.0660377358491 0.0744580584354
0 0.803301886792 0.823751178134 0.0254716981132 0.0358152686145
0 0.696698113208 0.87040527804 0.0330188679245 0.0424128180961
0 0.802358490566 0.66918001885 0.0292452830189 0.0339302544769
0 0.871698113208 0.546182846371 0.0245283018868 0.0348727615457
0 0.875 0.496701225259 0.0254716981132 0.0282752120641
0 0.522641509434 0.654571159284 0.022641509434 0.0329877474081
0 0.45 0.195570216777 0.0584905660377 0.076343072573
0 0.343396226415 0.792177191329 0.0377358490566 0.0518378887842
0 0.328301886792 0.555136663525 0.0283018867925 0.0282752120641
0 0.196226415094 0.597549481621 0.0283018867925 0.0395852968897
0 0.131603773585 0.630065975495 0.027358490566 0.0367577756833
0 0.088679245283 0.604147031103 0.0283018867925 0.0377002827521
0 0.0457547169811 0.626767200754 0.0367924528302 0.0452403393025
0 0.0646226415094 0.433553251649 0.0235849056604 0.0282752120641
0 0.380660377358 0.482092365693 0.0292452830189 0.0348727615457
0 0.0754716981132 0.712064090481 0.0283018867925 0.0386427898209
0 0.251886792453 0.401979264844 0.0264150943396 0.0311027332705
0 0.256132075472 0.34260131951 0.0235849056604 0.0311027332705
0 0.258490566038 0.300659754948 0.022641509434 0.0282752120641
0 0.173113207547 0.343072573044 0.0254716981132 0.0320452403393
0 0.13679245283 0.321866163996 0.0188679245283 0.0292177191329
0 0.160377358491 0.282752120641 0.0207547169811 0.0263901979265
0 0.13820754717 0.235626767201 0.0235849056604 0.0263901979265
0 0.160377358491 0.40150801131 0.0264150943396 0.0339302544769
0 0.0485849056604 0.259660697455 0.0198113207547 0.0235626767201
0 0.38820754717 0.247879359095 0.0254716981132 0.0301602262017
0 0.345283018868 0.317153628652 0.0264150943396 0.0367577756833
0 0.190566037736 0.308671065033 0.0245283018868 0.0329877474081
0 0.213679245283 0.216776625825 0.0311320754717 0.0301602262017
0 0.307075471698 0.221960414703 0.0216981132075 0.0311027332705
0 0.141037735849 0.159283694628 0.0235849056604 0.0263901979265
0 0.0547169811321 0.201696512724 0.0207547169811 0.0301602262017
0 0.211320754717 0.160226201697 0.022641509434 0.0320452403393
0 0.227358490566 0.286050895382 0.0188679245283 0.0235626767201
0 0.0268867924528 0.304429783223 0.0198113207547 0.0263901979265
0 0.767924528302 0.538642789821 0.0283018867925 0.0348727615457
0 0.68820754717 0.511310084826 0.0292452830189 0.0311027332705
0 0.658490566038 0.306786050895 0.0245283018868 0.0311027332705
