0 0.86181640625 0.62744140625 0.0361328125 0.0498046875
0 0.90380859375 0.38037109375 0.0302734375 0.0361328125
0 0.693359375 0.4921875 0.0234375 0.0390625
0 0.61328125 0.41650390625 0.0390625 0.0654296875
0 0.5732421875 0.43798828125 0.0390625 0.0517578125
0 0.4150390625 0.51318359375 0.025390625 0.0361328125
0 0.47607421875 0.70263671875 0.0380859375 0.0595703125
0 0.16796875 0.529296875 0.029296875 0.03125
0 0.09326171875 0.5576171875 0.0205078125 0.03515625
0 0.07763671875 0.5 0.0263671875 0.03125
0 0.06982421875 0.642578125 0.0341796875 0.064453125
