0 0.89208984375 0.58447265625 0.0458984375 0.0576171875
0 0.921875 0.525390625 0.037109375 0.044921875
0 0.97412109375 0.71728515625 0.0517578125 0.0615234375
0 0.75244140625 0.5693359375 0.0537109375 0.068359375
0 0.80859375 0.501953125 0.037109375 0.048828125
0 0.62890625 0.48193359375 0.033203125 0.0556640625
0 0.859375 0.41796875 0.021484375 0.03125
0 0.65478515625 0.66259765625 0.0615234375 0.0693359375
0 0.58837890625 0.54736328125 0.0439453125 0.0595703125
0 0.47998046875 0.4248046875 0.0224609375 0.03125
0 0.4033203125 0.42236328125 0.0234375 0.0263671875
0 0.443359375 0.48974609375 0.037109375 0.0517578125
0 0.390625 0.44580078125 0.025390625 0.0322265625
0 0.46435546875 0.4765625 0.0205078125 0.03515625
0 0.31005859375 0.5224609375 0.0283203125 0.0390625
0 0.20751953125 0.47802734375 0.0322265625 0.0439453125
0 0.24365234375 0.5458984375 0.0478515625 0.064453125
0 0.20166015625 0.5517578125 0.0322265625 0.04296875
0 0.2333984375 0.42431640625 0.021484375 0.0244140625
0 0.21630859375 0.390625 0.0205078125 0.0234375
0 0.5087890625 0.57421875 0.056640625 0.08203125
0 0.46044921875 0.6142578125 0.0595703125 0.09375
0 0.1767578125 0.42431640625 0.021484375 0.0283203125
0 0.314453125 0.697265625 0.068359375 0.0625
0 0.09814453125 0.55517578125 0.0498046875 0.0595703125
0 0.056640625 0.76318359375 0.109375 0.0458984375
0 0.11376953125 0.47998046875 0.0283203125 0.0302734375
0 0.0439453125 0.49267578125 0.025390625 0.0361328125
0 0.033203125 0.4365234375 0.025390625 0.0234375
