0 0.4951171875 0.34375 0.09375 0.111328125
0 0.49169921875 0.46044921875 0.0517578125 0.0712890625
0 0.58154296875 0.48876953125 0.0458984375 0.0634765625
0 0.66845703125 0.458984375 0.0478515625 0.0625
0 0.896484375 0.48388671875 0.0625 0.0849609375
0 0.79248046875 0.47509765625 0.0576171875 0.0771484375
0 0.68701171875 0.55322265625 0.0439453125 0.0595703125
0 0.20263671875 0.47998046875 0.0458984375 0.0634765625
0 0.30419921875 0.4462890625 0.0439453125 0.060546875
0 0.38525390625 0.494140625 0.0458984375 0.0625
0 0.294921875 0.54638671875 0.05078125 0.0634765625
0 0.1083984375 0.50146484375 0.07421875 0.1123046875
