0 0.253899480069 0.140381282496 0.0589254766031 0.0901213171577
0 0.297227036395 0.123483535529 0.0606585788562 0.0979202772964
0 0.660311958406 0.107885615251 0.0762564991334 0.129116117851
0 0.792027729636 0.13301559792 0.0641247833622 0.11698440208
0 0.205372616984 0.46143847487 0.0918544194107 0.13431542461
0 0.340987868284 0.469237435009 0.0701906412478 0.130849220104
0 0.661178509532 0.454506065858 0.0901213171577 0.160311958406
0 0.798093587522 0.483102253033 0.0762564991334 0.146447140381
0 0.21143847487 0.804159445407 0.0953206239168 0.15424610052
0 0.350519930676 0.818457538995 0.0857885615251 0.146447140381
