0 0.0634765625 0.09228515625 0.025390625 0.0361328125
0 0.109375 0.1162109375 0.02734375 0.029296875
0 0.23291015625 0.1640625 0.0283203125 0.0390625
0 0.2412109375 0.107421875 0.02734375 0.0390625
0 0.32763671875 0.13720703125 0.0380859375 0.0458984375
0 0.38623046875 0.162109375 0.0400390625 0.046875
0 0.6728515625 0.046875 0.041015625 0.0546875
0 0.74169921875 0.09033203125 0.0400390625 0.0595703125
0 0.75439453125 0.43798828125 0.0322265625 0.0439453125
0 0.802734375 0.40966796875 0.041015625 0.0498046875
0 0.64111328125 0.83837890625 0.0439453125 0.0537109375
