0 0.0205078125 0.7861328125 0.021484375 0.0234375
0 0.15673828125 0.77587890625 0.0263671875 0.0322265625
0 0.1884765625 0.7763671875 0.021484375 0.02734375
0 0.1845703125 0.74853515625 0.021484375 0.0244140625
0 0.22900390625 0.7451171875 0.0205078125 0.025390625
0 0.0771484375 0.73095703125 0.01953125 0.0244140625
0 0.26708984375 0.763671875 0.0263671875 0.033203125
0 0.314453125 0.77197265625 0.01953125 0.0244140625
0 0.32373046875 0.732421875 0.0205078125 0.021484375
0 0.353515625 0.73583984375 0.01953125 0.0224609375
0 0.3623046875 0.76416015625 0.021484375 0.0283203125
0 0.3837890625 0.728515625 0.01953125 0.025390625
0 0.42333984375 0.75146484375 0.0205078125 0.0244140625
0 0.43896484375 0.76513671875 0.0244140625 0.0341796875
0 0.49755859375 0.75341796875 0.0224609375 0.0263671875
0 0.50390625 0.720703125 0.01953125 0.0234375
0 0.533203125 0.74267578125 0.01953125 0.0224609375
0 0.62109375 0.76220703125 0.01953125 0.0244140625
0 0.58447265625 0.75146484375 0.0224609375 0.0283203125
0 0.61865234375 0.7392578125 0.0205078125 0.0234375
0 0.67724609375 0.7392578125 0.0224609375 0.0234375
0 0.8037109375 0.759765625 0.029296875 0.03515625
0 0.75439453125 0.751953125 0.0205078125 0.025390625
0 0.48291015625 0.7470703125 0.0205078125 0.0234375
0 0.55810546875 0.7412109375 0.0205078125 0.01953125
