0 0.8583984375 0.492179863148 0.01953125 0.0224828934506
0 0.91748046875 0.514662756598 0.0361328125 0.0400782013685
0 0.74072265625 0.516129032258 0.0205078125 0.0254154447703
0 0.77490234375 0.526392961877 0.0205078125 0.0224828934506
0 0.79443359375 0.576735092864 0.0380859375 0.0508308895406
0 0.6708984375 0.626588465298 0.083984375 0.101661779081
0 0.642578125 0.544477028348 0.033203125 0.0351906158358
0 0.525390625 0.570381231672 0.021484375 0.0361681329423
0 0.462890625 0.798631476051 0.087890625 0.0742913000978
0 0.14404296875 0.702346041056 0.0869140625 0.11045943304
0 0.376953125 0.431085043988 0.064453125 0.0840664711632
0 0.15087890625 0.590909090909 0.0322265625 0.0478983382209
0 0.09912109375 0.592864125122 0.0283203125 0.0342130987292
0 0.263671875 0.562072336266 0.01953125 0.0332355816227
0 0.21484375 0.561094819159 0.0234375 0.0254154447703
0 0.158203125 0.543010752688 0.021484375 0.0205278592375
0 0.06298828125 0.693059628543 0.0771484375 0.0684261974585
0 0.01904296875 0.653470185728 0.0380859375 0.0752688172043
