0 0.0107421875 0.362170087977 0.021484375 0.0576735092864
0 0.01123046875 0.315738025415 0.0224609375 0.0957966764418
0 0.11767578125 0.390029325513 0.0517578125 0.0684261974585
0 0.15478515625 0.344574780059 0.0517578125 0.0654936461388
0 0.287109375 0.360703812317 0.046875 0.0703812316716
0 0.38623046875 0.400782013685 0.0478515625 0.0566959921799
0 0.50927734375 0.378787878788 0.0380859375 0.0537634408602
0 0.55322265625 0.433040078201 0.0283203125 0.039100684262
0 0.58642578125 0.451124144673 0.0283203125 0.0322580645161
0 0.642578125 0.412512218964 0.033203125 0.039100684262
0 0.65234375 0.443792766373 0.021484375 0.0254154447703
0 0.6943359375 0.4403714565 0.021484375 0.0361681329423
0 0.74267578125 0.431085043988 0.0263671875 0.039100684262
0 0.7861328125 0.4403714565 0.01953125 0.030303030303
0 0.80615234375 0.477517106549 0.0263671875 0.0322580645161
0 0.8408203125 0.454056695992 0.01953125 0.030303030303
0 0.8779296875 0.426686217009 0.021484375 0.030303030303
0 0.8994140625 0.459433040078 0.029296875 0.0312805474096
0 0.9619140625 0.449657869013 0.01953125 0.0312805474096
0 0.98828125 0.419843597263 0.0234375 0.0381231671554
0 0.36328125 0.398338220919 0.033203125 0.049853372434
0 0.80517578125 0.453567937439 0.0205078125 0.0234604105572
0 0.94384765625 0.354349951124 0.0400390625 0.0537634408602
