0 0.809334298119 0.330079537238 0.0282199710564 0.0368763557484
0 0.762301013025 0.329356471439 0.0282199710564 0.0368763557484
0 0.761215629522 0.160159074476 0.027496382055 0.0383224873463
0 0.684153400868 0.186550976139 0.0455861070912 0.0332610267534
0 0.702966714906 0.139551699205 0.0224312590449 0.0274765003615
0 0.654124457308 0.154013015184 0.0246020260492 0.0318148951555
0 0.613603473227 0.178958785249 0.0448625180897 0.0296456977585
0 0.566208393632 0.141359363702 0.0282199710564 0.0354302241504
0 0.523154848046 0.119667389732 0.0289435600579 0.0368763557484
0 0.52496382055 0.189081706435 0.0412445730825 0.0296456977585
0 0.500723589001 0.146782357195 0.0347322720695 0.0332610267534
0 0.454052098408 0.116775126537 0.0238784370478 0.0412147505423
0 0.437771345876 0.18582791034 0.040520984081 0.0187997107737
0 0.206222865412 0.0979754157628 0.027496382055 0.0455531453362
0 0.179088277858 0.150397686189 0.0267727930535 0.0419378163413
0 0.193921852388 0.146059291396 0.0188133140376 0.0361532899494
0 0.222865412446 0.312725958062 0.0332850940666 0.0368763557484
0 0.353835021708 0.199566160521 0.0217076700434 0.0318148951555
0 0.479377713459 0.908170643529 0.0412445730825 0.0477223427332
0 0.703690303907 0.94287780188 0.0325615050651 0.0462762111352
0 0.521707670043 0.979392624729 0.0347322720695 0.0412147505423
