0 0.0703125 0.5009765625 0.099609375 0.12109375
0 0.1328125 0.41552734375 0.08203125 0.0986328125
0 0.2412109375 0.421875 0.037109375 0.046875
0 0.44921875 0.34912109375 0.0859375 0.1240234375
0 0.517578125 0.3828125 0.0234375 0.03125
0 0.5859375 0.40283203125 0.029296875 0.0439453125
0 0.6337890625 0.4580078125 0.025390625 0.041015625
0 0.748046875 0.41455078125 0.060546875 0.0732421875
0 0.79736328125 0.41552734375 0.0302734375 0.0361328125
0 0.94091796875 0.38671875 0.0654296875 0.07421875
