0 0.837890625 0.21533203125 0.044921875 0.0615234375
0 0.88818359375 0.1064453125 0.0517578125 0.02734375
0 0.58544921875 0.28125 0.0400390625 0.046875
0 0.7958984375 0.458984375 0.05859375 0.06640625
0 0.685546875 0.44921875 0.052734375 0.052734375
0 0.458984375 0.46044921875 0.048828125 0.0654296875
0 0.29443359375 0.4677734375 0.0537109375 0.0703125
0 0.60302734375 0.48828125 0.0458984375 0.056640625
0 0.1669921875 0.44091796875 0.044921875 0.0556640625
0 0.90673828125 0.81591796875 0.0673828125 0.1064453125
0 0.54931640625 0.77099609375 0.0615234375 0.0830078125
0 0.76513671875 0.6494140625 0.0341796875 0.048828125
0 0.412109375 0.47607421875 0.041015625 0.0634765625
0 0.05859375 0.45166015625 0.048828125 0.0615234375
0 0.771484375 0.2314453125 0.03515625 0.046875
