0 0.337890625 0.67333984375 0.03125 0.0380859375
0 0.2548828125 0.7177734375 0.03125 0.04296875
0 0.3310546875 0.77197265625 0.05078125 0.0556640625
0 0.15478515625 0.7705078125 0.0400390625 0.0390625
0 0.04541015625 0.65234375 0.0302734375 0.03125
0 0.0830078125 0.7060546875 0.03515625 0.037109375
0 0.1337890625 0.66015625 0.03125 0.03515625
0 0.21875 0.70166015625 0.03515625 0.0419921875
0 0.29248046875 0.6484375 0.0283203125 0.033203125
0 0.34716796875 0.640625 0.0263671875 0.03515625
0 0.25537109375 0.638671875 0.0224609375 0.02734375
0 0.0625 0.59619140625 0.01953125 0.0244140625
0 0.5146484375 0.60986328125 0.0234375 0.0322265625
0 0.57080078125 0.60498046875 0.0205078125 0.0244140625
0 0.55517578125 0.6826171875 0.0341796875 0.03125
0 0.6083984375 0.66162109375 0.029296875 0.0283203125
0 0.60693359375 0.72705078125 0.0380859375 0.0458984375
0 0.69091796875 0.59521484375 0.0205078125 0.0224609375
0 0.4716796875 0.69775390625 0.029296875 0.0380859375
0 0.56201171875 0.65966796875 0.0263671875 0.0302734375
0 0.74609375 0.72119140625 0.03515625 0.0439453125
0 0.7607421875 0.6591796875 0.029296875 0.03515625
0 0.81201171875 0.677734375 0.0361328125 0.037109375
0 0.84716796875 0.73486328125 0.0419921875 0.0556640625
0 0.88623046875 0.74267578125 0.0283203125 0.0400390625
0 0.87451171875 0.65234375 0.0224609375 0.03515625
0 0.78466796875 0.61865234375 0.0224609375 0.0322265625
0 0.03173828125 0.62109375 0.0205078125 0.025390625
0 0.18701171875 0.64013671875 0.0244140625 0.0263671875
0 0.01416015625 0.77197265625 0.0283203125 0.0400390625
0 0.3876953125 0.68505859375 0.03125 0.0380859375
0 0.251953125 0.62255859375 0.0234375 0.0263671875
0 0.4775390625 0.73681640625 0.0390625 0.0556640625
0 0.43310546875 0.63671875 0.0224609375 0.03125
0 0.48486328125 0.63134765625 0.0244140625 0.0302734375
0 0.83349609375 0.62744140625 0.0224609375 0.0322265625
0 0.8154296875 0.59765625 0.01953125 0.0234375
0 0.91357421875 0.63623046875 0.0244140625 0.0244140625
0 0.53515625 0.7880859375 0.048828125 0.01953125
0 0.96044921875 0.69482421875 0.0361328125 0.0556640625
0 0.943359375 0.61572265625 0.021484375 0.0244140625
0 0.9833984375 0.615234375 0.029296875 0.033203125
0 0.1962890625 0.619140625 0.01953125 0.02734375
0 0.85986328125 0.67724609375 0.0224609375 0.0380859375
0 0.75146484375 0.587890625 0.0224609375 0.03125
0 0.60693359375 0.625 0.0244140625 0.02734375
0 0.6552734375 0.6884765625 0.0234375 0.03125
0 0.958984375 0.77783203125 0.041015625 0.0478515625
0 0.3447265625 0.611328125 0.01953125 0.025390625
0 0.908203125 0.5791015625 0.021484375 0.0234375
0 0.83154296875 0.58935546875 0.0205078125 0.0263671875
