0 0.91259765625 0.52294921875 0.0341796875 0.0361328125
0 0.8525390625 0.4951171875 0.02734375 0.033203125
0 0.8212890625 0.52294921875 0.033203125 0.0322265625
0 0.751953125 0.45849609375 0.03515625 0.0341796875
0 0.93505859375 0.458984375 0.0244140625 0.02734375
0 0.85693359375 0.4677734375 0.0224609375 0.02734375
0 0.70263671875 0.46875 0.0244140625 0.025390625
0 0.71044921875 0.4443359375 0.0205078125 0.029296875
0 0.634765625 0.46044921875 0.03125 0.0322265625
0 0.72021484375 0.56591796875 0.0341796875 0.0380859375
0 0.69140625 0.6396484375 0.03125 0.03515625
0 0.5849609375 0.55810546875 0.046875 0.0576171875
0 0.59326171875 0.47705078125 0.0380859375 0.0439453125
0 0.67578125 0.46630859375 0.021484375 0.0302734375
0 0.615234375 0.6806640625 0.0390625 0.056640625
0 0.5048828125 0.68701171875 0.078125 0.0927734375
0 0.4462890625 0.56884765625 0.064453125 0.0712890625
0 0.5087890625 0.50927734375 0.04296875 0.0498046875
0 0.53515625 0.4775390625 0.029296875 0.03515625
0 0.498046875 0.462890625 0.025390625 0.03125
0 0.29345703125 0.62451171875 0.0810546875 0.1083984375
0 0.17626953125 0.5478515625 0.0458984375 0.064453125
0 0.2099609375 0.513671875 0.04296875 0.052734375
0 0.2626953125 0.4853515625 0.033203125 0.0390625
0 0.2998046875 0.462890625 0.01953125 0.02734375
0 0.42626953125 0.4990234375 0.0302734375 0.044921875
0 0.44482421875 0.49462890625 0.0263671875 0.0341796875
0 0.02099609375 0.4755859375 0.0419921875 0.072265625
0 0.2578125 0.44677734375 0.01953125 0.0263671875
0 0.22509765625 0.48974609375 0.0244140625 0.0419921875
0 0.5087890625 0.42138671875 0.02734375 0.0341796875
0 0.40234375 0.4228515625 0.021484375 0.02734375
0 0.37451171875 0.44091796875 0.0283203125 0.0302734375
0 0.0859375 0.60107421875 0.05078125 0.0537109375
0 0.078125 0.51416015625 0.041015625 0.0517578125
0 0.1240234375 0.52197265625 0.029296875 0.0400390625
0 0.42919921875 0.43896484375 0.0205078125 0.0263671875
