0 0.218887262079 0.364568081991 0.0922401171303 0.10541727672
0 0.492679355783 0.344436310395 0.0805270863836 0.103221083455
0 0.503294289898 0.237554904832 0.0183016105417 0.0226939970717
0 0.546120058565 0.161420204978 0.0248901903367 0.0387994143485
0 0.580893118594 0.243045387994 0.0197657393851 0.0219619326501
0 0.596266471449 0.29831625183 0.0226939970717 0.0431918008785
0 0.432284040996 0.272693997072 0.0153733528551 0.0241581259151
0 0.422035139092 0.278916544656 0.0183016105417 0.0263543191801
0 0.646046852123 0.24121522694 0.0241581259151 0.0300146412884
0 0.677159590044 0.231332357247 0.0204978038067 0.0263543191801
0 0.729502196193 0.22364568082 0.0226939970717 0.0314787701318
0 0.774890190337 0.218155197657 0.0197657393851 0.0263543191801
0 0.684480234261 0.311127379209 0.0732064421669 0.0937042459736
0 0.734626647145 0.28953147877 0.0402635431918 0.0666178623719
0 0.838579795022 0.218155197657 0.0212298682284 0.0278184480234
0 0.867130307467 0.213762811127 0.0153733528551 0.0248901903367
0 0.861273792094 0.247437774524 0.0270863836018 0.0336749633968
0 0.847730600293 0.336749633968 0.0541727672035 0.0629575402635
