0 0.2880859375 0.560117302053 0.0546875 0.0684261974585
0 0.330078125 0.570381231672 0.021484375 0.0420332355816
0 0.12744140625 0.572825024438 0.0263671875 0.0469208211144
0 0.2197265625 0.586021505376 0.01953125 0.0224828934506
0 0.24755859375 0.569403714565 0.0244140625 0.0420332355816
0 0.53271484375 0.591886608016 0.0302734375 0.0322580645161
0 0.56396484375 0.567937438905 0.0244140625 0.0371456500489
0 0.5966796875 0.535679374389 0.05078125 0.0782013685239
0 0.669921875 0.560117302053 0.03125 0.0430107526882
0 0.84912109375 0.560606060606 0.0947265625 0.0948191593353
0 0.9677734375 0.515640273705 0.064453125 0.0948191593353
0 0.9287109375 0.532258064516 0.025390625 0.0381231671554
0 0.19287109375 0.350439882698 0.0439453125 0.0576735092864
0 0.43701171875 0.371945259042 0.0400390625 0.0576735092864
0 0.29248046875 0.372922776149 0.0205078125 0.0224828934506
0 0.4169921875 0.374389051808 0.01953125 0.0293255131965
