0 0.06103515625 0.453125 0.0224609375 0.029296875
0 0.1748046875 0.44091796875 0.025390625 0.0283203125
0 0.1806640625 0.4697265625 0.0234375 0.033203125
0 0.09130859375 0.44091796875 0.0224609375 0.0263671875
0 0.20849609375 0.49365234375 0.0322265625 0.0322265625
0 0.26416015625 0.44384765625 0.0224609375 0.0263671875
0 0.0986328125 0.52001953125 0.03515625 0.0419921875
0 0.0625 0.51806640625 0.025390625 0.0283203125
0 0.109375 0.626953125 0.04296875 0.056640625
0 0.064453125 0.61474609375 0.033203125 0.0498046875
0 0.26220703125 0.673828125 0.0419921875 0.048828125
0 0.27734375 0.6640625 0.04296875 0.05078125
0 0.31494140625 0.66796875 0.0537109375 0.05859375
0 0.43505859375 0.6943359375 0.0537109375 0.06640625
0 0.45654296875 0.609375 0.0400390625 0.05078125
0 0.4814453125 0.75244140625 0.05859375 0.0771484375
0 0.4375 0.5322265625 0.037109375 0.03515625
0 0.5048828125 0.54150390625 0.044921875 0.0458984375
0 0.2939453125 0.52783203125 0.02734375 0.0302734375
0 0.3525390625 0.5 0.0390625 0.044921875
0 0.28564453125 0.43359375 0.0244140625 0.025390625
0 0.29833984375 0.451171875 0.0244140625 0.03125
0 0.33544921875 0.42724609375 0.0224609375 0.0283203125
0 0.330078125 0.45849609375 0.033203125 0.0322265625
0 0.38720703125 0.44775390625 0.0263671875 0.0380859375
0 0.48828125 0.4052734375 0.021484375 0.025390625
0 0.54296875 0.4990234375 0.033203125 0.033203125
0 0.517578125 0.3818359375 0.01953125 0.021484375
0 0.55615234375 0.3984375 0.0205078125 0.021484375
0 0.58251953125 0.421875 0.0244140625 0.0234375
0 0.625 0.43212890625 0.05859375 0.0849609375
0 0.77294921875 0.51708984375 0.0615234375 0.0634765625
0 0.83447265625 0.46142578125 0.0263671875 0.0322265625
0 0.7626953125 0.76318359375 0.0625 0.0654296875
