0 0.73681640625 0.4677734375 0.0224609375 0.02734375
0 0.8798828125 0.64990234375 0.03515625 0.0458984375
0 0.73291015625 0.52587890625 0.0205078125 0.0283203125
0 0.865234375 0.57080078125 0.02734375 0.0341796875
0 0.603515625 0.5859375 0.0234375 0.041015625
0 0.55517578125 0.53173828125 0.0205078125 0.0400390625
0 0.595703125 0.466796875 0.0234375 0.03125
0 0.62646484375 0.4677734375 0.0224609375 0.0234375
0 0.62060546875 0.4296875 0.0205078125 0.0234375
0 0.373046875 0.427734375 0.01953125 0.021484375
0 0.25830078125 0.43994140625 0.0205078125 0.0263671875
0 0.0361328125 0.5107421875 0.025390625 0.03125
