0 0.33349609375 0.7763671875 0.0205078125 0.025390625
0 0.3759765625 0.80029296875 0.01953125 0.0244140625
0 0.4287109375 0.791015625 0.01953125 0.01953125
0 0.5185546875 0.74365234375 0.01953125 0.0244140625
0 0.75390625 0.79296875 0.01953125 0.021484375
0 0.654296875 0.80908203125 0.025390625 0.0205078125
0 0.73779296875 0.8095703125 0.0205078125 0.033203125
0 0.7255859375 0.81591796875 0.021484375 0.0244140625
0 0.14453125 0.75341796875 0.021484375 0.0244140625
0 0.94482421875 0.81103515625 0.0263671875 0.0302734375
0 0.89453125 0.81396484375 0.029296875 0.0263671875
0 0.8349609375 0.8017578125 0.0234375 0.02734375
