0 0.85302734375 0.5751953125 0.0205078125 0.0234375
0 0.44189453125 0.58642578125 0.0205078125 0.0302734375
0 0.458984375 0.61181640625 0.01953125 0.0263671875
0 0.2265625 0.4052734375 0.01953125 0.0234375
0 0.318359375 0.5654296875 0.01953125 0.0234375
0 0.24609375 0.54931640625 0.01953125 0.0244140625
0 0.1767578125 0.57861328125 0.01953125 0.0263671875
0 0.171875 0.46240234375 0.01953125 0.0224609375
0 0.03173828125 0.58740234375 0.0205078125 0.0224609375
0 0.1533203125 0.51123046875 0.01953125 0.0263671875
