0 0.89501953125 0.3046875 0.0224609375 0.044921875
0 0.77880859375 0.34326171875 0.0302734375 0.0380859375
0 0.7421875 0.314453125 0.03125 0.03515625
0 0.583984375 0.330078125 0.029296875 0.03515625
0 0.517578125 0.32568359375 0.02734375 0.0458984375
0 0.4091796875 0.29052734375 0.037109375 0.0537109375
0 0.36474609375 0.2919921875 0.0205078125 0.029296875
0 0.34375 0.29541015625 0.025390625 0.0322265625
0 0.333984375 0.35498046875 0.037109375 0.0712890625
0 0.27978515625 0.28515625 0.0361328125 0.05859375
0 0.197265625 0.3388671875 0.03515625 0.068359375
0 0.07568359375 0.310546875 0.0380859375 0.072265625
0 0.1904296875 0.46337890625 0.046875 0.0888671875
0 0.03369140625 0.44921875 0.0576171875 0.109375
