0 0.02734375 0.243401759531 0.025390625 0.0234604105572
0 0.09765625 0.265395894428 0.021484375 0.0205278592375
0 0.142578125 0.24633431085 0.021484375 0.0293255131965
0 0.20703125 0.242913000978 0.021484375 0.0205278592375
0 0.31103515625 0.24633431085 0.0244140625 0.0254154447703
0 0.39990234375 0.236070381232 0.0224609375 0.0283479960899
0 0.486328125 0.236559139785 0.01953125 0.0234604105572
0 0.59814453125 0.244379276637 0.0205078125 0.0254154447703
0 0.6796875 0.259042033236 0.021484375 0.0215053763441
0 0.75537109375 0.248289345064 0.0205078125 0.0215053763441
0 0.927734375 0.248289345064 0.025390625 0.0273704789834
0 0.8994140625 0.256598240469 0.021484375 0.0224828934506
