0 0.0205078125 0.333333333333 0.02734375 0.0410557184751
0 0.0732421875 0.302541544477 0.03515625 0.0478983382209
0 0.09765625 0.33284457478 0.0234375 0.030303030303
0 0.15576171875 0.33137829912 0.0263671875 0.0351906158358
0 0.18798828125 0.300586510264 0.0322265625 0.0478983382209
0 0.212890625 0.317204301075 0.021484375 0.0361681329423
0 0.29638671875 0.320136852395 0.0302734375 0.0420332355816
0 0.39306640625 0.310361681329 0.0302734375 0.0478983382209
0 0.36767578125 0.287390029326 0.0244140625 0.0371456500489
0 0.279296875 0.287878787879 0.033203125 0.0361681329423
0 0.466796875 0.347996089932 0.03125 0.0371456500489
0 0.47998046875 0.313294232649 0.0302734375 0.0420332355816
0 0.513671875 0.319648093842 0.03515625 0.0469208211144
0 0.55517578125 0.332355816227 0.0302734375 0.0430107526882
0 0.61328125 0.285923753666 0.03515625 0.0420332355816
0 0.54931640625 0.320136852395 0.0263671875 0.0322580645161
0 0.73388671875 0.281524926686 0.0341796875 0.0430107526882
0 0.77392578125 0.300097751711 0.0322265625 0.0371456500489
0 0.8525390625 0.291300097752 0.03515625 0.0371456500489
0 0.9208984375 0.30596285435 0.0234375 0.0293255131965
0 0.9521484375 0.30449657869 0.033203125 0.0459433040078
0 0.44287109375 0.334799608993 0.0263671875 0.0381231671554
