0 0.27392578125 0.29248046875 0.1123046875 0.1162109375
0 0.09765625 0.3837890625 0.02734375 0.037109375
0 0.12060546875 0.38037109375 0.0224609375 0.0322265625
0 0.41943359375 0.3115234375 0.0830078125 0.087890625
0 0.4873046875 0.42041015625 0.083984375 0.1064453125
0 0.6455078125 0.3369140625 0.033203125 0.052734375
0 0.7421875 0.38134765625 0.03515625 0.0595703125
0 0.77734375 0.39794921875 0.0234375 0.0341796875
0 0.77685546875 0.34814453125 0.0244140625 0.0341796875
0 0.85888671875 0.345703125 0.0380859375 0.044921875
0 0.93359375 0.3828125 0.0546875 0.060546875
