0 0.805636896047 0.173499267936 0.0592972181552 0.0688140556369
0 0.783674963397 0.154831625183 0.0402635431918 0.0549048316252
0 0.715226939971 0.159590043924 0.0439238653001 0.0571010248902
0 0.689970717423 0.110907759883 0.0417276720351 0.0505124450952
0 0.610907759883 0.312591508053 0.0841874084919 0.090775988287
0 0.594802342606 0.224011713031 0.0519765739385 0.0571010248902
0 0.542093704246 0.164714494876 0.0446559297218 0.0556368960469
0 0.455344070278 0.103953147877 0.0424597364568 0.0556368960469
0 0.248901903367 0.0867496339678 0.0439238653001 0.0636896046852
0 0.378477306003 0.211566617862 0.0380673499268 0.0527086383602
0 0.191434846266 0.182650073206 0.0549048316252 0.0651537335286
