0 0.303342816501 0.187411095306 0.0263157894737 0.0320056899004
0 0.322190611664 0.150071123755 0.027027027027 0.0327169274538
0 0.267780938834 0.212304409673 0.0277382645804 0.0305832147937
0 0.194167852063 0.192745376956 0.0312944523471 0.0341394025605
0 0.544807965861 0.212304409673 0.0384068278805 0.0462304409673
0 0.4679943101 0.195590327169 0.0256045519203 0.0327169274538
0 0.431365576102 0.150071123755 0.0291607396871 0.0398293029872
0 0.227240398293 0.171052631579 0.0291607396871 0.0320056899004
0 0.485775248933 0.900071123755 0.0142247510669 0.024893314367
0 0.847083926031 0.197012802276 0.022759601707 0.027027027027
