0 0.26220703125 0.329423264907 0.0830078125 0.0957966764418
0 0.3037109375 0.410068426197 0.09375 0.106549364614
0 0.4169921875 0.556207233627 0.044921875 0.0703812316716
0 0.4638671875 0.357282502444 0.08984375 0.0987292277615
0 0.55322265625 0.317693059629 0.0810546875 0.099706744868
0 0.72802734375 0.436950146628 0.0419921875 0.0527859237537
0 0.796875 0.437438905181 0.03515625 0.0909090909091
0 0.83056640625 0.269305962854 0.0771484375 0.0850439882698
0 0.8564453125 0.346529814272 0.0859375 0.104594330401
0 0.97265625 0.328445747801 0.052734375 0.0899315738025
