0 0.95556640625 0.3916015625 0.0361328125 0.037109375
0 0.81396484375 0.4423828125 0.0361328125 0.041015625
0 0.7353515625 0.3994140625 0.021484375 0.02734375
0 0.6845703125 0.41259765625 0.03515625 0.0439453125
0 0.68212890625 0.33349609375 0.0302734375 0.0361328125
0 0.6357421875 0.38330078125 0.03515625 0.0380859375
0 0.55908203125 0.3955078125 0.0302734375 0.037109375
0 0.84912109375 0.2763671875 0.0361328125 0.04296875
0 0.466796875 0.4248046875 0.0390625 0.04296875
0 0.3125 0.40625 0.037109375 0.0390625
0 0.23291015625 0.38232421875 0.0302734375 0.0380859375
0 0.0888671875 0.38720703125 0.02734375 0.0341796875
0 0.03076171875 0.4267578125 0.0302734375 0.033203125
0 0.94921875 0.51806640625 0.021484375 0.0244140625
0 0.91845703125 0.53466796875 0.0224609375 0.0283203125
0 0.85791015625 0.52197265625 0.0224609375 0.0224609375
0 0.8095703125 0.52099609375 0.0234375 0.0263671875
0 0.70947265625 0.52978515625 0.0205078125 0.0244140625
0 0.4453125 0.52001953125 0.021484375 0.0224609375
0 0.392578125 0.50927734375 0.01953125 0.0224609375
0 0.27685546875 0.5029296875 0.0244140625 0.025390625
0 0.197265625 0.51904296875 0.0234375 0.0244140625
0 0.119140625 0.50244140625 0.0234375 0.0244140625
0 0.06396484375 0.52099609375 0.0205078125 0.0224609375
