0 0.270114942529 0.634698275862 0.0431034482759 0.0524425287356
0 0.186063218391 0.733477011494 0.0977011494253 0.109195402299
0 0.410201149425 0.605603448276 0.0344827586207 0.0488505747126
0 0.480244252874 0.654094827586 0.0323275862069 0.0423850574713
0 0.526939655172 0.755747126437 0.0725574712644 0.0962643678161
0 0.534123563218 0.731681034483 0.0524425287356 0.0725574712644
0 0.556393678161 0.677442528736 0.0323275862069 0.0402298850575
0 0.570402298851 0.570402298851 0.0172413793103 0.0172413793103
0 0.640445402299 0.602370689655 0.0280172413793 0.0438218390805
0 0.76867816092 0.666307471264 0.0359195402299 0.0409482758621
0 0.747126436782 0.788074712644 0.103448275862 0.133620689655
0 0.480962643678 0.948994252874 0.0366379310345 0.102011494253
0 0.218031609195 0.586925287356 0.0352011494253 0.0431034482759
0 0.170617816092 0.580818965517 0.0237068965517 0.0294540229885
0 0.237068965517 0.577586206897 0.0229885057471 0.0330459770115
