0 0.23583984375 0.304007820137 0.0478515625 0.0645161290323
0 0.16796875 0.429130009775 0.033203125 0.039100684262
0 0.02685546875 0.436950146628 0.0341796875 0.0508308895406
0 0.0615234375 0.424731182796 0.021484375 0.0342130987292
0 0.40771484375 0.251221896383 0.0478515625 0.0664711632454
0 0.5458984375 0.430107526882 0.0234375 0.0273704789834
0 0.6123046875 0.426197458456 0.01953125 0.0273704789834
0 0.50048828125 0.590420332356 0.0419921875 0.0527859237537
0 0.837890625 0.440860215054 0.021484375 0.0293255131965
0 0.857421875 0.440860215054 0.0390625 0.080156402737
0 0.95703125 0.463343108504 0.033203125 0.0312805474096
