0 0.05126953125 0.44287109375 0.0302734375 0.0322265625
0 0.138671875 0.44384765625 0.0234375 0.0302734375
0 0.14453125 0.4658203125 0.025390625 0.03125
0 0.2490234375 0.4638671875 0.0234375 0.029296875
0 0.32275390625 0.43115234375 0.0224609375 0.0283203125
0 0.3603515625 0.46923828125 0.02734375 0.0341796875
0 0.51171875 0.45751953125 0.0234375 0.0283203125
0 0.5673828125 0.47412109375 0.021484375 0.0322265625
0 0.68896484375 0.4541015625 0.0244140625 0.033203125
0 0.7919921875 0.5 0.0234375 0.025390625
0 0.95751953125 0.470703125 0.0263671875 0.03125
