0 0.04931640625 0.7294921875 0.0322265625 0.037109375
0 0.21875 0.765625 0.044921875 0.03125
0 0.26611328125 0.7666015625 0.0341796875 0.02734375
0 0.29443359375 0.7265625 0.0205078125 0.02734375
0 0.2275390625 0.70849609375 0.021484375 0.0283203125
0 0.2470703125 0.6611328125 0.025390625 0.029296875
0 0.169921875 0.541015625 0.021484375 0.025390625
0 0.39208984375 0.6396484375 0.0263671875 0.037109375
0 0.392578125 0.54931640625 0.01953125 0.0244140625
0 0.08544921875 0.603515625 0.0205078125 0.025390625
0 0.10693359375 0.64599609375 0.0205078125 0.0302734375
0 0.05859375 0.6376953125 0.033203125 0.041015625
0 0.02490234375 0.478515625 0.0263671875 0.03125
0 0.81103515625 0.7490234375 0.0439453125 0.048828125
0 0.74609375 0.76708984375 0.03125 0.0244140625
0 0.654296875 0.7646484375 0.029296875 0.03125
0 0.5849609375 0.7685546875 0.041015625 0.025390625
0 0.5146484375 0.7548828125 0.037109375 0.02734375
0 0.4404296875 0.6328125 0.021484375 0.033203125
0 0.392578125 0.57275390625 0.021484375 0.0205078125
0 0.45654296875 0.6025390625 0.0224609375 0.025390625
0 0.50146484375 0.6689453125 0.0244140625 0.02734375
0 0.5693359375 0.70458984375 0.025390625 0.0302734375
0 0.62548828125 0.671875 0.0283203125 0.03515625
0 0.6962890625 0.67236328125 0.033203125 0.0380859375
0 0.7890625 0.71435546875 0.02734375 0.0283203125
0 0.8818359375 0.65087890625 0.025390625 0.0380859375
0 0.95703125 0.66162109375 0.03515625 0.0419921875
0 0.78955078125 0.5615234375 0.0263671875 0.02734375
0 0.90087890625 0.56884765625 0.0205078125 0.0283203125
0 0.888671875 0.5087890625 0.0234375 0.029296875
0 0.94189453125 0.529296875 0.0224609375 0.025390625
0 0.9169921875 0.650390625 0.021484375 0.02734375
