0 0.94482421875 0.750244379277 0.0224609375 0.0263929618768
0 0.93310546875 0.721407624633 0.0263671875 0.0312805474096
0 0.81005859375 0.735581622678 0.0263671875 0.0322580645161
0 0.83935546875 0.708211143695 0.0205078125 0.030303030303
0 0.67919921875 0.812316715543 0.0244140625 0.0312805474096
0 0.46484375 0.771260997067 0.01953125 0.0293255131965
0 0.3017578125 0.730694037146 0.02734375 0.0322580645161
0 0.1650390625 0.783968719453 0.025390625 0.0332355816227
0 0.029296875 0.617790811339 0.021484375 0.0293255131965
0 0.2119140625 0.585532746823 0.01953125 0.0273704789834
0 0.7978515625 0.649560117302 0.021484375 0.0283479960899
0 0.74951171875 0.595307917889 0.0224609375 0.0273704789834
0 0.4541015625 0.595307917889 0.01953125 0.0254154447703
0 0.40625 0.597262952102 0.021484375 0.0254154447703
0 0.31689453125 0.60899315738 0.0205078125 0.0254154447703
0 0.8623046875 0.487292277615 0.01953125 0.0224828934506
0 0.70263671875 0.519550342131 0.0205078125 0.0244379276637
0 0.5703125 0.517106549365 0.01953125 0.0234604105572
0 0.529296875 0.544477028348 0.01953125 0.0273704789834
0 0.47607421875 0.535679374389 0.0205078125 0.0273704789834
