0 0.2880859375 0.56591796875 0.041015625 0.0478515625
0 0.42041015625 0.5625 0.0439453125 0.05078125
0 0.44482421875 0.55859375 0.0263671875 0.03515625
0 0.330078125 0.568359375 0.033203125 0.0390625
0 0.20654296875 0.5322265625 0.0283203125 0.033203125
0 0.1953125 0.5859375 0.0234375 0.03125
0 0.13037109375 0.5595703125 0.0458984375 0.05859375
0 0.0341796875 0.5146484375 0.01953125 0.041015625
0 0.11328125 0.4931640625 0.0390625 0.04296875
0 0.6796875 0.5537109375 0.021484375 0.02734375
0 0.76123046875 0.5283203125 0.0244140625 0.0234375
0 0.77978515625 0.63525390625 0.0224609375 0.0283203125
0 0.91015625 0.54541015625 0.021484375 0.0244140625
0 0.59521484375 0.51025390625 0.0205078125 0.0302734375
0 0.8681640625 0.54833984375 0.01953125 0.0263671875
0 0.6083984375 0.56396484375 0.025390625 0.0302734375
