0 0.0283203125 0.638671875 0.033203125 0.05078125
0 0.07763671875 0.51318359375 0.0673828125 0.0517578125
0 0.31689453125 0.4462890625 0.0830078125 0.125
0 0.5205078125 0.44140625 0.0625 0.09375
0 0.0419921875 0.33837890625 0.056640625 0.0908203125
0 0.7119140625 0.37890625 0.0703125 0.111328125
0 0.15185546875 0.3564453125 0.0322265625 0.0390625
0 0.11572265625 0.3369140625 0.0283203125 0.03125
0 0.12841796875 0.2958984375 0.0244140625 0.033203125
0 0.17041015625 0.29150390625 0.0224609375 0.0341796875
0 0.2470703125 0.35205078125 0.0234375 0.0244140625
0 0.21337890625 0.298828125 0.0224609375 0.029296875
0 0.287109375 0.3544921875 0.048828125 0.05078125
0 0.3779296875 0.306640625 0.03515625 0.052734375
0 0.41064453125 0.31591796875 0.0205078125 0.0205078125
0 0.48681640625 0.2978515625 0.0224609375 0.025390625
0 0.5224609375 0.29833984375 0.0390625 0.0478515625
0 0.72265625 0.2548828125 0.01953125 0.0234375
0 0.6865234375 0.287109375 0.03515625 0.037109375
0 0.7666015625 0.29150390625 0.0234375 0.0322265625
0 0.86767578125 0.2626953125 0.0205078125 0.025390625
0 0.8056640625 0.33203125 0.02734375 0.033203125
0 0.8427734375 0.3173828125 0.044921875 0.048828125
0 0.86279296875 0.40234375 0.0615234375 0.080078125
0 0.9619140625 0.33740234375 0.046875 0.0498046875
0 0.91064453125 0.3359375 0.0244140625 0.029296875
0 0.958984375 0.2900390625 0.03125 0.0234375
