0 0.10546875 0.45849609375 0.01953125 0.0205078125
0 0.2958984375 0.470703125 0.021484375 0.02734375
0 0.26123046875 0.51513671875 0.0224609375 0.0302734375
0 0.9091796875 0.4560546875 0.01953125 0.021484375
0 0.8759765625 0.5576171875 0.021484375 0.046875
0 0.83203125 0.4833984375 0.01953125 0.025390625
0 0.0791015625 0.541015625 0.02734375 0.044921875
0 0.16015625 0.52978515625 0.029296875 0.0322265625
0 0.11181640625 0.501953125 0.0263671875 0.029296875
0 0.07763671875 0.6103515625 0.0322265625 0.05078125
0 0.26806640625 0.61376953125 0.0341796875 0.0537109375
0 0.29833984375 0.54541015625 0.0302734375 0.0380859375
0 0.3642578125 0.52880859375 0.0234375 0.0302734375
0 0.41748046875 0.56298828125 0.0244140625 0.0380859375
0 0.19970703125 0.5244140625 0.0244140625 0.037109375
