0 0.71435546875 0.66552734375 0.0771484375 0.1064453125
0 0.78271484375 0.53173828125 0.0439453125 0.0517578125
0 0.83984375 0.55029296875 0.02734375 0.0361328125
0 0.86962890625 0.4755859375 0.0224609375 0.0390625
0 0.6728515625 0.49169921875 0.02734375 0.0361328125
0 0.59033203125 0.50732421875 0.0322265625 0.0419921875
0 0.4951171875 0.51025390625 0.044921875 0.0595703125
0 0.33984375 0.5439453125 0.041015625 0.056640625
0 0.3154296875 0.50439453125 0.0234375 0.0341796875
0 0.15087890625 0.56591796875 0.0419921875 0.0537109375
0 0.009765625 0.5009765625 0.01953125 0.041015625
