0 0.4765625 0.378299120235 0.060546875 0.058651026393
0 0.21630859375 0.515151515152 0.0458984375 0.0469208211144
0 0.1220703125 0.510752688172 0.041015625 0.0459433040078
0 0.033203125 0.544965786901 0.037109375 0.0459433040078
0 0.35009765625 0.527859237537 0.0244140625 0.0273704789834
0 0.634765625 0.477028347996 0.04296875 0.0527859237537
0 0.77734375 0.515151515152 0.044921875 0.0547409579668
0 0.8623046875 0.496089931574 0.06640625 0.0772238514174
0 0.9580078125 0.500977517107 0.072265625 0.0713587487781
0 0.58642578125 0.528836754643 0.0380859375 0.0469208211144
