0 0.9296875 0.506842619746 0.04296875 0.0615835777126
0 0.7529296875 0.426686217009 0.072265625 0.100684261975
0 0.5771484375 0.455034213099 0.060546875 0.0811339198436
0 0.43505859375 0.497556207234 0.0283203125 0.0508308895406
0 0.3291015625 0.47605083089 0.033203125 0.0449657869013
0 0.28662109375 0.498044965787 0.0361328125 0.0478983382209
0 0.28125 0.456989247312 0.03125 0.0361681329423
0 0.1767578125 0.456989247312 0.0390625 0.0537634408602
0 0.13818359375 0.479472140762 0.0322265625 0.0400782013685
0 0.1044921875 0.5 0.021484375 0.0283479960899
