0 0.94921875 0.77197265625 0.044921875 0.0478515625
0 0.9853515625 0.72705078125 0.029296875 0.0537109375
0 0.94921875 0.6279296875 0.033203125 0.0390625
0 0.888671875 0.81787109375 0.052734375 0.0322265625
0 0.78759765625 0.7939453125 0.0361328125 0.0546875
0 0.67724609375 0.818359375 0.0576171875 0.03125
0 0.646484375 0.75830078125 0.03125 0.0556640625
0 0.88720703125 0.60205078125 0.0341796875 0.0419921875
0 0.83251953125 0.646484375 0.0400390625 0.0546875
0 0.7529296875 0.62646484375 0.041015625 0.0576171875
0 0.802734375 0.55419921875 0.03515625 0.0439453125
0 0.74169921875 0.5478515625 0.0361328125 0.048828125
0 0.9384765625 0.53759765625 0.029296875 0.0341796875
0 0.98095703125 0.4716796875 0.0302734375 0.041015625
0 0.9052734375 0.47705078125 0.033203125 0.0419921875
0 0.92626953125 0.439453125 0.0283203125 0.03125
0 0.97412109375 0.4169921875 0.0283203125 0.037109375
0 0.8837890625 0.41552734375 0.0234375 0.0283203125
0 0.8466796875 0.4775390625 0.029296875 0.025390625
0 0.97509765625 0.32373046875 0.0283203125 0.0302734375
0 0.97998046875 0.37353515625 0.0302734375 0.0302734375
0 0.87841796875 0.3642578125 0.0244140625 0.03125
0 0.908203125 0.2685546875 0.0234375 0.033203125
0 0.83544921875 0.2802734375 0.0263671875 0.033203125
0 0.51513671875 0.77294921875 0.0439453125 0.0517578125
0 0.435546875 0.80810546875 0.05078125 0.0517578125
0 0.29833984375 0.814453125 0.0537109375 0.0390625
0 0.3349609375 0.79296875 0.044921875 0.0546875
0 0.13037109375 0.81103515625 0.0517578125 0.0458984375
0 0.1689453125 0.82177734375 0.041015625 0.0244140625
0 0.61083984375 0.62255859375 0.0400390625 0.0576171875
0 0.6787109375 0.53076171875 0.033203125 0.0400390625
0 0.587890625 0.548828125 0.03125 0.044921875
0 0.77978515625 0.35595703125 0.0224609375 0.0302734375
0 0.7607421875 0.419921875 0.02734375 0.03515625
0 0.70361328125 0.36767578125 0.0244140625 0.0224609375
0 0.654296875 0.41162109375 0.029296875 0.0361328125
0 0.7236328125 0.3046875 0.0234375 0.0234375
0 0.736328125 0.2841796875 0.0234375 0.02734375
0 0.43896484375 0.64892578125 0.0400390625 0.0537109375
0 0.4951171875 0.61376953125 0.033203125 0.0439453125
0 0.37939453125 0.642578125 0.0439453125 0.0546875
0 0.3388671875 0.60205078125 0.03515625 0.0439453125
0 0.0947265625 0.7001953125 0.044921875 0.052734375
0 0.20556640625 0.6982421875 0.0400390625 0.048828125
0 0.69140625 0.50048828125 0.02734375 0.0380859375
0 0.51416015625 0.51416015625 0.0322265625 0.0439453125
0 0.5029296875 0.4892578125 0.025390625 0.033203125
0 0.3291015625 0.46484375 0.033203125 0.044921875
0 0.36865234375 0.53271484375 0.0283203125 0.0380859375
0 0.2548828125 0.595703125 0.033203125 0.04296875
0 0.2744140625 0.517578125 0.02734375 0.04296875
0 0.2001953125 0.39990234375 0.025390625 0.0302734375
0 0.09228515625 0.369140625 0.0283203125 0.02734375
0 0.03759765625 0.3935546875 0.0263671875 0.033203125
0 0.1435546875 0.28564453125 0.01953125 0.0244140625
0 0.390625 0.357421875 0.01953125 0.029296875
0 0.42822265625 0.34423828125 0.0224609375 0.0302734375
0 0.3251953125 0.33251953125 0.021484375 0.0283203125
0 0.25146484375 0.26806640625 0.0244140625 0.0322265625
0 0.1953125 0.255859375 0.01953125 0.025390625
0 0.52880859375 0.26708984375 0.0224609375 0.0302734375
0 0.59619140625 0.2880859375 0.0244140625 0.033203125
0 0.6025390625 0.2548828125 0.01953125 0.0234375
0 0.6572265625 0.36865234375 0.0234375 0.0302734375
0 0.60302734375 0.34521484375 0.0244140625 0.0322265625
0 0.029296875 0.68798828125 0.0390625 0.0615234375
0 0.0107421875 0.59033203125 0.021484375 0.0439453125
