0 0.61279296875 0.44091796875 0.0400390625 0.0576171875
0 0.783203125 0.45166015625 0.037109375 0.0556640625
0 0.7421875 0.46826171875 0.02734375 0.0400390625
0 0.56884765625 0.42626953125 0.0361328125 0.0498046875
0 0.53271484375 0.4521484375 0.0283203125 0.0390625
0 0.79638671875 0.423828125 0.0224609375 0.060546875
0 0.95849609375 0.462890625 0.0439453125 0.0546875
0 0.92041015625 0.45703125 0.0302734375 0.048828125
0 0.890625 0.4384765625 0.037109375 0.04296875
0 0.84521484375 0.28125 0.0341796875 0.0390625
0 0.89404296875 0.3056640625 0.0400390625 0.037109375
0 0.95947265625 0.3544921875 0.0419921875 0.03125
0 0.9892578125 0.302734375 0.01953125 0.041015625
0 0.4892578125 0.47314453125 0.041015625 0.0517578125
0 0.4892578125 0.4345703125 0.0390625 0.03515625
0 0.41845703125 0.43359375 0.0380859375 0.046875
0 0.36865234375 0.4443359375 0.0400390625 0.048828125
0 0.310546875 0.447265625 0.037109375 0.041015625
0 0.35302734375 0.43115234375 0.0341796875 0.0419921875
0 0.22216796875 0.3173828125 0.0439453125 0.048828125
0 0.18603515625 0.35498046875 0.0341796875 0.0478515625
0 0.22216796875 0.43359375 0.0439453125 0.04296875
0 0.15771484375 0.427734375 0.0322265625 0.056640625
0 0.48583984375 0.2216796875 0.0322265625 0.0390625
0 0.35693359375 0.20068359375 0.0361328125 0.0380859375
0 0.234375 0.18994140625 0.03125 0.0400390625
0 0.05810546875 0.4404296875 0.0263671875 0.052734375
0 0.12548828125 0.48388671875 0.0341796875 0.0380859375
0 0.2490234375 0.45263671875 0.0234375 0.0322265625
0 0.318359375 0.580078125 0.021484375 0.025390625
0 0.81591796875 0.71337890625 0.0419921875 0.0517578125
0 0.73779296875 0.76123046875 0.0361328125 0.0556640625
0 0.6953125 0.7197265625 0.03515625 0.06640625
0 0.6220703125 0.71826171875 0.033203125 0.0576171875
0 0.52392578125 0.65380859375 0.0380859375 0.0419921875
0 0.5224609375 0.76025390625 0.03515625 0.0673828125
0 0.33544921875 0.658203125 0.0419921875 0.046875
0 0.3232421875 0.70556640625 0.0390625 0.0595703125
0 0.138671875 0.673828125 0.04296875 0.060546875
0 0.2080078125 0.650390625 0.03515625 0.0546875
0 0.20556640625 0.7890625 0.0283203125 0.060546875
