0 0.060546875 0.50439453125 0.029296875 0.0361328125
0 0.18505859375 0.51123046875 0.0244140625 0.0341796875
0 0.2646484375 0.47314453125 0.021484375 0.0263671875
0 0.27001953125 0.4951171875 0.0224609375 0.033203125
0 0.35009765625 0.50390625 0.0283203125 0.03515625
0 0.423828125 0.4873046875 0.025390625 0.033203125
0 0.4765625 0.4951171875 0.02734375 0.037109375
0 0.53662109375 0.5087890625 0.0224609375 0.029296875
0 0.6015625 0.47314453125 0.02734375 0.0341796875
0 0.6943359375 0.5322265625 0.0234375 0.03125
0 0.751953125 0.513671875 0.0234375 0.029296875
0 0.80029296875 0.51953125 0.0244140625 0.029296875
0 0.943359375 0.47216796875 0.021484375 0.0302734375
