0 0.81005859375 0.72265625 0.0400390625 0.04296875
0 0.75537109375 0.68994140625 0.0400390625 0.0498046875
0 0.38525390625 0.52490234375 0.0732421875 0.0888671875
0 0.36962890625 0.84765625 0.0869140625 0.0546875
0 0.072265625 0.861328125 0.1015625 0.02734375
0 0.14599609375 0.833984375 0.0712890625 0.076171875
0 0.0576171875 0.8251953125 0.083984375 0.09375
0 0.2548828125 0.85595703125 0.052734375 0.0380859375
0 0.3212890625 0.8486328125 0.0625 0.052734375
0 0.3544921875 0.802734375 0.05078125 0.05859375
0 0.2333984375 0.78857421875 0.041015625 0.0478515625
0 0.16845703125 0.7666015625 0.0380859375 0.046875
0 0.0810546875 0.69775390625 0.03515625 0.0361328125
0 0.5537109375 0.84228515625 0.0859375 0.0654296875
0 0.55419921875 0.83837890625 0.0791015625 0.0732421875
0 0.79150390625 0.837890625 0.0439453125 0.05078125
0 0.74365234375 0.8544921875 0.0849609375 0.041015625
0 0.91796875 0.86328125 0.08984375 0.0234375
0 0.853515625 0.8603515625 0.07421875 0.029296875
