0 0.66455078125 0.6845703125 0.0498046875 0.060546875
0 0.52392578125 0.595703125 0.0419921875 0.052734375
0 0.55908203125 0.55419921875 0.0341796875 0.0419921875
0 0.6845703125 0.52978515625 0.029296875 0.0380859375
0 0.7099609375 0.4814453125 0.0234375 0.03125
0 0.611328125 0.49462890625 0.02734375 0.0341796875
0 0.55615234375 0.5 0.0244140625 0.029296875
0 0.5283203125 0.537109375 0.025390625 0.02734375
0 0.4833984375 0.50390625 0.0234375 0.033203125
0 0.4423828125 0.4853515625 0.02734375 0.03515625
0 0.455078125 0.453125 0.0234375 0.02734375
0 0.556640625 0.43408203125 0.02734375 0.0322265625
0 0.51953125 0.455078125 0.01953125 0.01953125
0 0.86474609375 0.49560546875 0.0380859375 0.0400390625
0 0.97021484375 0.4853515625 0.0341796875 0.048828125
0 0.955078125 0.42626953125 0.0234375 0.0283203125
0 0.8388671875 0.435546875 0.025390625 0.03125
0 0.734375 0.431640625 0.025390625 0.03125
0 0.65966796875 0.4443359375 0.0244140625 0.03125
0 0.59814453125 0.43701171875 0.0244140625 0.0263671875
0 0.900390625 0.4287109375 0.01953125 0.021484375
0 0.79541015625 0.482421875 0.0263671875 0.037109375
0 0.283203125 0.56591796875 0.037109375 0.0498046875
0 0.4052734375 0.57373046875 0.033203125 0.0400390625
0 0.31640625 0.52880859375 0.03515625 0.0419921875
0 0.203125 0.5166015625 0.041015625 0.04296875
0 0.1025390625 0.513671875 0.037109375 0.04296875
0 0.0771484375 0.67529296875 0.02734375 0.0576171875
0 0.07763671875 0.61376953125 0.0380859375 0.0478515625
0 0.0595703125 0.5107421875 0.03125 0.037109375
0 0.0234375 0.47119140625 0.021484375 0.0224609375
0 0.11865234375 0.45556640625 0.0224609375 0.0224609375
0 0.15673828125 0.458984375 0.0244140625 0.029296875
0 0.1376953125 0.4912109375 0.029296875 0.03125
0 0.17578125 0.50341796875 0.029296875 0.0361328125
0 0.22998046875 0.47900390625 0.0244140625 0.0322265625
0 0.24609375 0.46484375 0.01953125 0.025390625
0 0.2958984375 0.46875 0.025390625 0.03125
0 0.26611328125 0.51806640625 0.0283203125 0.0302734375
0 0.37890625 0.4609375 0.0234375 0.029296875
0 0.4140625 0.45751953125 0.021484375 0.0263671875
0 0.39892578125 0.50927734375 0.0263671875 0.0439453125
0 0.2412109375 0.4208984375 0.01953125 0.0234375
0 0.783203125 0.41064453125 0.01953125 0.0263671875
0 0.9814453125 0.3876953125 0.01953125 0.025390625
