0 0.9658203125 0.3447265625 0.068359375 0.103515625
0 0.92626953125 0.31494140625 0.0283203125 0.0341796875
0 0.88623046875 0.3388671875 0.0244140625 0.03125
0 0.87255859375 0.361328125 0.0302734375 0.044921875
0 0.90185546875 0.423828125 0.0302734375 0.044921875
0 0.81201171875 0.34814453125 0.0283203125 0.0400390625
0 0.759765625 0.4658203125 0.05078125 0.064453125
0 0.64404296875 0.42578125 0.0380859375 0.0546875
0 0.51220703125 0.49658203125 0.0615234375 0.0849609375
0 0.48876953125 0.47314453125 0.0458984375 0.0634765625
0 0.46826171875 0.61962890625 0.1318359375 0.1220703125
0 0.30517578125 0.5556640625 0.0634765625 0.033203125
0 0.0537109375 0.6279296875 0.095703125 0.1484375
