0 0.02490234375 0.586999022483 0.0478515625 0.0733137829912
0 0.0537109375 0.611436950147 0.05078125 0.0615835777126
0 0.12451171875 0.553274682307 0.0439453125 0.0606060606061
0 0.20361328125 0.600195503421 0.0693359375 0.099706744868
0 0.27685546875 0.591397849462 0.0517578125 0.0840664711632
0 0.37060546875 0.6119257087 0.0400390625 0.0508308895406
0 0.40966796875 0.57917888563 0.0537109375 0.0811339198436
0 0.37158203125 0.728739002933 0.0615234375 0.0772238514174
0 0.42529296875 0.645161290323 0.0517578125 0.0684261974585
0 0.48779296875 0.657869012708 0.0615234375 0.0840664711632
0 0.447265625 0.557184750733 0.029296875 0.0371456500489
0 0.49365234375 0.58211143695 0.0439453125 0.0537634408602
0 0.55859375 0.612903225806 0.046875 0.0957966764418
0 0.65478515625 0.566471163245 0.0556640625 0.0811339198436
0 0.68994140625 0.599706744868 0.0244140625 0.0381231671554
0 0.76806640625 0.468230694037 0.0986328125 0.129032258065
