0 0.015625 0.48193359375 0.0234375 0.0283203125
0 0.06103515625 0.46630859375 0.0283203125 0.0400390625
0 0.14501953125 0.47705078125 0.0458984375 0.0458984375
0 0.19921875 0.484375 0.037109375 0.03515625
0 0.23095703125 0.45703125 0.0283203125 0.037109375
0 0.36962890625 0.44140625 0.0400390625 0.046875
0 0.54052734375 0.455078125 0.0341796875 0.0390625
0 0.560546875 0.4892578125 0.03515625 0.037109375
0 0.712890625 0.44384765625 0.0390625 0.0400390625
0 0.78271484375 0.4306640625 0.0263671875 0.025390625
0 0.8876953125 0.41796875 0.0390625 0.0390625
0 0.9169921875 0.4228515625 0.021484375 0.033203125
0 0.9404296875 0.4208984375 0.01953125 0.025390625
0 0.982421875 0.443359375 0.025390625 0.03125
