0 0.98291015625 0.58357771261 0.0341796875 0.0723362658847
0 0.98779296875 0.466764418377 0.0224609375 0.0342130987292
0 0.88916015625 0.478983382209 0.0380859375 0.0449657869013
0 0.76708984375 0.464320625611 0.0380859375 0.039100684262
0 0.76513671875 0.566959921799 0.0791015625 0.0938416422287
0 0.6376953125 0.424242424242 0.0390625 0.0488758553275
0 0.76513671875 0.423753665689 0.0224609375 0.0244379276637
0 0.68115234375 0.450635386119 0.0205078125 0.0234604105572
0 0.5185546875 0.587976539589 0.078125 0.104594330401
0 0.51123046875 0.456011730205 0.0380859375 0.0478983382209
0 0.552734375 0.434995112414 0.021484375 0.0273704789834
0 0.462890625 0.477517106549 0.025390625 0.0322580645161
0 0.09814453125 0.514173998045 0.0771484375 0.0860215053763
0 0.26416015625 0.561583577713 0.0712890625 0.0830889540567
0 0.27001953125 0.464809384164 0.0419921875 0.0420332355816
0 0.2275390625 0.444281524927 0.021484375 0.0263929618768
0 0.1630859375 0.488758553275 0.03515625 0.0488758553275
0 0.05712890625 0.47458455523 0.0361328125 0.0459433040078
0 0.15869140625 0.424731182796 0.0205078125 0.0263929618768
0 0.09375 0.434995112414 0.025390625 0.0215053763441
0 0.05859375 0.42082111437 0.021484375 0.0205278592375
0 0.02001953125 0.433528836755 0.0224609375 0.0244379276637
0 0.38720703125 0.458944281525 0.0419921875 0.0518084066471
0 0.416015625 0.445259042033 0.01953125 0.0224828934506
0 0.3525390625 0.475073313783 0.0234375 0.0312805474096
0 0.34912109375 0.446725317693 0.0205078125 0.0215053763441
0 0.78662109375 0.458455522972 0.0205078125 0.0351906158358
