0 0.0517578125 0.394916911046 0.044921875 0.0449657869013
0 0.1376953125 0.366568914956 0.0390625 0.0410557184751
0 0.18212890625 0.39247311828 0.0400390625 0.049853372434
0 0.2373046875 0.380254154448 0.03125 0.0371456500489
0 0.29541015625 0.409090909091 0.0439453125 0.0459433040078
0 0.3681640625 0.377321603128 0.03515625 0.039100684262
0 0.4521484375 0.377321603128 0.03125 0.0430107526882
0 0.44677734375 0.414467253177 0.0400390625 0.0488758553275
0 0.498046875 0.412512218964 0.037109375 0.0469208211144
0 0.5029296875 0.379276637341 0.021484375 0.0254154447703
0 0.59912109375 0.384164222874 0.0341796875 0.0469208211144
0 0.580078125 0.448191593353 0.033203125 0.0400782013685
0 0.66064453125 0.374877810362 0.0244140625 0.0361681329423
0 0.7275390625 0.417399804497 0.037109375 0.0449657869013
0 0.759765625 0.389051808407 0.03125 0.0410557184751
0 0.8330078125 0.402248289345 0.037109375 0.0459433040078
0 0.9208984375 0.379765395894 0.033203125 0.0381231671554
0 0.962890625 0.393939393939 0.041015625 0.0488758553275
0 0.98291015625 0.434995112414 0.0341796875 0.0488758553275
0 0.2255859375 0.236070381232 0.03515625 0.0518084066471
