0 0.0947265625 0.412023460411 0.01953125 0.0263929618768
0 0.16552734375 0.424242424242 0.0205078125 0.0234604105572
0 0.30029296875 0.438905180841 0.0244140625 0.0293255131965
0 0.3076171875 0.421798631476 0.021484375 0.0263929618768
0 0.3486328125 0.425708699902 0.025390625 0.030303030303
0 0.46337890625 0.455034213099 0.0224609375 0.0263929618768
0 0.5419921875 0.446725317693 0.021484375 0.0254154447703
0 0.607421875 0.444281524927 0.021484375 0.0224828934506
0 0.71337890625 0.406158357771 0.0205078125 0.0244379276637
0 0.751953125 0.445747800587 0.025390625 0.0273704789834
0 0.87890625 0.482893450635 0.0234375 0.0254154447703
