0 0.9453125 0.540078201369 0.03125 0.0381231671554
0 0.79541015625 0.532258064516 0.0283203125 0.0381231671554
0 0.6796875 0.508308895406 0.02734375 0.0371456500489
0 0.61376953125 0.559139784946 0.0302734375 0.0351906158358
0 0.45947265625 0.516129032258 0.0205078125 0.0273704789834
0 0.30322265625 0.478005865103 0.0205078125 0.0293255131965
0 0.77978515625 0.483382209189 0.0205078125 0.0263929618768
0 0.58544921875 0.503421309873 0.0224609375 0.0293255131965
0 0.65185546875 0.504398826979 0.0205078125 0.0273704789834
0 0.97265625 0.474095796676 0.025390625 0.0332355816227
