0 0.0615234375 0.30615234375 0.01953125 0.0244140625
0 0.39892578125 0.30029296875 0.0224609375 0.0244140625
0 0.451171875 0.29541015625 0.021484375 0.0283203125
0 0.50830078125 0.27001953125 0.0224609375 0.0283203125
0 0.52734375 0.2998046875 0.0234375 0.02734375
0 0.46875 0.22265625 0.01953125 0.0234375
0 0.55810546875 0.27294921875 0.0322265625 0.0224609375
0 0.57861328125 0.27099609375 0.0224609375 0.0263671875
0 0.6044921875 0.29931640625 0.0234375 0.0341796875
0 0.6484375 0.263671875 0.021484375 0.033203125
0 0.66845703125 0.248046875 0.0224609375 0.037109375
0 0.6826171875 0.23828125 0.03515625 0.046875
0 0.7529296875 0.24951171875 0.03515625 0.0478515625
0 0.7880859375 0.26123046875 0.0234375 0.0224609375
0 0.8681640625 0.26708984375 0.03515625 0.0439453125
0 0.8876953125 0.2080078125 0.0234375 0.033203125
0 0.9091796875 0.21728515625 0.0234375 0.0380859375
0 0.888671875 0.25 0.03125 0.044921875
0 0.9833984375 0.4560546875 0.033203125 0.044921875
0 0.96728515625 0.5302734375 0.0439453125 0.064453125
0 0.880859375 0.53369140625 0.0546875 0.0712890625
0 0.89453125 0.453125 0.033203125 0.046875
0 0.8466796875 0.4658203125 0.0390625 0.044921875
0 0.78076171875 0.4853515625 0.0458984375 0.05859375
0 0.7744140625 0.4296875 0.03515625 0.04296875
0 0.58642578125 0.33984375 0.0263671875 0.037109375
0 0.60595703125 0.4140625 0.0283203125 0.03515625
0 0.619140625 0.4404296875 0.03125 0.044921875
0 0.6787109375 0.4794921875 0.041015625 0.05078125
0 0.6982421875 0.54541015625 0.046875 0.0595703125
0 0.5 0.4169921875 0.02734375 0.03125
0 0.52685546875 0.43505859375 0.0244140625 0.0283203125
0 0.53173828125 0.458984375 0.0283203125 0.05078125
0 0.55810546875 0.494140625 0.0517578125 0.0625
0 0.34130859375 0.44140625 0.0341796875 0.044921875
0 0.3681640625 0.41015625 0.021484375 0.02734375
0 0.39892578125 0.4287109375 0.0224609375 0.02734375
0 0.423828125 0.42626953125 0.029296875 0.0361328125
0 0.427734375 0.48583984375 0.044921875 0.0537109375
0 0.26171875 0.41015625 0.021484375 0.029296875
0 0.2646484375 0.43994140625 0.037109375 0.0458984375
0 0.2890625 0.4697265625 0.041015625 0.05078125
0 0.20068359375 0.39013671875 0.0224609375 0.0283203125
0 0.2109375 0.421875 0.025390625 0.03515625
0 0.18310546875 0.44775390625 0.0380859375 0.0439453125
0 0.1728515625 0.5146484375 0.046875 0.05859375
0 0.150390625 0.45263671875 0.025390625 0.0322265625
0 0.1376953125 0.419921875 0.02734375 0.02734375
0 0.1171875 0.4228515625 0.01953125 0.025390625
0 0.1279296875 0.3876953125 0.01953125 0.021484375
0 0.1298828125 0.47119140625 0.033203125 0.0400390625
0 0.0361328125 0.38525390625 0.01953125 0.0205078125
0 0.08984375 0.39892578125 0.01953125 0.0244140625
0 0.0478515625 0.431640625 0.029296875 0.037109375
0 0.02001953125 0.4228515625 0.0244140625 0.029296875
0 0.03369140625 0.45947265625 0.0361328125 0.0458984375
0 0.0185546875 0.4765625 0.037109375 0.046875
0 0.759765625 0.642578125 0.052734375 0.076171875
