0 0.8251953125 0.63525390625 0.0234375 0.0322265625
0 0.919921875 0.59130859375 0.01953125 0.0322265625
0 0.98876953125 0.50537109375 0.0224609375 0.0322265625
0 0.89697265625 0.5205078125 0.0244140625 0.029296875
0 0.7978515625 0.51708984375 0.021484375 0.0322265625
0 0.71875 0.5166015625 0.021484375 0.02734375
0 0.818359375 0.70703125 0.033203125 0.025390625
0 0.794921875 0.69873046875 0.01953125 0.0341796875
0 0.68115234375 0.7626953125 0.0322265625 0.048828125
0 0.57861328125 0.7958984375 0.0517578125 0.07421875
0 0.35302734375 0.77392578125 0.0556640625 0.0595703125
0 0.43017578125 0.76953125 0.0380859375 0.046875
0 0.5439453125 0.69970703125 0.033203125 0.0380859375
0 0.41845703125 0.6650390625 0.0244140625 0.029296875
0 0.46337890625 0.6416015625 0.0244140625 0.025390625
0 0.44677734375 0.6220703125 0.0244140625 0.025390625
0 0.490234375 0.6552734375 0.021484375 0.01953125
0 0.46826171875 0.67138671875 0.0205078125 0.0205078125
0 0.3759765625 0.6962890625 0.0234375 0.025390625
0 0.3583984375 0.70751953125 0.021484375 0.0302734375
0 0.318359375 0.6650390625 0.025390625 0.029296875
0 0.15869140625 0.68212890625 0.0205078125 0.0302734375
0 0.0693359375 0.65185546875 0.01953125 0.0283203125
0 0.18896484375 0.58056640625 0.0224609375 0.0263671875
0 0.2578125 0.5732421875 0.021484375 0.02734375
0 0.3046875 0.59521484375 0.01953125 0.0224609375
0 0.39599609375 0.6337890625 0.0244140625 0.03125
0 0.25732421875 0.65771484375 0.0244140625 0.0224609375
0 0.16845703125 0.66064453125 0.0244140625 0.0224609375
0 0.115234375 0.75244140625 0.033203125 0.0458984375
0 0.2265625 0.55029296875 0.021484375 0.0322265625
0 0.33154296875 0.6474609375 0.0244140625 0.033203125
0 0.35791015625 0.453125 0.0224609375 0.025390625
0 0.38623046875 0.44384765625 0.0224609375 0.0263671875
0 0.453125 0.41259765625 0.01953125 0.0224609375
0 0.486328125 0.42529296875 0.021484375 0.0244140625
0 0.4912109375 0.34326171875 0.021484375 0.0302734375
0 0.5595703125 0.31689453125 0.01953125 0.0263671875
0 0.4736328125 0.3310546875 0.01953125 0.0234375
0 0.4091796875 0.3544921875 0.021484375 0.02734375
0 0.38525390625 0.31640625 0.0205078125 0.029296875
0 0.3837890625 0.2666015625 0.021484375 0.025390625
0 0.2890625 0.29833984375 0.021484375 0.0263671875
0 0.20849609375 0.30224609375 0.0205078125 0.0224609375
0 0.31787109375 0.36767578125 0.0224609375 0.0263671875
0 0.30517578125 0.41796875 0.0205078125 0.02734375
0 0.19580078125 0.43798828125 0.0244140625 0.0244140625
0 0.123046875 0.431640625 0.01953125 0.029296875
0 0.10009765625 0.42578125 0.0205078125 0.025390625
0 0.22412109375 0.5126953125 0.0205078125 0.02734375
0 0.19482421875 0.49072265625 0.0205078125 0.0302734375
0 0.103515625 0.49951171875 0.021484375 0.0244140625
0 0.0126953125 0.45556640625 0.01953125 0.0224609375
0 0.0478515625 0.39453125 0.01953125 0.025390625
0 0.10009765625 0.34619140625 0.0205078125 0.0244140625
0 0.45361328125 0.3876953125 0.0205078125 0.021484375
0 0.26904296875 0.48681640625 0.0224609375 0.0283203125
0 0.0166015625 0.54541015625 0.021484375 0.0302734375
0 0.8896484375 0.384765625 0.0234375 0.029296875
0 0.90625 0.45703125 0.025390625 0.033203125
0 0.966796875 0.4287109375 0.025390625 0.03125
0 0.85009765625 0.4697265625 0.0224609375 0.02734375
0 0.7998046875 0.41015625 0.0234375 0.0234375
0 0.7724609375 0.392578125 0.01953125 0.02734375
0 0.70068359375 0.39599609375 0.0205078125 0.0283203125
0 0.64208984375 0.39453125 0.0205078125 0.0234375
0 0.6162109375 0.3857421875 0.01953125 0.02734375
0 0.572265625 0.3994140625 0.0234375 0.029296875
0 0.60498046875 0.32763671875 0.0224609375 0.0302734375
0 0.76708984375 0.32763671875 0.0224609375 0.0263671875
0 0.73486328125 0.3232421875 0.0224609375 0.01953125
