0 0.95263671875 0.536168132942 0.0751953125 0.0967741935484
0 0.91650390625 0.576246334311 0.0400390625 0.0733137829912
0 0.7939453125 0.557184750733 0.068359375 0.0684261974585
0 0.875 0.453567937439 0.0390625 0.0527859237537
0 0.76025390625 0.460410557185 0.0517578125 0.0625610948192
0 0.83349609375 0.42082111437 0.0205078125 0.0283479960899
0 0.92041015625 0.497556207234 0.0439453125 0.0723362658847
0 0.6552734375 0.497556207234 0.046875 0.0762463343109
0 0.6162109375 0.468230694037 0.048828125 0.0684261974585
0 0.55908203125 0.52981427175 0.0478515625 0.058651026393
0 0.5576171875 0.478983382209 0.04296875 0.0449657869013
0 0.49853515625 0.58211143695 0.0517578125 0.0635386119257
0 0.5283203125 0.478494623656 0.02734375 0.0478983382209
0 0.5009765625 0.473607038123 0.03125 0.0459433040078
0 0.4541015625 0.485337243402 0.046875 0.0615835777126
0 0.40771484375 0.530791788856 0.0361328125 0.0508308895406
0 0.35400390625 0.509775171065 0.0498046875 0.0654936461388
0 0.3359375 0.466764418377 0.03515625 0.049853372434
0 0.36865234375 0.433040078201 0.0283203125 0.0351906158358
0 0.2861328125 0.469208211144 0.04296875 0.0547409579668
0 0.216796875 0.50146627566 0.052734375 0.058651026393
0 0.173828125 0.483382209189 0.037109375 0.049853372434
0 0.0751953125 0.524926686217 0.05859375 0.0664711632454
0 0.12451171875 0.5 0.0361328125 0.0420332355816
0 0.20947265625 0.432062561095 0.0322265625 0.0351906158358
0 0.08935546875 0.407624633431 0.0322265625 0.0273704789834
0 0.04833984375 0.466764418377 0.0458984375 0.0576735092864
0 0.03466796875 0.604594330401 0.0673828125 0.0869990224829
0 0.9072265625 0.701368523949 0.048828125 0.0928641251222
