0 0.8603515625 0.609375 0.01953125 0.025390625
0 0.16015625 0.69482421875 0.01953125 0.0263671875
0 0.1865234375 0.69970703125 0.03515625 0.0634765625
0 0.12841796875 0.64990234375 0.0205078125 0.0302734375
0 0.27001953125 0.65380859375 0.0205078125 0.0263671875
0 0.388671875 0.66015625 0.01953125 0.025390625
0 0.3935546875 0.69921875 0.01953125 0.0234375
0 0.59375 0.7138671875 0.0234375 0.02734375
0 0.8759765625 0.6796875 0.01953125 0.029296875
0 0.2705078125 0.72216796875 0.021484375 0.0263671875
