0 0.0302734375 0.455034213099 0.060546875 0.104594330401
0 0.23095703125 0.384164222874 0.1201171875 0.144672531769
0 0.32861328125 0.370478983382 0.0361328125 0.0449657869013
0 0.38134765625 0.361681329423 0.0556640625 0.0684261974585
0 0.4658203125 0.375366568915 0.0390625 0.0273704789834
0 0.59814453125 0.411045943304 0.0439453125 0.0635386119257
0 0.67822265625 0.398826979472 0.0615234375 0.0840664711632
0 0.74853515625 0.434995112414 0.0361328125 0.0625610948192
0 0.85595703125 0.431573802542 0.0986328125 0.124144672532
0 0.6259765625 0.376832844575 0.046875 0.0576735092864
