0 0.13134765625 0.4599609375 0.0263671875 0.037109375
0 0.3203125 0.5 0.021484375 0.03515625
0 0.4169921875 0.49755859375 0.021484375 0.0322265625
0 0.49609375 0.4921875 0.0234375 0.03515625
0 0.34765625 0.45556640625 0.01953125 0.0322265625
0 0.048828125 0.46484375 0.0234375 0.0390625
0 0.22900390625 0.4833984375 0.0224609375 0.037109375
0 0.4384765625 0.48681640625 0.01953125 0.0322265625
0 0.51171875 0.4677734375 0.01953125 0.03125
0 0.53369140625 0.4775390625 0.0224609375 0.033203125
0 0.56787109375 0.49462890625 0.0224609375 0.0361328125
0 0.67333984375 0.49560546875 0.0224609375 0.0322265625
0 0.75 0.4990234375 0.021484375 0.03515625
0 0.82421875 0.505859375 0.0234375 0.0390625
0 0.896484375 0.50439453125 0.0234375 0.0302734375
0 0.96875 0.49755859375 0.01953125 0.0322265625
0 0.68701171875 0.4453125 0.0224609375 0.033203125
