0 0.1044921875 0.4248046875 0.037109375 0.044921875
0 0.12548828125 0.416015625 0.0302734375 0.04296875
0 0.10595703125 0.38330078125 0.0341796875 0.0341796875
0 0.10986328125 0.31005859375 0.0283203125 0.0341796875
0 0.20361328125 0.3681640625 0.0302734375 0.0390625
0 0.2431640625 0.28271484375 0.021484375 0.0302734375
0 0.30029296875 0.30224609375 0.0322265625 0.0458984375
0 0.26806640625 0.43359375 0.0400390625 0.046875
0 0.18994140625 0.4921875 0.0576171875 0.04296875
0 0.140625 0.482421875 0.044921875 0.052734375
0 0.34619140625 0.478515625 0.0400390625 0.0546875
0 0.05126953125 0.51025390625 0.0458984375 0.0537109375
0 0.029296875 0.56201171875 0.03515625 0.0556640625
0 0.1318359375 0.58154296875 0.03125 0.0537109375
0 0.35986328125 0.5419921875 0.0595703125 0.056640625
0 0.4697265625 0.7333984375 0.05078125 0.12890625
0 0.4404296875 0.73779296875 0.044921875 0.1083984375
0 0.84228515625 0.77880859375 0.0498046875 0.1083984375
0 0.44580078125 0.6171875 0.0458984375 0.056640625
0 0.84521484375 0.58984375 0.0322265625 0.05078125
0 0.732421875 0.55517578125 0.046875 0.0556640625
0 0.7392578125 0.51025390625 0.044921875 0.0615234375
0 0.7255859375 0.4970703125 0.044921875 0.0546875
0 0.64892578125 0.54345703125 0.0458984375 0.0634765625
0 0.82470703125 0.5400390625 0.0439453125 0.04296875
0 0.8212890625 0.49755859375 0.044921875 0.0595703125
0 0.93212890625 0.4921875 0.0400390625 0.052734375
0 0.87109375 0.490234375 0.033203125 0.0546875
0 0.68310546875 0.46826171875 0.0380859375 0.0498046875
0 0.64892578125 0.4609375 0.0380859375 0.05859375
0 0.6103515625 0.4521484375 0.041015625 0.05859375
0 0.873046875 0.302734375 0.02734375 0.0390625
0 0.8837890625 0.27587890625 0.029296875 0.0380859375
0 0.9091796875 0.32666015625 0.03125 0.0341796875
0 0.9833984375 0.36083984375 0.03125 0.0498046875
0 0.96337890625 0.31201171875 0.0224609375 0.0322265625
0 0.93994140625 0.3271484375 0.0244140625 0.025390625
0 0.90673828125 0.40625 0.0322265625 0.041015625
0 0.80712890625 0.37353515625 0.0380859375 0.0478515625
0 0.732421875 0.4072265625 0.0390625 0.041015625
0 0.7490234375 0.330078125 0.025390625 0.037109375
0 0.73291015625 0.35595703125 0.0322265625 0.0439453125
0 0.70361328125 0.3173828125 0.0322265625 0.041015625
0 0.85888671875 0.4638671875 0.0439453125 0.05078125
0 0.74951171875 0.47314453125 0.0478515625 0.0517578125
0 0.4521484375 0.3154296875 0.03125 0.0390625
0 0.49169921875 0.3623046875 0.0361328125 0.0390625
0 0.52392578125 0.341796875 0.0302734375 0.0390625
0 0.5732421875 0.32080078125 0.02734375 0.0361328125
0 0.6201171875 0.333984375 0.03125 0.03515625
0 0.43017578125 0.55859375 0.0458984375 0.052734375
0 0.44384765625 0.5458984375 0.0400390625 0.05078125
0 0.5068359375 0.51806640625 0.048828125 0.0556640625
0 0.48095703125 0.455078125 0.0439453125 0.05078125
0 0.49267578125 0.42822265625 0.0302734375 0.0400390625
