0 0.08203125 0.71337890625 0.11328125 0.1025390625
0 0.3212890625 0.65478515625 0.111328125 0.1083984375
0 0.57470703125 0.59326171875 0.1240234375 0.1376953125
0 0.3271484375 0.57275390625 0.041015625 0.0556640625
0 0.2021484375 0.27734375 0.04296875 0.052734375
0 0.2109375 0.5439453125 0.01953125 0.03515625
0 0.60400390625 0.44384765625 0.0263671875 0.0244140625
0 0.6123046875 0.482421875 0.029296875 0.03515625
0 0.66162109375 0.490234375 0.0419921875 0.044921875
0 0.6455078125 0.53662109375 0.05078125 0.0693359375
0 0.73779296875 0.64794921875 0.0361328125 0.0712890625
0 0.9677734375 0.416015625 0.064453125 0.087890625
0 0.763671875 0.4501953125 0.0390625 0.05078125
0 0.77197265625 0.41357421875 0.0439453125 0.0302734375
