0 0.09375 0.4443359375 0.033203125 0.037109375
0 0.18408203125 0.41943359375 0.0361328125 0.0380859375
0 0.28466796875 0.4453125 0.0361328125 0.056640625
0 0.029296875 0.46826171875 0.025390625 0.0419921875
0 0.38232421875 0.4296875 0.0302734375 0.037109375
0 0.40869140625 0.4375 0.0205078125 0.041015625
0 0.51513671875 0.41259765625 0.0322265625 0.0419921875
0 0.556640625 0.45654296875 0.021484375 0.0244140625
0 0.6298828125 0.43408203125 0.03125 0.0341796875
0 0.6826171875 0.44091796875 0.02734375 0.0400390625
0 0.7314453125 0.45556640625 0.02734375 0.0361328125
0 0.75048828125 0.4814453125 0.0224609375 0.03515625
0 0.80078125 0.455078125 0.025390625 0.03515625
0 0.86669921875 0.4755859375 0.0302734375 0.033203125
0 0.90087890625 0.4560546875 0.0263671875 0.037109375
0 0.990234375 0.46337890625 0.01953125 0.0419921875
0 0.76171875 0.4638671875 0.021484375 0.021484375
0 0.06494140625 0.43701171875 0.0244140625 0.0322265625
