0 0.1494140625 0.48583984375 0.01953125 0.0224609375
0 0.4365234375 0.49267578125 0.01953125 0.0224609375
0 0.521484375 0.529296875 0.021484375 0.029296875
0 0.51806640625 0.482421875 0.0205078125 0.0234375
0 0.5703125 0.57666015625 0.0234375 0.0302734375
0 0.55908203125 0.53125 0.0205078125 0.0234375
0 0.5908203125 0.5322265625 0.01953125 0.0234375
0 0.6162109375 0.54345703125 0.0234375 0.0302734375
0 0.64013671875 0.4892578125 0.0224609375 0.021484375
0 0.6435546875 0.51611328125 0.0234375 0.0263671875
0 0.67333984375 0.5341796875 0.0205078125 0.0234375
0 0.69677734375 0.556640625 0.0263671875 0.02734375
0 0.7197265625 0.53564453125 0.01953125 0.0244140625
0 0.75390625 0.5498046875 0.025390625 0.025390625
0 0.76318359375 0.59521484375 0.0244140625 0.0244140625
0 0.79150390625 0.54931640625 0.0224609375 0.0283203125
0 0.7880859375 0.51806640625 0.0234375 0.0244140625
0 0.837890625 0.54443359375 0.0234375 0.0283203125
0 0.859375 0.58837890625 0.025390625 0.0283203125
0 0.90283203125 0.541015625 0.0283203125 0.03125
0 0.93994140625 0.60986328125 0.0302734375 0.0302734375
0 0.9736328125 0.5703125 0.01953125 0.0234375
0 0.59619140625 0.51513671875 0.0205078125 0.0283203125
