0 0.61865234375 0.599706744868 0.0361328125 0.0478983382209
0 0.84423828125 0.562072336266 0.0205078125 0.0254154447703
0 0.66796875 0.58211143695 0.029296875 0.0342130987292
0 0.7158203125 0.66862170088 0.041015625 0.0547409579668
0 0.83544921875 0.716031280547 0.0498046875 0.0713587487781
0 0.39501953125 0.603128054741 0.0263671875 0.039100684262
0 0.53271484375 0.582600195503 0.0205078125 0.0273704789834
0 0.51171875 0.604105571848 0.01953125 0.0312805474096
0 0.28125 0.594819159335 0.029296875 0.0439882697947
0 0.12548828125 0.58064516129 0.0205078125 0.0273704789834
0 0.16748046875 0.622189638319 0.0263671875 0.0342130987292
0 0.05810546875 0.701368523949 0.0205078125 0.0459433040078
0 0.43212890625 0.543499511241 0.0205078125 0.0234604105572
0 0.150390625 0.821114369501 0.029296875 0.0410557184751
