0 0.06591796875 0.28857421875 0.0283203125 0.0302734375
0 0.15283203125 0.27099609375 0.0244140625 0.0244140625
0 0.2255859375 0.2666015625 0.0234375 0.0234375
0 0.318359375 0.2626953125 0.0234375 0.03125
0 0.42333984375 0.25048828125 0.0283203125 0.0302734375
0 0.5966796875 0.2783203125 0.021484375 0.02734375
0 0.74951171875 0.25341796875 0.0244140625 0.0302734375
0 0.833984375 0.24609375 0.025390625 0.033203125
0 0.9033203125 0.271484375 0.0234375 0.029296875
0 0.6953125 0.1884765625 0.021484375 0.021484375
0 0.78564453125 0.18408203125 0.0244140625 0.0224609375
0 0.9365234375 0.18017578125 0.021484375 0.0205078125
