0 0.77978515625 0.376832844575 0.0244140625 0.0342130987292
0 0.8330078125 0.438416422287 0.048828125 0.0478983382209
0 0.88427734375 0.415444770283 0.0283203125 0.0332355816227
0 0.94482421875 0.477028347996 0.0615234375 0.0703812316716
0 0.962890625 0.390518084066 0.044921875 0.0381231671554
0 0.85546875 0.385630498534 0.025390625 0.0283479960899
0 0.43798828125 0.473607038123 0.0556640625 0.0791788856305
0 0.384765625 0.468230694037 0.03125 0.0332355816227
0 0.265625 0.407624633431 0.029296875 0.0254154447703
0 0.29052734375 0.35972629521 0.0224609375 0.0254154447703
0 0.5849609375 0.354349951124 0.01953125 0.0263929618768
0 0.13623046875 0.381720430108 0.0283203125 0.0322580645161
0 0.02099609375 0.390518084066 0.0419921875 0.0381231671554
0 0.13330078125 0.332355816227 0.0224609375 0.0254154447703
0 0.1796875 0.378787878788 0.033203125 0.0322580645161
0 0.1904296875 0.481915933529 0.072265625 0.0782013685239
0 0.36474609375 0.390518084066 0.0244140625 0.0263929618768
0 0.55029296875 0.385630498534 0.0439453125 0.0576735092864
