0 0.033203125 0.4560546875 0.01953125 0.025390625
0 0.21337890625 0.5478515625 0.0205078125 0.0390625
0 0.27978515625 0.4775390625 0.0224609375 0.033203125
0 0.21337890625 0.4794921875 0.0224609375 0.029296875
0 0.37548828125 0.4921875 0.0205078125 0.03125
0 0.302734375 0.44384765625 0.01953125 0.0244140625
0 0.49853515625 0.5400390625 0.0498046875 0.06640625
0 0.6728515625 0.509765625 0.03125 0.041015625
0 0.6318359375 0.513671875 0.02734375 0.037109375
0 0.794921875 0.47705078125 0.021484375 0.0263671875
0 0.7998046875 0.50927734375 0.021484375 0.0322265625
0 0.82568359375 0.517578125 0.0302734375 0.029296875
0 0.85791015625 0.501953125 0.0244140625 0.03125
0 0.25244140625 0.515625 0.0205078125 0.029296875
