0 0.80322265625 0.81640625 0.0224609375 0.03125
0 0.76123046875 0.810546875 0.0263671875 0.033203125
0 0.90869140625 0.72412109375 0.0205078125 0.0224609375
0 0.8955078125 0.73046875 0.021484375 0.021484375
0 0.01953125 0.8212890625 0.0234375 0.025390625
0 0.0791015625 0.802734375 0.0234375 0.029296875
0 0.22314453125 0.80615234375 0.0244140625 0.0263671875
0 0.26416015625 0.79248046875 0.0205078125 0.0322265625
0 0.30126953125 0.822265625 0.0263671875 0.029296875
0 0.306640625 0.7919921875 0.01953125 0.01953125
0 0.3798828125 0.78466796875 0.01953125 0.0263671875
0 0.38330078125 0.8037109375 0.0205078125 0.021484375
0 0.4228515625 0.78955078125 0.0234375 0.0263671875
0 0.42529296875 0.83056640625 0.0283203125 0.0205078125
0 0.47314453125 0.822265625 0.0263671875 0.02734375
0 0.5439453125 0.8203125 0.025390625 0.029296875
0 0.5029296875 0.8115234375 0.01953125 0.02734375
