0 0.9521484375 0.581622678397 0.095703125 0.275659824047
0 0.9296875 0.47165200391 0.123046875 0.120234604106
0 0.80517578125 0.461876832845 0.0361328125 0.0439882697947
0 0.75927734375 0.480449657869 0.0478515625 0.0596285434995
0 0.6728515625 0.53128054741 0.0703125 0.088954056696
0 0.6025390625 0.452590420332 0.037109375 0.0469208211144
0 0.5302734375 0.551808406647 0.14453125 0.216031280547
0 0.35302734375 0.47018572825 0.0419921875 0.0645161290323
0 0.1396484375 0.554740957967 0.0859375 0.116324535679
0 0.05322265625 0.504887585533 0.0771484375 0.0909090909091
0 0.11376953125 0.459433040078 0.0458984375 0.0469208211144
