0 0.87109375 0.563538611926 0.0390625 0.0518084066471
0 0.75732421875 0.553274682307 0.0419921875 0.0527859237537
0 0.9580078125 0.548387096774 0.052734375 0.0469208211144
0 0.955078125 0.405669599218 0.037109375 0.0449657869013
0 0.87109375 0.382209188661 0.03125 0.0371456500489
0 0.91943359375 0.318670576735 0.0283203125 0.039100684262
0 0.86767578125 0.322091886608 0.0205078125 0.0342130987292
0 0.74755859375 0.302052785924 0.0224609375 0.0332355816227
0 0.46533203125 0.33137829912 0.0224609375 0.0234604105572
0 0.466796875 0.375366568915 0.01953125 0.0273704789834
0 0.44189453125 0.377810361681 0.0263671875 0.0322580645161
0 0.30078125 0.367057673509 0.0234375 0.0322580645161
0 0.384765625 0.375366568915 0.01953125 0.019550342131
0 0.5283203125 0.367546432063 0.01953125 0.0234604105572
0 0.345703125 0.390518084066 0.01953125 0.0283479960899
0 0.2900390625 0.438416422287 0.02734375 0.0361681329423
0 0.26953125 0.52394916911 0.03125 0.0371456500489
0 0.1591796875 0.475073313783 0.03125 0.0351906158358
0 0.1845703125 0.478983382209 0.01953125 0.0312805474096
0 0.19482421875 0.449657869013 0.0244140625 0.0332355816227
0 0.2275390625 0.452101661779 0.0234375 0.030303030303
0 0.26513671875 0.461388074291 0.0283203125 0.0371456500489
0 0.0791015625 0.504887585533 0.02734375 0.030303030303
0 0.0791015625 0.4477028348 0.025390625 0.0293255131965
0 0.11181640625 0.460899315738 0.0263671875 0.0224828934506
0 0.03271484375 0.460899315738 0.0205078125 0.0224828934506
0 0.251953125 0.401759530792 0.021484375 0.0254154447703
0 0.12841796875 0.722873900293 0.2373046875 0.157380254154
0 0.9814453125 0.300097751711 0.03125 0.0410557184751
0 0.84130859375 0.314760508309 0.0205078125 0.0332355816227
