0 0.97509765625 0.40966796875 0.0302734375 0.0361328125
0 0.86181640625 0.3193359375 0.0400390625 0.044921875
0 0.841796875 0.3134765625 0.01953125 0.03125
0 0.77392578125 0.31884765625 0.0341796875 0.0341796875
0 0.72900390625 0.34423828125 0.0322265625 0.0361328125
0 0.66552734375 0.31494140625 0.0283203125 0.0283203125
0 0.63232421875 0.330078125 0.0244140625 0.025390625
0 0.607421875 0.33740234375 0.01953125 0.0205078125
0 0.5771484375 0.38427734375 0.03125 0.0439453125
0 0.5634765625 0.32958984375 0.021484375 0.0263671875
0 0.52783203125 0.32568359375 0.0205078125 0.0244140625
0 0.50341796875 0.3173828125 0.0224609375 0.0234375
0 0.4521484375 0.318359375 0.033203125 0.0390625
0 0.333984375 0.39111328125 0.04296875 0.0439453125
0 0.25048828125 0.3330078125 0.0283203125 0.0390625
0 0.27197265625 0.31982421875 0.0205078125 0.0205078125
0 0.17626953125 0.28515625 0.0205078125 0.021484375
0 0.18994140625 0.35107421875 0.0205078125 0.0263671875
0 0.17724609375 0.322265625 0.0205078125 0.0234375
0 0.1396484375 0.33056640625 0.025390625 0.0263671875
0 0.11572265625 0.3369140625 0.0224609375 0.02734375
0 0.1142578125 0.26611328125 0.021484375 0.0244140625
0 0.71337890625 0.33935546875 0.0263671875 0.0302734375
