0 0.85498046875 0.644672531769 0.0439453125 0.0557184750733
0 0.96875 0.596774193548 0.04296875 0.0381231671554
0 0.98193359375 0.514173998045 0.0361328125 0.0449657869013
0 0.8603515625 0.502443792766 0.01953125 0.0234604105572
0 0.7685546875 0.578690127077 0.03125 0.0312805474096
0 0.751953125 0.535679374389 0.0234375 0.0293255131965
0 0.7763671875 0.483870967742 0.01953125 0.0254154447703
0 0.3232421875 0.547409579668 0.021484375 0.0234604105572
0 0.2890625 0.570381231672 0.02734375 0.0322580645161
0 0.083984375 0.707233626588 0.068359375 0.0654936461388
0 0.041015625 0.64027370479 0.037109375 0.039100684262
0 0.03515625 0.55376344086 0.02734375 0.030303030303
0 0.14208984375 0.571358748778 0.0263671875 0.0263929618768
0 0.19140625 0.574780058651 0.02734375 0.0293255131965
0 0.11962890625 0.547409579668 0.0205078125 0.0234604105572
0 0.498046875 0.380254154448 0.068359375 0.0840664711632
