0 0.013671875 0.6962890625 0.02734375 0.060546875
0 0.01220703125 0.6435546875 0.0244140625 0.05859375
0 0.10498046875 0.6953125 0.0322265625 0.0546875
0 0.14208984375 0.6533203125 0.0341796875 0.052734375
0 0.3603515625 0.57861328125 0.03125 0.0615234375
0 0.587890625 0.60107421875 0.0390625 0.0517578125
0 0.7099609375 0.6015625 0.048828125 0.0625
0 0.7099609375 0.537109375 0.064453125 0.0703125
0 0.79541015625 0.619140625 0.0556640625 0.05859375
0 0.884765625 0.53662109375 0.060546875 0.0673828125
0 0.97900390625 0.55029296875 0.0400390625 0.0634765625
0 0.9443359375 0.76416015625 0.0625 0.0419921875
