0 0.1982421875 0.180351906158 0.029296875 0.030303030303
0 0.1162109375 0.448680351906 0.0625 0.0821114369501
0 0.20703125 0.47165200391 0.02734375 0.0674486803519
0 0.2509765625 0.385630498534 0.02734375 0.0713587487781
0 0.34521484375 0.343108504399 0.0341796875 0.0664711632454
0 0.40625 0.330400782014 0.048828125 0.0703812316716
0 0.48681640625 0.335288367546 0.0439453125 0.058651026393
0 0.60888671875 0.313782991202 0.0244140625 0.0488758553275
0 0.6982421875 0.323558162268 0.03515625 0.0527859237537
0 0.7470703125 0.310361681329 0.033203125 0.0439882697947
0 0.7578125 0.238025415445 0.021484375 0.049853372434
0 0.9345703125 0.228739002933 0.025390625 0.0410557184751
0 0.63134765625 0.600684261975 0.0537109375 0.0733137829912
0 0.98046875 0.445259042033 0.0390625 0.0635386119257
0 0.94580078125 0.615347018573 0.0576171875 0.0850439882698
0 0.56787109375 0.322580645161 0.0244140625 0.0469208211144
