0 0.2177734375 0.445747800587 0.048828125 0.0645161290323
0 0.091796875 0.475073313783 0.044921875 0.0566959921799
0 0.03759765625 0.403225806452 0.0400390625 0.0439882697947
0 0.14306640625 0.437438905181 0.0283203125 0.0361681329423
0 0.11328125 0.429618768328 0.021484375 0.0342130987292
0 0.2705078125 0.426197458456 0.025390625 0.039100684262
0 0.34716796875 0.451124144673 0.0361328125 0.0537634408602
0 0.15869140625 0.481427174976 0.0322265625 0.0439882697947
0 0.4560546875 0.489247311828 0.0546875 0.0733137829912
0 0.544921875 0.536168132942 0.037109375 0.0576735092864
0 0.580078125 0.487781036168 0.029296875 0.0430107526882
0 0.62158203125 0.513685239492 0.0302734375 0.0381231671554
0 0.650390625 0.537145650049 0.029296875 0.0459433040078
0 0.69580078125 0.46871945259 0.1181640625 0.151515151515
0 0.939453125 0.550830889541 0.09375 0.108504398827
0 0.87255859375 0.508308895406 0.0595703125 0.0566959921799
0 0.82177734375 0.493157380254 0.0302734375 0.0322580645161
0 0.794921875 0.510263929619 0.01953125 0.019550342131
0 0.83154296875 0.538611925709 0.0341796875 0.039100684262
0 0.78857421875 0.545943304008 0.0419921875 0.0537634408602
