0 0.0712890625 0.3896484375 0.03125 0.041015625
0 0.09423828125 0.42529296875 0.0322265625 0.0380859375
0 0.1767578125 0.431640625 0.02734375 0.037109375
0 0.240234375 0.43505859375 0.01953125 0.0283203125
0 0.28369140625 0.4482421875 0.0302734375 0.03515625
0 0.37451171875 0.431640625 0.0322265625 0.037109375
0 0.48095703125 0.4111328125 0.0322265625 0.03515625
0 0.53369140625 0.4208984375 0.0224609375 0.033203125
0 0.56201171875 0.42236328125 0.0302734375 0.0400390625
0 0.6513671875 0.4189453125 0.033203125 0.044921875
0 0.7470703125 0.39892578125 0.03515625 0.0400390625
0 0.84814453125 0.408203125 0.0361328125 0.04296875
0 0.8955078125 0.40673828125 0.025390625 0.0341796875
0 0.92529296875 0.39990234375 0.0380859375 0.0439453125
0 0.966796875 0.42041015625 0.0234375 0.0322265625
0 0.5419921875 0.5947265625 0.0859375 0.126953125
