0 0.2744140625 0.35107421875 0.05078125 0.0634765625
0 0.2490234375 0.29931640625 0.03515625 0.0576171875
0 0.39453125 0.35693359375 0.021484375 0.0322265625
0 0.4716796875 0.3720703125 0.0390625 0.05078125
0 0.55859375 0.33056640625 0.0546875 0.0771484375
0 0.70068359375 0.39453125 0.0400390625 0.048828125
0 0.53759765625 0.37841796875 0.0302734375 0.0380859375
0 0.91943359375 0.43798828125 0.0400390625 0.0380859375
0 0.92333984375 0.3876953125 0.0244140625 0.03125
0 0.7470703125 0.416015625 0.025390625 0.0234375
0 0.75146484375 0.3896484375 0.0224609375 0.0234375
