0 0.9755859375 0.66748046875 0.03515625 0.0380859375
0 0.9052734375 0.65234375 0.048828125 0.05859375
0 0.94189453125 0.607421875 0.0302734375 0.037109375
0 0.982421875 0.56591796875 0.02734375 0.0263671875
0 0.83056640625 0.64501953125 0.0322265625 0.0380859375
0 0.66015625 0.57373046875 0.021484375 0.0263671875
0 0.642578125 0.61279296875 0.021484375 0.0302734375
0 0.6455078125 0.6513671875 0.021484375 0.041015625
0 0.6171875 0.658203125 0.03125 0.04296875
0 0.509765625 0.4130859375 0.048828125 0.064453125
0 0.7568359375 0.37451171875 0.05078125 0.0712890625
0 0.31005859375 0.64453125 0.0341796875 0.044921875
0 0.3740234375 0.625 0.03125 0.044921875
0 0.2060546875 0.61181640625 0.033203125 0.0400390625
0 0.25 0.6357421875 0.0390625 0.044921875
0 0.2177734375 0.72412109375 0.052734375 0.0673828125
0 0.10107421875 0.3984375 0.0283203125 0.0390625
0 0.18359375 0.37744140625 0.033203125 0.0419921875
0 0.14990234375 0.3896484375 0.0263671875 0.033203125
0 0.02685546875 0.4208984375 0.0380859375 0.04296875
