0 0.9609375 0.424242424242 0.03515625 0.0449657869013
0 0.8486328125 0.425708699902 0.046875 0.0537634408602
0 0.69921875 0.278592375367 0.064453125 0.0684261974585
0 0.6884765625 0.395894428152 0.0625 0.0782013685239
0 0.74951171875 0.415444770283 0.0400390625 0.0488758553275
0 0.63671875 0.548875855327 0.115234375 0.143695014663
0 0.4453125 0.533235581623 0.17578125 0.214076246334
0 0.599609375 0.399315738025 0.04296875 0.049853372434
0 0.42236328125 0.376832844575 0.0361328125 0.0420332355816
0 0.337890625 0.422776148583 0.0546875 0.0596285434995
0 0.2783203125 0.390518084066 0.033203125 0.0381231671554
0 0.53564453125 0.450635386119 0.0322265625 0.039100684262
0 0.009765625 0.378299120235 0.01953125 0.0625610948192
