0 0.02880859375 0.45849609375 0.0322265625 0.0400390625
0 0.06494140625 0.43701171875 0.0439453125 0.0419921875
0 0.12353515625 0.482421875 0.0458984375 0.041015625
0 0.197265625 0.42138671875 0.029296875 0.0400390625
0 0.23193359375 0.41650390625 0.0341796875 0.0419921875
0 0.2353515625 0.4775390625 0.041015625 0.0625
0 0.1162109375 0.40283203125 0.021484375 0.0380859375
0 0.1572265625 0.42138671875 0.021484375 0.0244140625
0 0.3662109375 0.4814453125 0.07421875 0.083984375
0 0.31884765625 0.40869140625 0.0302734375 0.0341796875
0 0.44970703125 0.40185546875 0.0263671875 0.0458984375
0 0.57421875 0.4970703125 0.076171875 0.103515625
0 0.51171875 0.41845703125 0.0390625 0.0712890625
0 0.6474609375 0.43017578125 0.05078125 0.0498046875
0 0.71044921875 0.43310546875 0.0322265625 0.0439453125
0 0.7431640625 0.45166015625 0.03515625 0.0478515625
0 0.77685546875 0.4423828125 0.0576171875 0.060546875
0 0.70166015625 0.38623046875 0.0224609375 0.0283203125
0 0.986328125 0.46240234375 0.025390625 0.0517578125
0 0.91015625 0.44873046875 0.0546875 0.0576171875
0 0.8251953125 0.412109375 0.03515625 0.044921875
