0 0.21923828125 0.3232421875 0.0283203125 0.033203125
0 0.32080078125 0.32470703125 0.0322265625 0.0380859375
0 0.49609375 0.33447265625 0.02734375 0.0322265625
0 0.5625 0.3564453125 0.021484375 0.029296875
0 0.93115234375 0.345703125 0.0263671875 0.029296875
0 0.8232421875 0.31884765625 0.0234375 0.0400390625
0 0.61376953125 0.34228515625 0.0205078125 0.0419921875
0 0.7138671875 0.33251953125 0.0234375 0.0341796875
0 0.5673828125 0.3291015625 0.021484375 0.0234375
0 0.10302734375 0.2861328125 0.0263671875 0.05078125
0 0.76025390625 0.33642578125 0.0244140625 0.0361328125
0 0.662109375 0.3427734375 0.01953125 0.025390625
0 0.68017578125 0.3525390625 0.0263671875 0.02734375
0 0.10791015625 0.32958984375 0.0205078125 0.0244140625
