0 0.93798828125 0.40234375 0.0361328125 0.0390625
0 0.84814453125 0.4677734375 0.0439453125 0.046875
0 0.8154296875 0.66015625 0.06640625 0.1796875
0 0.81591796875 0.396484375 0.0244140625 0.029296875
0 0.74853515625 0.4619140625 0.0263671875 0.037109375
0 0.66650390625 0.4169921875 0.0322265625 0.04296875
0 0.6982421875 0.50146484375 0.037109375 0.0478515625
0 0.59228515625 0.48193359375 0.0341796875 0.0419921875
0 0.5 0.5390625 0.072265625 0.078125
0 0.28857421875 0.51416015625 0.0400390625 0.0458984375
0 0.14013671875 0.4892578125 0.0458984375 0.052734375
0 0.22509765625 0.681640625 0.0576171875 0.212890625
0 0.052734375 0.54736328125 0.05078125 0.0556640625
