0 0.986328125 0.328125 0.02734375 0.03515625
0 0.92822265625 0.34814453125 0.0263671875 0.0322265625
0 0.89599609375 0.33203125 0.0244140625 0.021484375
0 0.90185546875 0.3544921875 0.0205078125 0.02734375
0 0.8515625 0.359375 0.0234375 0.029296875
0 0.8251953125 0.3583984375 0.029296875 0.033203125
0 0.8876953125 0.44287109375 0.0234375 0.0302734375
0 0.7333984375 0.4072265625 0.029296875 0.03515625
0 0.73828125 0.36474609375 0.025390625 0.0302734375
0 0.68701171875 0.388671875 0.0244140625 0.02734375
0 0.63818359375 0.38720703125 0.0224609375 0.0244140625
0 0.595703125 0.41162109375 0.02734375 0.0322265625
0 0.5830078125 0.37646484375 0.021484375 0.0224609375
0 0.5634765625 0.388671875 0.021484375 0.0234375
0 0.6650390625 0.37109375 0.01953125 0.0234375
0 0.51416015625 0.3916015625 0.0205078125 0.0234375
0 0.53466796875 0.41162109375 0.0224609375 0.0263671875
0 0.5517578125 0.4501953125 0.02734375 0.03125
0 0.447265625 0.4580078125 0.037109375 0.0546875
0 0.43115234375 0.408203125 0.0224609375 0.02734375
0 0.39599609375 0.44580078125 0.0224609375 0.0302734375
0 0.4208984375 0.48486328125 0.025390625 0.0419921875
0 0.3603515625 0.4287109375 0.021484375 0.0234375
0 0.30810546875 0.43798828125 0.0224609375 0.0244140625
0 0.32568359375 0.46337890625 0.0244140625 0.0302734375
0 0.2705078125 0.455078125 0.02734375 0.03125
0 0.287109375 0.4990234375 0.041015625 0.048828125
0 0.2626953125 0.50244140625 0.021484375 0.0283203125
0 0.232421875 0.4853515625 0.033203125 0.0390625
0 0.21728515625 0.4609375 0.0224609375 0.021484375
0 0.15478515625 0.49267578125 0.0341796875 0.0478515625
0 0.08544921875 0.47509765625 0.0205078125 0.0224609375
0 0.09912109375 0.525390625 0.0224609375 0.029296875
