0 0.9873046875 0.748289345064 0.01953125 0.0263929618768
0 0.916015625 0.710166177908 0.021484375 0.0244379276637
0 0.86767578125 0.707233626588 0.0205078125 0.0244379276637
0 0.75830078125 0.708211143695 0.0205078125 0.0244379276637
0 0.56640625 0.718475073314 0.01953125 0.0215053763441
0 0.513671875 0.633919843597 0.01953125 0.0205278592375
0 0.36669921875 0.75219941349 0.0205078125 0.0244379276637
0 0.4130859375 0.69257086999 0.01953125 0.0224828934506
0 0.2978515625 0.820136852395 0.021484375 0.0215053763441
0 0.23193359375 0.817693059629 0.0205078125 0.0263929618768
0 0.12255859375 0.681329423265 0.0224609375 0.0215053763441
0 0.16796875 0.810850439883 0.021484375 0.0224828934506
0 0.0224609375 0.738025415445 0.01953125 0.0234604105572
