0 0.815823605707 0.851911860013 0.0168612191958 0.0187945560596
0 0.783722438392 0.822423849644 0.0201037613489 0.0233311730395
0 0.741893644617 0.811082307194 0.0181582360571 0.0174983797797
0 0.758430609598 0.829552819183 0.0162127107652 0.0181464679196
0 0.593060959792 0.779001944264 0.0175097276265 0.0194426441996
0 0.659857328145 0.789371354504 0.0162127107652 0.0181464679196
0 0.536640726329 0.757290991575 0.0162127107652 0.0174983797797
0 0.488651102464 0.751782242385 0.0162127107652 0.0207388204796
0 0.42055771725 0.740440699935 0.0162127107652 0.0187945560596
0 0.294747081712 0.722618276086 0.0188067444877 0.0246273493195
0 0.232490272374 0.712248865846 0.0188067444877 0.0233311730395
