0 0.2958984375 0.56201171875 0.044921875 0.0478515625
0 0.1533203125 0.599609375 0.0390625 0.05859375
0 0.1650390625 0.4990234375 0.01953125 0.025390625
0 0.06005859375 0.52001953125 0.0341796875 0.0439453125
0 0.8525390625 0.58251953125 0.0390625 0.0478515625
0 0.94482421875 0.5908203125 0.0361328125 0.056640625
0 0.90673828125 0.4970703125 0.0224609375 0.021484375
0 0.7412109375 0.54345703125 0.02734375 0.0302734375
0 0.693359375 0.56640625 0.044921875 0.05078125
0 0.5654296875 0.58203125 0.0390625 0.044921875
0 0.4873046875 0.54443359375 0.029296875 0.0322265625
0 0.42724609375 0.5888671875 0.0400390625 0.056640625
0 0.37060546875 0.5419921875 0.0263671875 0.037109375
0 0.26220703125 0.5283203125 0.0283203125 0.03515625
0 0.90478515625 0.5458984375 0.0205078125 0.03125
