0 0.3134765625 0.6162109375 0.08203125 0.125
0 0.85693359375 0.33935546875 0.0224609375 0.1201171875
0 0.85498046875 0.36376953125 0.0556640625 0.1220703125
0 0.75927734375 0.400390625 0.0791015625 0.107421875
0 0.63720703125 0.41748046875 0.0869140625 0.1201171875
0 0.61767578125 0.31005859375 0.0732421875 0.1064453125
0 0.5263671875 0.333984375 0.083984375 0.115234375
0 0.4482421875 0.26953125 0.052734375 0.095703125
0 0.3525390625 0.27197265625 0.06640625 0.1005859375
0 0.314453125 0.2568359375 0.0703125 0.103515625
0 0.22509765625 0.25244140625 0.0712890625 0.0927734375
0 0.12548828125 0.24072265625 0.0654296875 0.0888671875
0 0.07958984375 0.302734375 0.0576171875 0.07421875
0 0.9794921875 0.21142578125 0.037109375 0.1103515625
0 0.80517578125 0.2041015625 0.0791015625 0.10546875
0 0.87060546875 0.1728515625 0.0751953125 0.052734375
0 0.66162109375 0.19970703125 0.0693359375 0.1005859375
0 0.57080078125 0.22802734375 0.0576171875 0.0947265625
0 0.5615234375 0.21630859375 0.060546875 0.0830078125
0 0.44677734375 0.2080078125 0.0380859375 0.060546875
