0 0.68212890625 0.63134765625 0.1201171875 0.1435546875
0 0.759765625 0.4462890625 0.109375 0.13671875
0 0.89697265625 0.490234375 0.0283203125 0.037109375
0 0.46484375 0.357421875 0.05078125 0.08203125
0 0.4443359375 0.33740234375 0.029296875 0.0400390625
0 0.43212890625 0.314453125 0.0244140625 0.03515625
0 0.61083984375 0.38818359375 0.0263671875 0.0419921875
0 0.37109375 0.26953125 0.021484375 0.02734375
0 0.34228515625 0.24609375 0.0263671875 0.0390625
0 0.2607421875 0.2744140625 0.072265625 0.072265625
0 0.26171875 0.22265625 0.03515625 0.037109375
0 0.2353515625 0.45703125 0.08203125 0.10546875
0 0.146484375 0.2255859375 0.0390625 0.046875
0 0.212890625 0.19921875 0.01953125 0.03125
0 0.23828125 0.2080078125 0.021484375 0.033203125
