0 0.90966796875 0.427734375 0.0615234375 0.072265625
0 0.95556640625 0.3603515625 0.0244140625 0.0390625
0 0.98291015625 0.36181640625 0.0205078125 0.0263671875
0 0.73681640625 0.48583984375 0.0732421875 0.0810546875
0 0.80712890625 0.65673828125 0.1533203125 0.1923828125
0 0.6728515625 0.40185546875 0.029296875 0.0361328125
0 0.59814453125 0.38720703125 0.0205078125 0.0322265625
0 0.48388671875 0.37744140625 0.0302734375 0.0400390625
0 0.51318359375 0.373046875 0.0224609375 0.029296875
0 0.46728515625 0.53857421875 0.0966796875 0.1337890625
0 0.44873046875 0.423828125 0.0576171875 0.07421875
0 0.51611328125 0.43896484375 0.0283203125 0.0361328125
0 0.2138671875 0.447265625 0.0390625 0.0546875
0 0.34326171875 0.49462890625 0.0615234375 0.0830078125
0 0.1552734375 0.4697265625 0.052734375 0.078125
0 0.15283203125 0.41845703125 0.0498046875 0.0556640625
