0 0.24658203125 0.431085043988 0.0322265625 0.0332355816227
0 0.20361328125 0.427663734115 0.0205078125 0.0283479960899
0 0.1181640625 0.429130009775 0.0234375 0.0312805474096
0 0.11572265625 0.397849462366 0.0205078125 0.0293255131965
0 0.5068359375 0.467253176931 0.029296875 0.0371456500489
0 0.6611328125 0.44330400782 0.021484375 0.0361681329423
0 0.50830078125 0.410557184751 0.0263671875 0.0430107526882
0 0.72607421875 0.376832844575 0.0224609375 0.0263929618768
0 0.423828125 0.384652981427 0.01953125 0.0205278592375
0 0.9677734375 0.406647116325 0.025390625 0.0273704789834
0 0.8857421875 0.425219941349 0.01953125 0.019550342131
0 0.716796875 0.455034213099 0.01953125 0.030303030303
