0 0.966796875 0.40087890625 0.064453125 0.0810546875
0 0.7373046875 0.39111328125 0.05078125 0.0498046875
0 0.77392578125 0.36865234375 0.0419921875 0.0556640625
0 0.474609375 0.43408203125 0.064453125 0.0751953125
0 0.3681640625 0.40576171875 0.021484375 0.0205078125
0 0.4482421875 0.4052734375 0.01953125 0.025390625
0 0.2451171875 0.42529296875 0.03515625 0.0419921875
0 0.265625 0.388671875 0.033203125 0.037109375
0 0.20361328125 0.41650390625 0.0341796875 0.0419921875
0 0.171875 0.42333984375 0.02734375 0.0263671875
0 0.08544921875 0.42138671875 0.0986328125 0.1064453125
0 0.01416015625 0.46240234375 0.0283203125 0.0341796875
0 0.0390625 0.4482421875 0.02734375 0.033203125
0 0.55322265625 0.39794921875 0.1357421875 0.1435546875
