0 0.237857142857 0.621785714286 0.0271428571429 0.0407142857143
0 0.267142857143 0.606785714286 0.0314285714286 0.0407142857143
0 0.321071428571 0.613571428571 0.0207142857143 0.0257142857143
0 0.333571428571 0.6275 0.0214285714286 0.0435714285714
0 0.378928571429 0.651071428571 0.0364285714286 0.0364285714286
0 0.390714285714 0.605357142857 0.03 0.0364285714286
0 0.418214285714 0.663214285714 0.0278571428571 0.0335714285714
0 0.448571428571 0.620357142857 0.0314285714286 0.0378571428571
0 0.476785714286 0.607142857143 0.0235714285714 0.0385714285714
0 0.531785714286 0.627142857143 0.0364285714286 0.0371428571429
0 0.583928571429 0.625357142857 0.0292857142857 0.0378571428571
0 0.632142857143 0.641428571429 0.0257142857143 0.0357142857143
0 0.710714285714 0.681428571429 0.03 0.0357142857143
0 0.740357142857 0.646428571429 0.0221428571429 0.0314285714286
