0 0.107421875 0.24951171875 0.029296875 0.0361328125
0 0.150390625 0.24609375 0.03125 0.03125
0 0.10107421875 0.4267578125 0.0556640625 0.06640625
0 0.14990234375 0.42578125 0.0341796875 0.0546875
0 0.2109375 0.4326171875 0.068359375 0.0625
0 0.3076171875 0.40380859375 0.04296875 0.0595703125
0 0.38671875 0.39013671875 0.056640625 0.0732421875
0 0.49853515625 0.3662109375 0.0400390625 0.04296875
0 0.58056640625 0.4189453125 0.0693359375 0.09765625
0 0.33837890625 0.2548828125 0.0283203125 0.033203125
0 0.48388671875 0.25146484375 0.0244140625 0.0205078125
0 0.55908203125 0.24267578125 0.0263671875 0.0361328125
0 0.64208984375 0.23046875 0.0224609375 0.025390625
0 0.60595703125 0.24267578125 0.0205078125 0.0263671875
0 0.37060546875 0.26904296875 0.0224609375 0.0283203125
0 0.02880859375 0.4501953125 0.0478515625 0.0625
0 0.05224609375 0.5888671875 0.1025390625 0.265625
0 0.01171875 0.2548828125 0.0234375 0.044921875
0 0.68505859375 0.38818359375 0.0458984375 0.0615234375
0 0.73193359375 0.21826171875 0.0263671875 0.0361328125
0 0.7978515625 0.23291015625 0.021484375 0.0361328125
0 0.859375 0.38134765625 0.04296875 0.0576171875
0 0.88720703125 0.34521484375 0.0283203125 0.0341796875
0 0.9482421875 0.36328125 0.04296875 0.046875
0 0.94873046875 0.22412109375 0.0224609375 0.0302734375
0 0.9833984375 0.22216796875 0.0234375 0.0302734375
0 0.759765625 0.3720703125 0.029296875 0.048828125
