0 0.06884765625 0.435483870968 0.0263671875 0.0459433040078
0 0.1806640625 0.418377321603 0.04296875 0.0488758553275
0 0.216796875 0.435483870968 0.021484375 0.0342130987292
0 0.009765625 0.428152492669 0.01953125 0.101661779081
0 0.412109375 0.384652981427 0.09765625 0.122189638319
0 0.5009765625 0.422287390029 0.01953125 0.0273704789834
0 0.52978515625 0.415444770283 0.0283203125 0.0351906158358
0 0.6103515625 0.379276637341 0.03125 0.0332355816227
0 0.63037109375 0.404203323558 0.0458984375 0.0518084066471
0 0.734375 0.433040078201 0.06640625 0.0762463343109
