0 0.798828125 0.71337890625 0.025390625 0.0283203125
0 0.759765625 0.736328125 0.0234375 0.029296875
0 0.919921875 0.740234375 0.01953125 0.02734375
0 0.8779296875 0.76318359375 0.021484375 0.0263671875
0 0.87646484375 0.71142578125 0.0224609375 0.0283203125
0 0.8349609375 0.6875 0.021484375 0.0234375
0 0.87841796875 0.822265625 0.0302734375 0.01953125
0 0.92138671875 0.8125 0.0244140625 0.02734375
0 0.77001953125 0.6328125 0.0205078125 0.01953125
0 0.66552734375 0.6259765625 0.0205078125 0.021484375
0 0.7333984375 0.78857421875 0.029296875 0.0322265625
0 0.76025390625 0.76708984375 0.0205078125 0.0283203125
0 0.73486328125 0.70751953125 0.0205078125 0.0244140625
0 0.71923828125 0.68408203125 0.0224609375 0.0205078125
0 0.15380859375 0.46630859375 0.0908203125 0.1083984375
0 0.1669921875 0.3310546875 0.025390625 0.029296875
0 0.9658203125 0.73681640625 0.021484375 0.0205078125
0 0.9453125 0.70849609375 0.021484375 0.0224609375
