0 0.9619140625 0.75439453125 0.01953125 0.0283203125
0 0.88330078125 0.734375 0.0224609375 0.029296875
0 0.8447265625 0.78955078125 0.025390625 0.0283203125
0 0.85400390625 0.767578125 0.0224609375 0.03125
0 0.92578125 0.79248046875 0.025390625 0.0341796875
0 0.7119140625 0.75439453125 0.029296875 0.0361328125
0 0.67236328125 0.7109375 0.0244140625 0.033203125
0 0.646484375 0.66455078125 0.025390625 0.0341796875
0 0.74609375 0.65087890625 0.021484375 0.0302734375
0 0.80517578125 0.66748046875 0.0205078125 0.0322265625
0 0.8681640625 0.6484375 0.025390625 0.03125
0 0.83544921875 0.60888671875 0.0322265625 0.0341796875
0 0.84326171875 0.544921875 0.0244140625 0.033203125
0 0.951171875 0.55029296875 0.025390625 0.0283203125
0 0.9189453125 0.62646484375 0.0234375 0.0322265625
0 0.53515625 0.71533203125 0.029296875 0.0400390625
0 0.58837890625 0.68310546875 0.0224609375 0.0341796875
0 0.61181640625 0.73974609375 0.0224609375 0.0322265625
0 0.4287109375 0.73291015625 0.02734375 0.0361328125
0 0.4951171875 0.7919921875 0.033203125 0.041015625
0 0.32177734375 0.7666015625 0.0283203125 0.033203125
0 0.32763671875 0.7353515625 0.0283203125 0.033203125
0 0.25732421875 0.71435546875 0.0283203125 0.0302734375
0 0.22802734375 0.76416015625 0.0224609375 0.0322265625
0 0.169921875 0.7509765625 0.025390625 0.037109375
0 0.1982421875 0.66259765625 0.025390625 0.0283203125
0 0.3076171875 0.607421875 0.025390625 0.029296875
0 0.3291015625 0.60400390625 0.021484375 0.0263671875
0 0.4716796875 0.64892578125 0.025390625 0.0283203125
0 0.3916015625 0.65185546875 0.02734375 0.0302734375
0 0.6220703125 0.6181640625 0.025390625 0.033203125
0 0.4814453125 0.5791015625 0.0234375 0.025390625
0 0.44921875 0.5869140625 0.021484375 0.029296875
0 0.298828125 0.66845703125 0.025390625 0.0283203125
0 0.361328125 0.70458984375 0.029296875 0.0341796875
0 0.244140625 0.57861328125 0.025390625 0.0341796875
0 0.36083984375 0.58837890625 0.0244140625 0.0361328125
0 0.3359375 0.5673828125 0.02734375 0.03515625
0 0.4033203125 0.56005859375 0.021484375 0.0283203125
0 0.44140625 0.55126953125 0.01953125 0.0302734375
0 0.486328125 0.5673828125 0.0234375 0.029296875
0 0.1728515625 0.61865234375 0.025390625 0.0341796875
0 0.18994140625 0.55810546875 0.0244140625 0.0302734375
0 0.208984375 0.54443359375 0.0234375 0.0283203125
0 0.841796875 0.50537109375 0.021484375 0.0263671875
0 0.9501953125 0.4921875 0.01953125 0.02734375
0 0.78857421875 0.4775390625 0.0205078125 0.0234375
0 0.81787109375 0.45166015625 0.0224609375 0.0263671875
0 0.85205078125 0.46435546875 0.0205078125 0.0263671875
0 0.7236328125 0.41748046875 0.01953125 0.0244140625
0 0.68701171875 0.45166015625 0.0205078125 0.0263671875
0 0.65625 0.4208984375 0.01953125 0.025390625
0 0.63720703125 0.40478515625 0.0205078125 0.0244140625
0 0.728515625 0.3935546875 0.01953125 0.025390625
0 0.759765625 0.35888671875 0.01953125 0.0263671875
0 0.78125 0.36474609375 0.01953125 0.0263671875
0 0.7939453125 0.42626953125 0.01953125 0.0263671875
0 0.92919921875 0.35693359375 0.0205078125 0.0283203125
0 0.73583984375 0.537109375 0.0224609375 0.02734375
0 0.6220703125 0.5 0.021484375 0.033203125
0 0.5478515625 0.52685546875 0.025390625 0.0263671875
0 0.57958984375 0.56396484375 0.0205078125 0.0283203125
0 0.5517578125 0.56494140625 0.021484375 0.0302734375
0 0.59619140625 0.47412109375 0.0224609375 0.0263671875
0 0.501953125 0.45703125 0.0234375 0.029296875
0 0.54833984375 0.49072265625 0.0224609375 0.0283203125
0 0.5927734375 0.40673828125 0.01953125 0.0244140625
0 0.82421875 0.576171875 0.0234375 0.029296875
0 0.4423828125 0.48486328125 0.01953125 0.0283203125
0 0.3857421875 0.43896484375 0.021484375 0.0263671875
0 0.251953125 0.49658203125 0.01953125 0.0263671875
0 0.27685546875 0.45361328125 0.0205078125 0.0263671875
0 0.3369140625 0.4111328125 0.01953125 0.025390625
0 0.20751953125 0.46044921875 0.0205078125 0.0224609375
0 0.17431640625 0.5283203125 0.0224609375 0.02734375
0 0.25634765625 0.39404296875 0.0205078125 0.0224609375
0 0.18994140625 0.384765625 0.0224609375 0.025390625
0 0.1162109375 0.498046875 0.021484375 0.0234375
0 0.033203125 0.45947265625 0.021484375 0.0263671875
0 0.0771484375 0.4208984375 0.01953125 0.025390625
0 0.10009765625 0.37255859375 0.0224609375 0.0263671875
0 0.1904296875 0.42822265625 0.01953125 0.0224609375
0 0.03125 0.31689453125 0.01953125 0.0244140625
0 0.1142578125 0.7158203125 0.02734375 0.037109375
0 0.06591796875 0.6982421875 0.0244140625 0.03125
0 0.07861328125 0.6474609375 0.0244140625 0.03125
0 0.0751953125 0.595703125 0.021484375 0.03125
0 0.11669921875 0.5625 0.0205078125 0.03125
0 0.12353515625 0.53125 0.0224609375 0.02734375
0 0.30517578125 0.380859375 0.0205078125 0.0234375
0 0.01708984375 0.22607421875 0.0322265625 0.0205078125
0 0.4970703125 0.33740234375 0.01953125 0.0224609375
0 0.42724609375 0.39990234375 0.0244140625 0.0263671875
0 0.88720703125 0.33154296875 0.0205078125 0.0263671875
0 0.9306640625 0.32958984375 0.01953125 0.0263671875
0 0.61669921875 0.46875 0.0224609375 0.025390625
0 0.64013671875 0.546875 0.0224609375 0.029296875
0 0.93505859375 0.71728515625 0.0224609375 0.0283203125
0 0.154296875 0.79931640625 0.0234375 0.0263671875
0 0.04736328125 0.6357421875 0.0205078125 0.033203125
0 0.0439453125 0.5908203125 0.021484375 0.03515625
0 0.39208984375 0.521484375 0.0205078125 0.025390625
0 0.1650390625 0.4248046875 0.01953125 0.025390625
0 0.97021484375 0.62109375 0.0205078125 0.021484375
0 0.72216796875 0.5849609375 0.0224609375 0.025390625
0 0.638671875 0.76318359375 0.03125 0.0380859375
0 0.54638671875 0.61865234375 0.0224609375 0.0283203125
0 0.58984375 0.61669921875 0.0234375 0.0302734375
0 0.26513671875 0.64892578125 0.0244140625 0.0283203125
0 0.12353515625 0.68994140625 0.0302734375 0.0400390625
0 0.13916015625 0.6845703125 0.0244140625 0.03125
0 0.14501953125 0.595703125 0.0224609375 0.02734375
0 0.08984375 0.55078125 0.021484375 0.033203125
0 0.1240234375 0.35888671875 0.0234375 0.0244140625
0 0.0185546875 0.7998046875 0.025390625 0.025390625
