0 0.07568359375 0.375 0.0205078125 0.03515625
0 0.1005859375 0.37744140625 0.01953125 0.0244140625
0 0.1640625 0.37841796875 0.01953125 0.0263671875
0 0.2373046875 0.4013671875 0.0234375 0.02734375
0 0.43603515625 0.4267578125 0.0380859375 0.05859375
0 0.517578125 0.39501953125 0.01953125 0.0283203125
0 0.57373046875 0.40673828125 0.0205078125 0.0205078125
0 0.712890625 0.4208984375 0.01953125 0.025390625
0 0.7421875 0.400390625 0.021484375 0.03125
0 0.81640625 0.4013671875 0.0234375 0.029296875
0 0.88623046875 0.41552734375 0.0244140625 0.0322265625
0 0.95703125 0.41455078125 0.03125 0.0341796875
