0 0.220703125 0.36962890625 0.01953125 0.0244140625
0 0.2841796875 0.34814453125 0.0234375 0.0302734375
0 0.333984375 0.33544921875 0.021484375 0.0263671875
0 0.41796875 0.31884765625 0.03125 0.0361328125
0 0.5205078125 0.29345703125 0.03125 0.0380859375
0 0.0791015625 0.412109375 0.0234375 0.033203125
0 0.669921875 0.31396484375 0.037109375 0.0400390625
0 0.80615234375 0.30126953125 0.0322265625 0.0361328125
0 0.8876953125 0.337890625 0.02734375 0.02734375
0 0.9443359375 0.3583984375 0.021484375 0.021484375
0 0.7724609375 0.3349609375 0.02734375 0.025390625
0 0.0693359375 0.30908203125 0.0234375 0.0283203125
0 0.05810546875 0.28515625 0.0205078125 0.0234375
0 0.58984375 0.3515625 0.01953125 0.025390625
