0 0.01708984375 0.4951171875 0.0302734375 0.041015625
0 0.05126953125 0.58984375 0.0517578125 0.06640625
0 0.2177734375 0.5087890625 0.046875 0.05078125
0 0.28564453125 0.56005859375 0.0458984375 0.0654296875
0 0.3232421875 0.53076171875 0.037109375 0.0498046875
0 0.4296875 0.49951171875 0.048828125 0.0654296875
0 0.57861328125 0.5595703125 0.0751953125 0.09765625
0 0.63525390625 0.51318359375 0.0478515625 0.0576171875
0 0.857421875 0.5380859375 0.1015625 0.1171875
0 0.90869140625 0.50244140625 0.0517578125 0.0595703125
