0 0.955078125 0.44580078125 0.025390625 0.0380859375
0 0.82275390625 0.47314453125 0.0283203125 0.0419921875
0 0.7490234375 0.5009765625 0.052734375 0.05078125
0 0.6884765625 0.47802734375 0.03515625 0.0458984375
0 0.64453125 0.4296875 0.01953125 0.03515625
0 0.5859375 0.45263671875 0.01953125 0.0283203125
0 0.46484375 0.4326171875 0.01953125 0.02734375
0 0.3837890625 0.443359375 0.0234375 0.033203125
0 0.34765625 0.4658203125 0.01953125 0.029296875
0 0.3212890625 0.4521484375 0.0234375 0.041015625
0 0.25390625 0.43798828125 0.02734375 0.0341796875
0 0.27978515625 0.580078125 0.0595703125 0.0703125
0 0.11474609375 0.69091796875 0.0693359375 0.1201171875
0 0.10009765625 0.55712890625 0.0400390625 0.0458984375
0 0.20947265625 0.46142578125 0.0263671875 0.0361328125
0 0.08056640625 0.48193359375 0.0302734375 0.0458984375
