0 0.083984375 0.248289345064 0.0546875 0.0566959921799
0 0.20703125 0.211632453568 0.03515625 0.0439882697947
0 0.1142578125 0.211632453568 0.03515625 0.0381231671554
0 0.15380859375 0.163734115347 0.0283203125 0.0322580645161
0 0.16796875 0.117790811339 0.01953125 0.0224828934506
0 0.2333984375 0.176441837732 0.03125 0.0361681329423
0 0.2373046875 0.320625610948 0.068359375 0.0821114369501
0 0.26123046875 0.136363636364 0.0244140625 0.030303030303
0 0.458984375 0.128543499511 0.0234375 0.0283479960899
0 0.5322265625 0.146627565982 0.021484375 0.0254154447703
0 0.51953125 0.169599217986 0.0234375 0.0342130987292
0 0.64404296875 0.1642228739 0.0205078125 0.0293255131965
0 0.72802734375 0.16275659824 0.0205078125 0.030303030303
0 0.8671875 0.188660801564 0.02734375 0.0371456500489
0 0.95556640625 0.206744868035 0.0244140625 0.0361681329423
0 0.86376953125 0.25219941349 0.0439453125 0.058651026393
0 0.755859375 0.217497556207 0.033203125 0.0400782013685
0 0.72021484375 0.204301075269 0.0341796875 0.0449657869013
0 0.5703125 0.223362658847 0.044921875 0.0537634408602
0 0.72119140625 0.300097751711 0.0576171875 0.0860215053763
0 0.49853515625 0.268817204301 0.0615234375 0.080156402737
0 0.8427734375 0.190127077224 0.03515625 0.0459433040078
0 0.34716796875 0.224340175953 0.0322265625 0.0400782013685
