0 0.788612565445 0.311641595814 0.0261780104712 0.0307390451275
0 0.693717277487 0.287769784173 0.032722513089 0.0353172007848
0 0.67997382199 0.213211249182 0.0261780104712 0.0313930673643
0 0.652159685864 0.300850228908 0.0150523560209 0.0196206671027
0 0.586060209424 0.285807717462 0.0281413612565 0.0340091563113
0 0.604712041885 0.290712884238 0.0222513089005 0.026814911707
0 0.482002617801 0.300196206671 0.0215968586387 0.0248528449967
0 0.503272251309 0.306082406802 0.0170157068063 0.0209287115762
0 0.448298429319 0.28221059516 0.0274869109948 0.029431000654
0 0.358311518325 0.285153695226 0.0346858638743 0.0379332897319
0 0.273887434555 0.262589928058 0.0359947643979 0.0438194898627
0 0.20222513089 0.317200784827 0.0222513089005 0.0327011118378
0 0.490183246073 0.40320470896 0.0497382198953 0.0608240680183
0 0.684227748691 0.467625899281 0.0621727748691 0.0483976455199
