0 0.9609375 0.623046875 0.01953125 0.021484375
0 0.92333984375 0.564453125 0.0205078125 0.021484375
0 0.916015625 0.69921875 0.01953125 0.0234375
0 0.92333984375 0.73388671875 0.0205078125 0.0263671875
0 0.8857421875 0.72314453125 0.01953125 0.0224609375
0 0.87060546875 0.7607421875 0.0205078125 0.025390625
0 0.7939453125 0.7021484375 0.01953125 0.025390625
0 0.79638671875 0.7685546875 0.0205078125 0.0234375
0 0.65625 0.57861328125 0.01953125 0.0205078125
0 0.7353515625 0.7392578125 0.01953125 0.021484375
0 0.49951171875 0.70751953125 0.0205078125 0.0205078125
0 0.38134765625 0.720703125 0.0205078125 0.021484375
0 0.2734375 0.73876953125 0.0234375 0.0263671875
0 0.2548828125 0.6103515625 0.01953125 0.021484375
0 0.1484375 0.638671875 0.01953125 0.0234375
0 0.10498046875 0.70068359375 0.0205078125 0.0244140625
0 0.080078125 0.68115234375 0.01953125 0.0224609375
0 0.6982421875 0.71484375 0.021484375 0.025390625
