0 0.5703125 0.738514173998 0.064453125 0.0772238514174
0 0.64501953125 0.711143695015 0.0595703125 0.0733137829912
0 0.755859375 0.700879765396 0.06640625 0.0645161290323
0 0.92822265625 0.759530791789 0.0634765625 0.0821114369501
0 0.291015625 0.696480938416 0.064453125 0.0869990224829
0 0.0947265625 0.741446725318 0.068359375 0.0948191593353
0 0.25537109375 0.810850439883 0.0654296875 0.0342130987292
0 0.7734375 0.310361681329 0.0390625 0.0420332355816
0 0.60498046875 0.310361681329 0.0341796875 0.0518084066471
0 0.68408203125 0.222873900293 0.0341796875 0.0351906158358
0 0.47216796875 0.265884652981 0.0439453125 0.0371456500489
0 0.3798828125 0.262463343109 0.03515625 0.0381231671554
0 0.25048828125 0.280058651026 0.0341796875 0.0381231671554
0 0.1552734375 0.254154447703 0.033203125 0.039100684262
0 0.0947265625 0.269794721408 0.041015625 0.0410557184751
0 0.01318359375 0.282013685239 0.0263671875 0.0361681329423
0 0.46826171875 0.344574780059 0.0380859375 0.0381231671554
