0 0.87939453125 0.65673828125 0.0341796875 0.0439453125
0 0.861328125 0.54150390625 0.03125 0.0419921875
0 0.8095703125 0.46728515625 0.025390625 0.0341796875
0 0.80712890625 0.4482421875 0.0263671875 0.029296875
0 0.97021484375 0.8173828125 0.0595703125 0.033203125
0 0.77392578125 0.74853515625 0.0556640625 0.0712890625
0 0.61328125 0.75244140625 0.03125 0.0615234375
0 0.68798828125 0.64990234375 0.0419921875 0.0478515625
0 0.5849609375 0.54541015625 0.03125 0.0380859375
0 0.501953125 0.5517578125 0.033203125 0.0390625
0 0.44384765625 0.5234375 0.0322265625 0.037109375
0 0.42919921875 0.64501953125 0.0380859375 0.0556640625
0 0.56298828125 0.5068359375 0.0263671875 0.033203125
0 0.69140625 0.5068359375 0.029296875 0.03125
0 0.3251953125 0.7099609375 0.037109375 0.044921875
0 0.30908203125 0.599609375 0.0380859375 0.04296875
0 0.36865234375 0.6015625 0.0361328125 0.044921875
0 0.33984375 0.6513671875 0.041015625 0.048828125
0 0.20068359375 0.61865234375 0.0400390625 0.0439453125
0 0.1865234375 0.61376953125 0.0390625 0.0458984375
0 0.14404296875 0.5712890625 0.0400390625 0.03515625
0 0.2333984375 0.52783203125 0.03125 0.0419921875
0 0.29541015625 0.5869140625 0.0380859375 0.03125
0 0.11572265625 0.53515625 0.0380859375 0.041015625
0 0.0908203125 0.64208984375 0.044921875 0.0498046875
0 0.0283203125 0.61279296875 0.0390625 0.0400390625
0 0.017578125 0.5576171875 0.03515625 0.04296875
0 0.41357421875 0.55224609375 0.0322265625 0.0361328125
0 0.40771484375 0.47412109375 0.0263671875 0.0341796875
0 0.19580078125 0.400390625 0.0224609375 0.02734375
0 0.1689453125 0.4287109375 0.0234375 0.025390625
0 0.10986328125 0.4072265625 0.0224609375 0.0234375
0 0.173828125 0.388671875 0.01953125 0.0234375
0 0.26611328125 0.45947265625 0.0302734375 0.0341796875
0 0.7978515625 0.34619140625 0.01953125 0.0205078125
0 0.697265625 0.373046875 0.01953125 0.021484375
0 0.65673828125 0.38330078125 0.0205078125 0.0224609375
0 0.798828125 0.40380859375 0.0234375 0.0283203125
0 0.84326171875 0.3388671875 0.0205078125 0.02734375
0 0.0556640625 0.41552734375 0.02734375 0.0263671875
0 0.06884765625 0.39404296875 0.0224609375 0.0244140625
0 0.029296875 0.4423828125 0.029296875 0.02734375
0 0.0234375 0.39892578125 0.01953125 0.0244140625
0 0.529296875 0.6337890625 0.0390625 0.04296875
0 0.47802734375 0.771484375 0.0205078125 0.05859375
0 0.21142578125 0.44384765625 0.0263671875 0.0302734375
0 0.48193359375 0.5078125 0.0263671875 0.041015625
0 0.849609375 0.43798828125 0.029296875 0.0341796875
0 0.833984375 0.56591796875 0.03515625 0.0458984375
0 0.404296875 0.6982421875 0.04296875 0.04296875
0 0.33349609375 0.43701171875 0.0263671875 0.0302734375
