0 0.96875 0.477517106549 0.060546875 0.0635386119257
0 0.85791015625 0.532746823069 0.0556640625 0.0488758553275
0 0.93896484375 0.38514173998 0.0263671875 0.0293255131965
0 0.96484375 0.384164222874 0.01953125 0.0273704789834
0 0.80859375 0.475073313783 0.025390625 0.0273704789834
0 0.68017578125 0.570869990225 0.0439453125 0.0488758553275
0 0.703125 0.489247311828 0.025390625 0.030303030303
0 0.64599609375 0.52394916911 0.0244140625 0.0332355816227
0 0.57373046875 0.52394916911 0.0244140625 0.0293255131965
0 0.50927734375 0.556207233627 0.0205078125 0.0293255131965
0 0.27490234375 0.615835777126 0.0283203125 0.0312805474096
0 0.216796875 0.649560117302 0.029296875 0.0263929618768
0 0.0947265625 0.661779081134 0.03515625 0.0332355816227
0 0.76611328125 0.566959921799 0.0283203125 0.0312805474096
0 0.09912109375 0.709188660802 0.0283203125 0.0322580645161
0 0.10400390625 0.741935483871 0.0224609375 0.0234604105572
0 0.75927734375 0.546920821114 0.0205078125 0.0205278592375
0 0.0205078125 0.729227761486 0.041015625 0.0625610948192
