0 0.9228515625 0.49853372434 0.05078125 0.0723362658847
0 0.8046875 0.494134897361 0.05859375 0.0713587487781
0 0.69970703125 0.483382209189 0.0341796875 0.0459433040078
0 0.599609375 0.50293255132 0.0625 0.0830889540567
0 0.62939453125 0.416911045943 0.0283203125 0.0361681329423
0 0.50927734375 0.383675464321 0.0263671875 0.0381231671554
0 0.3671875 0.47605083089 0.05859375 0.0782013685239
0 0.15576171875 0.536656891496 0.0654296875 0.0938416422287
0 0.13330078125 0.433040078201 0.0537109375 0.0625610948192
0 0.251953125 0.396871945259 0.033203125 0.0469208211144
0 0.17431640625 0.383675464321 0.0322265625 0.0342130987292
0 0.86767578125 0.442326490714 0.0283203125 0.0361681329423
0 0.73583984375 0.434995112414 0.0322265625 0.0410557184751
0 0.28564453125 0.436461388074 0.0439453125 0.0557184750733
0 0.41259765625 0.439882697947 0.0302734375 0.0410557184751
0 0.25732421875 0.372922776149 0.0244140625 0.0224828934506
0 0.02197265625 0.435483870968 0.0439453125 0.069403714565
