0 0.06494140625 0.42578125 0.0458984375 0.0546875
0 0.14990234375 0.39013671875 0.0654296875 0.0732421875
0 0.2041015625 0.44873046875 0.048828125 0.1044921875
0 0.328125 0.451171875 0.041015625 0.08203125
0 0.42236328125 0.4384765625 0.0224609375 0.03125
0 0.43701171875 0.48095703125 0.0361328125 0.0517578125
0 0.4287109375 0.6787109375 0.0625 0.072265625
0 0.5380859375 0.48388671875 0.0625 0.0771484375
0 0.57373046875 0.43310546875 0.0498046875 0.0615234375
0 0.7041015625 0.42578125 0.0390625 0.046875
0 0.78955078125 0.3818359375 0.0576171875 0.0859375
0 0.81298828125 0.41845703125 0.0478515625 0.0751953125
0 0.919921875 0.46484375 0.046875 0.056640625
0 0.9599609375 0.45361328125 0.041015625 0.0556640625
