0 0.98828125 0.41348973607 0.0234375 0.058651026393
0 0.94970703125 0.384652981427 0.0732421875 0.0674486803519
0 0.892578125 0.439393939394 0.107421875 0.124144672532
0 0.7470703125 0.4403714565 0.056640625 0.0635386119257
0 0.69384765625 0.424242424242 0.0380859375 0.0371456500489
0 0.64111328125 0.419843597263 0.0419921875 0.0420332355816
0 0.58203125 0.454056695992 0.044921875 0.0596285434995
0 0.521484375 0.373900293255 0.09765625 0.11045943304
0 0.400390625 0.412512218964 0.064453125 0.0723362658847
0 0.326171875 0.406158357771 0.02734375 0.030303030303
0 0.2900390625 0.41935483871 0.033203125 0.0332355816227
0 0.25048828125 0.38660801564 0.0537109375 0.0557184750733
0 0.177734375 0.334799608993 0.083984375 0.0987292277615
0 0.1279296875 0.376832844575 0.05859375 0.0674486803519
0 0.0146484375 0.285923753666 0.029296875 0.157380254154
0 0.046875 0.395894428152 0.056640625 0.0625610948192
