0 0.916015625 0.52099609375 0.029296875 0.0322265625
0 0.86572265625 0.529296875 0.0263671875 0.025390625
0 0.88671875 0.51953125 0.021484375 0.021484375
0 0.923828125 0.47216796875 0.021484375 0.0224609375
0 0.81103515625 0.56396484375 0.0361328125 0.0380859375
0 0.7783203125 0.51318359375 0.02734375 0.0302734375
0 0.68994140625 0.50927734375 0.0283203125 0.0322265625
0 0.66015625 0.556640625 0.033203125 0.033203125
0 0.646484375 0.505859375 0.021484375 0.01953125
0 0.7255859375 0.51904296875 0.01953125 0.0205078125
0 0.96435546875 0.513671875 0.0205078125 0.021484375
0 0.98388671875 0.54296875 0.0322265625 0.029296875
0 0.8935546875 0.59130859375 0.0390625 0.0283203125
0 0.5673828125 0.56591796875 0.03125 0.0380859375
0 0.47314453125 0.5615234375 0.0322265625 0.03515625
0 0.33740234375 0.5419921875 0.0341796875 0.0390625
0 0.38134765625 0.4931640625 0.0244140625 0.02734375
0 0.53271484375 0.48974609375 0.0224609375 0.0244140625
0 0.591796875 0.53857421875 0.025390625 0.0244140625
0 0.0654296875 0.5302734375 0.041015625 0.03515625
0 0.2421875 0.53076171875 0.021484375 0.0302734375
0 0.28662109375 0.52392578125 0.0322265625 0.0224609375
0 0.15576171875 0.46826171875 0.0224609375 0.0205078125
0 0.0576171875 0.4912109375 0.029296875 0.02734375
