0 0.02734375 0.498044965787 0.05078125 0.0909090909091
0 0.09814453125 0.383186705767 0.0478515625 0.0645161290323
0 0.0234375 0.621212121212 0.04296875 0.100684261975
0 0.1533203125 0.717008797654 0.166015625 0.208211143695
0 0.27734375 0.570381231672 0.0625 0.0850439882698
0 0.4033203125 0.636363636364 0.154296875 0.191593352884
0 0.48291015625 0.548387096774 0.0498046875 0.0566959921799
0 0.384765625 0.521994134897 0.06640625 0.0840664711632
0 0.68994140625 0.581622678397 0.0615234375 0.0879765395894
0 0.8515625 0.624144672532 0.076171875 0.0928641251222
0 0.75244140625 0.734115347019 0.1533203125 0.217008797654
