0 0.3232421875 0.41348973607 0.04296875 0.0508308895406
0 0.26123046875 0.466764418377 0.0322265625 0.0420332355816
0 0.34814453125 0.479472140762 0.0439453125 0.0420332355816
0 0.3779296875 0.36412512219 0.029296875 0.0381231671554
0 0.5966796875 0.405180840665 0.025390625 0.0283479960899
0 0.48193359375 0.382209188661 0.0380859375 0.039100684262
0 0.482421875 0.456011730205 0.037109375 0.0439882697947
0 0.65185546875 0.445747800587 0.0419921875 0.0527859237537
0 0.83447265625 0.571847507331 0.0419921875 0.0664711632454
0 0.8818359375 0.450146627566 0.052734375 0.0518084066471
0 0.833984375 0.452590420332 0.04296875 0.0606060606061
0 0.759765625 0.490713587488 0.046875 0.0566959921799
0 0.7294921875 0.408602150538 0.029296875 0.0351906158358
0 0.767578125 0.415444770283 0.025390625 0.0332355816227
0 0.8740234375 0.22531769306 0.01953125 0.0244379276637
0 0.35107421875 0.653470185728 0.0634765625 0.0420332355816
0 0.9658203125 0.434995112414 0.041015625 0.0488758553275
0 0.89990234375 0.335288367546 0.0244140625 0.0254154447703
