0 0.10498046875 0.392578125 0.0205078125 0.01953125
0 0.7744140625 0.3623046875 0.01953125 0.021484375
0 0.91259765625 0.40869140625 0.0205078125 0.0205078125
0 0.7509765625 0.42529296875 0.01953125 0.0205078125
0 0.9765625 0.419921875 0.01953125 0.0234375
0 0.888671875 0.44287109375 0.021484375 0.0244140625
0 0.7822265625 0.44287109375 0.021484375 0.0302734375
0 0.7744140625 0.4228515625 0.021484375 0.025390625
0 0.21728515625 0.41357421875 0.0205078125 0.0263671875
0 0.2978515625 0.40283203125 0.01953125 0.0244140625
0 0.41552734375 0.46142578125 0.0244140625 0.0302734375
0 0.44921875 0.40966796875 0.01953125 0.0263671875
0 0.5068359375 0.48486328125 0.0234375 0.0302734375
0 0.6669921875 0.40625 0.01953125 0.021484375
0 0.69287109375 0.42919921875 0.0205078125 0.0205078125
