0 0.0517578125 0.61485826002 0.025390625 0.0254154447703
0 0.12451171875 0.606549364614 0.0224609375 0.0283479960899
0 0.1298828125 0.662267839687 0.029296875 0.0283479960899
0 0.10888671875 0.716520039101 0.0322265625 0.0312805474096
0 0.1767578125 0.626588465298 0.021484375 0.0293255131965
0 0.24560546875 0.643206256109 0.0244140625 0.0293255131965
0 0.27783203125 0.677419354839 0.0244140625 0.0293255131965
0 0.3349609375 0.703323558162 0.021484375 0.0283479960899
0 0.37939453125 0.713587487781 0.0263671875 0.0351906158358
0 0.43798828125 0.727761485826 0.0302734375 0.0342130987292
0 0.29443359375 0.596774193548 0.0244140625 0.0244379276637
0 0.275390625 0.527370478983 0.01953125 0.0205278592375
0 0.39208984375 0.551319648094 0.0224609375 0.0215053763441
0 0.40283203125 0.584555229717 0.0205078125 0.0254154447703
0 0.458984375 0.587976539589 0.021484375 0.0283479960899
0 0.58203125 0.608015640274 0.0234375 0.0254154447703
0 0.6357421875 0.571847507331 0.0234375 0.0312805474096
0 0.41162109375 0.678396871945 0.0283203125 0.0254154447703
0 0.52001953125 0.654447702835 0.0244140625 0.030303030303
0 0.494140625 0.589931573803 0.021484375 0.0263929618768
0 0.6826171875 0.598729227761 0.01953125 0.0244379276637
0 0.6044921875 0.69403714565 0.03125 0.0312805474096
0 0.68212890625 0.72091886608 0.0302734375 0.0381231671554
0 0.7421875 0.744379276637 0.033203125 0.0381231671554
0 0.83154296875 0.715053763441 0.0263671875 0.0420332355816
0 0.8330078125 0.790322580645 0.03515625 0.0381231671554
0 0.81640625 0.654447702835 0.0234375 0.030303030303
0 0.73291015625 0.622678396872 0.0244140625 0.0332355816227
0 0.8388671875 0.600195503421 0.021484375 0.0234604105572
0 0.48828125 0.782013685239 0.0234375 0.0332355816227
0 0.55615234375 0.792277614858 0.0263671875 0.0381231671554
0 0.65380859375 0.820625610948 0.0322265625 0.0342130987292
0 0.98486328125 0.800097751711 0.0302734375 0.0420332355816
0 0.90673828125 0.671065493646 0.0244140625 0.0322580645161
0 0.93603515625 0.621212121212 0.0283203125 0.0322580645161
0 0.98193359375 0.599217986315 0.0263671875 0.0293255131965
0 0.9609375 0.74633431085 0.033203125 0.0400782013685
0 0.904296875 0.538611925709 0.01953125 0.0254154447703
0 0.7919921875 0.585532746823 0.0234375 0.0254154447703
0 0.73828125 0.697458455523 0.0234375 0.0263929618768
0 0.7177734375 0.571358748778 0.021484375 0.0283479960899
0 0.7109375 0.536656891496 0.01953125 0.0234604105572
0 0.32568359375 0.544965786901 0.0224609375 0.0205278592375
0 0.341796875 0.649560117302 0.01953125 0.0263929618768
