0 0.22265625 0.457478005865 0.099609375 0.109481915934
0 0.345703125 0.423753665689 0.060546875 0.069403714565
0 0.41845703125 0.38954056696 0.0478515625 0.049853372434
0 0.5234375 0.343108504399 0.02734375 0.039100684262
0 0.443359375 0.378787878788 0.01953125 0.030303030303
0 0.29443359375 0.36265884653 0.0205078125 0.0234604105572
0 0.59033203125 0.371945259042 0.0205078125 0.0224828934506
0 0.6455078125 0.252688172043 0.029296875 0.030303030303
0 0.73828125 0.336754643206 0.033203125 0.0596285434995
0 0.693359375 0.350439882698 0.029296875 0.0439882697947
0 0.8134765625 0.306940371457 0.0390625 0.0469208211144
0 0.67529296875 0.379276637341 0.0205078125 0.0273704789834
0 0.88818359375 0.356304985337 0.0205078125 0.0322580645161
0 0.591796875 0.411534701857 0.01953125 0.039100684262
0 0.61767578125 0.410068426197 0.0361328125 0.049853372434
0 0.66943359375 0.518572825024 0.0576171875 0.100684261975
0 0.74169921875 0.532746823069 0.1162109375 0.156402737048
