0 0.322478991597 0.0570728291317 0.0553221288515 0.0679271708683
0 0.377100840336 0.0675770308123 0.0385154061625 0.0525210084034
0 0.50525210084 0.120448179272 0.0637254901961 0.078431372549
0 0.702380952381 0.15406162465 0.0490196078431 0.0700280112045
0 0.723389355742 0.0731792717087 0.03081232493 0.0329131652661
0 0.192226890756 0.928571428571 0.0567226890756 0.142857142857
0 0.356442577031 0.671218487395 0.0798319327731 0.104341736695
0 0.690826330532 0.772408963585 0.0833333333333 0.105042016807
0 0.823879551821 0.799019607843 0.0693277310924 0.109243697479
0 0.62675070028 0.5 0.0294117647059 0.0224089635854
