0 0.1435546875 0.7238514174 0.0234375 0.0478983382209
0 0.15869140625 0.739491691105 0.0283203125 0.0263929618768
0 0.3203125 0.492668621701 0.029296875 0.0469208211144
0 0.44287109375 0.387096774194 0.0302734375 0.0508308895406
0 0.0390625 0.736070381232 0.03515625 0.0332355816227
0 0.85888671875 0.704789833822 0.0263671875 0.0371456500489
0 0.81787109375 0.64173998045 0.0283203125 0.0361681329423
0 0.744140625 0.66568914956 0.025390625 0.0332355816227
0 0.6904296875 0.652492668622 0.029296875 0.0381231671554
0 0.58740234375 0.666177908113 0.0302734375 0.0342130987292
0 0.56494140625 0.662267839687 0.0283203125 0.0361681329423
0 0.55322265625 0.608015640274 0.0224609375 0.0234604105572
0 0.47900390625 0.625122189638 0.0263671875 0.0322580645161
0 0.8642578125 0.616324535679 0.0234375 0.0263929618768
0 0.642578125 0.563538611926 0.01953125 0.0263929618768
0 0.36669921875 0.594819159335 0.0283203125 0.0283479960899
0 0.36474609375 0.553274682307 0.0205078125 0.0234604105572
0 0.064453125 0.548387096774 0.021484375 0.019550342131
0 0.7099609375 0.635386119257 0.021484375 0.0273704789834
0 0.6650390625 0.585532746823 0.01953125 0.0215053763441
0 0.87255859375 0.579667644184 0.0205078125 0.019550342131
0 0.89697265625 0.658846529814 0.0224609375 0.0293255131965
0 0.58935546875 0.602150537634 0.0224609375 0.0273704789834
0 0.45068359375 0.618768328446 0.0224609375 0.0371456500489
0 0.92578125 0.683773216031 0.0234375 0.0322580645161
0 0.74072265625 0.632942326491 0.0224609375 0.0283479960899
0 0.19482421875 0.489736070381 0.0283203125 0.039100684262
0 0.79638671875 0.735092864125 0.0263671875 0.0351906158358
