0 0.90625 0.79638671875 0.03515625 0.0400390625
0 0.927734375 0.6572265625 0.03515625 0.037109375
0 0.87841796875 0.6767578125 0.0361328125 0.041015625
0 0.95849609375 0.615234375 0.0283203125 0.029296875
0 0.79833984375 0.6396484375 0.0322265625 0.029296875
0 0.7724609375 0.708984375 0.02734375 0.025390625
0 0.712890625 0.58203125 0.025390625 0.025390625
0 0.69677734375 0.64208984375 0.0302734375 0.0419921875
0 0.658203125 0.6015625 0.025390625 0.03125
0 0.60791015625 0.63916015625 0.0283203125 0.0302734375
0 0.62158203125 0.59521484375 0.0224609375 0.0322265625
0 0.59423828125 0.61474609375 0.0224609375 0.0283203125
0 0.515625 0.6240234375 0.025390625 0.03125
0 0.43896484375 0.609375 0.0205078125 0.03125
0 0.37548828125 0.60546875 0.0205078125 0.03125
0 0.43115234375 0.58642578125 0.0205078125 0.0224609375
0 0.28662109375 0.62109375 0.0205078125 0.029296875
0 0.2314453125 0.595703125 0.021484375 0.029296875
0 0.33984375 0.587890625 0.01953125 0.025390625
0 0.1328125 0.607421875 0.01953125 0.0234375
0 0.0263671875 0.7060546875 0.0234375 0.029296875
