0 0.04736328125 0.424242424242 0.0205078125 0.0293255131965
0 0.0673828125 0.484359726295 0.033203125 0.0381231671554
0 0.16015625 0.518084066471 0.041015625 0.0527859237537
0 0.09521484375 0.540566959922 0.0361328125 0.0312805474096
0 0.13671875 0.586021505376 0.02734375 0.0518084066471
0 0.17138671875 0.665200391007 0.0263671875 0.0439882697947
0 0.38671875 0.628543499511 0.037109375 0.0273704789834
0 0.46240234375 0.6119257087 0.0439453125 0.0566959921799
0 0.52587890625 0.532258064516 0.0322265625 0.0381231671554
0 0.501953125 0.455034213099 0.03125 0.0342130987292
0 0.5732421875 0.47311827957 0.037109375 0.0469208211144
0 0.66064453125 0.46871945259 0.0224609375 0.0263929618768
0 0.6171875 0.410557184751 0.025390625 0.0293255131965
0 0.73046875 0.436950146628 0.025390625 0.0293255131965
0 0.447265625 0.431085043988 0.025390625 0.0332355816227
0 0.43701171875 0.490713587488 0.0322265625 0.0332355816227
0 0.37451171875 0.471163245357 0.0263671875 0.0273704789834
0 0.224609375 0.434017595308 0.0234375 0.0234604105572
0 0.79296875 0.445747800587 0.0234375 0.0254154447703
0 0.91064453125 0.449657869013 0.0244140625 0.0273704789834
0 0.8935546875 0.500488758553 0.0234375 0.0332355816227
0 0.84619140625 0.589931573803 0.0380859375 0.0478983382209
0 0.85791015625 0.682795698925 0.0400390625 0.0557184750733
0 0.66552734375 0.627565982405 0.0458984375 0.0488758553275
0 0.640625 0.551808406647 0.041015625 0.0596285434995
