0 0.3232421875 0.363636363636 0.01953125 0.0215053763441
0 0.40087890625 0.350928641251 0.0205078125 0.0273704789834
0 0.2685546875 0.375366568915 0.021484375 0.0254154447703
0 0.37841796875 0.415444770283 0.0224609375 0.0312805474096
0 0.3359375 0.44477028348 0.021484375 0.0293255131965
0 0.384765625 0.469696969697 0.025390625 0.0283479960899
0 0.38232421875 0.504398826979 0.0224609375 0.0351906158358
0 0.494140625 0.431573802542 0.025390625 0.0342130987292
0 0.42822265625 0.442815249267 0.0224609375 0.0371456500489
0 0.43359375 0.39247311828 0.0234375 0.030303030303
0 0.73974609375 0.408602150538 0.0205078125 0.0293255131965
0 0.80078125 0.410557184751 0.0234375 0.0312805474096
0 0.7880859375 0.437927663734 0.025390625 0.0312805474096
0 0.890625 0.432551319648 0.0234375 0.030303030303
0 0.92236328125 0.460899315738 0.0244140625 0.0263929618768
0 0.978515625 0.427174975562 0.0234375 0.0312805474096
0 0.72998046875 0.386119257087 0.0205078125 0.0273704789834
0 0.7138671875 0.452101661779 0.025390625 0.0322580645161
0 0.76416015625 0.459433040078 0.0224609375 0.0371456500489
0 0.49658203125 0.514173998045 0.0263671875 0.039100684262
0 0.55419921875 0.492179863148 0.0224609375 0.030303030303
0 0.61767578125 0.474095796676 0.0224609375 0.0312805474096
0 0.62744140625 0.44330400782 0.0244140625 0.030303030303
0 0.55517578125 0.445259042033 0.0244140625 0.0263929618768
0 0.65283203125 0.49853372434 0.0224609375 0.0332355816227
0 0.73974609375 0.522482893451 0.0244140625 0.0283479960899
0 0.53271484375 0.428152492669 0.0224609375 0.0312805474096
0 0.73779296875 0.4477028348 0.0244140625 0.0332355816227
0 0.79150390625 0.489736070381 0.0263671875 0.0351906158358
0 0.81396484375 0.490224828935 0.0224609375 0.0342130987292
0 0.84375 0.499511241447 0.0234375 0.0332355816227
0 0.919921875 0.510752688172 0.025390625 0.030303030303
0 0.87548828125 0.495601173021 0.0205078125 0.0273704789834
0 0.92431640625 0.415444770283 0.0205078125 0.0234604105572
0 0.923828125 0.44183773216 0.0234375 0.0273704789834
0 0.35888671875 0.600684261975 0.0205078125 0.0322580645161
0 0.380859375 0.594819159335 0.033203125 0.0439882697947
0 0.59423828125 0.598240469208 0.0322265625 0.0449657869013
0 0.0751953125 0.292766373412 0.021484375 0.0224828934506
0 0.05517578125 0.355816226784 0.0224609375 0.0273704789834
0 0.08837890625 0.39100684262 0.0205078125 0.0273704789834
0 0.0791015625 0.439393939394 0.02734375 0.0342130987292
0 0.1181640625 0.435483870968 0.021484375 0.030303030303
0 0.14501953125 0.411045943304 0.0205078125 0.030303030303
0 0.17578125 0.412512218964 0.021484375 0.0273704789834
0 0.26513671875 0.462365591398 0.0244140625 0.0332355816227
0 0.0517578125 0.325024437928 0.01953125 0.0224828934506
0 0.0224609375 0.415933528837 0.0234375 0.030303030303
0 0.13525390625 0.491202346041 0.0224609375 0.0283479960899
0 0.9013671875 0.644672531769 0.033203125 0.0420332355816
0 0.20849609375 0.371945259042 0.0244140625 0.0322580645161
0 0.81689453125 0.418866080156 0.0205078125 0.0244379276637
0 0.947265625 0.625122189638 0.03125 0.0400782013685
0 0.24853515625 0.533724340176 0.0283203125 0.0273704789834
0 0.16845703125 0.661290322581 0.0224609375 0.0283479960899
0 0.06689453125 0.583088954057 0.0283203125 0.0381231671554
0 0.208984375 0.478005865103 0.021484375 0.0293255131965
0 0.2255859375 0.41348973607 0.02734375 0.0332355816227
0 0.25 0.401270772239 0.01953125 0.0342130987292
0 0.2724609375 0.421309872923 0.01953125 0.0215053763441
0 0.32373046875 0.402248289345 0.0244140625 0.0283479960899
0 0.142578125 0.461388074291 0.021484375 0.0254154447703
0 0.48046875 0.430107526882 0.01953125 0.0371456500489
0 0.55859375 0.39247311828 0.01953125 0.0224828934506
0 0.8515625 0.359237536657 0.01953125 0.0244379276637
0 0.8212890625 0.348973607038 0.01953125 0.0273704789834
