0 0.0107421875 0.56640625 0.021484375 0.025390625
0 0.0400390625 0.7080078125 0.033203125 0.025390625
0 0.14111328125 0.66357421875 0.0263671875 0.0302734375
0 0.14208984375 0.5654296875 0.0205078125 0.021484375
0 0.26220703125 0.7265625 0.0224609375 0.03125
0 0.1357421875 0.71337890625 0.029296875 0.0302734375
0 0.01806640625 0.5947265625 0.0224609375 0.025390625
0 0.8369140625 0.54296875 0.0234375 0.02734375
0 0.8798828125 0.50537109375 0.021484375 0.0224609375
0 0.96240234375 0.517578125 0.0205078125 0.0234375
0 0.73828125 0.642578125 0.02734375 0.033203125
0 0.16552734375 0.79296875 0.0380859375 0.04296875
0 0.8212890625 0.798828125 0.033203125 0.037109375
