0 0.06982421875 0.581622678397 0.0244140625 0.0430107526882
0 0.1044921875 0.557673509286 0.02734375 0.049853372434
0 0.1630859375 0.522482893451 0.033203125 0.0420332355816
0 0.05224609375 0.535679374389 0.0224609375 0.0332355816227
0 0.263671875 0.538123167155 0.021484375 0.030303030303
0 0.279296875 0.521505376344 0.021484375 0.0263929618768
0 0.509765625 0.534213098729 0.24609375 0.255131964809
0 0.02685546875 0.520039100684 0.0205078125 0.0293255131965
0 0.24462890625 0.53128054741 0.0205078125 0.0224828934506
0 0.0341796875 0.655425219941 0.025390625 0.0459433040078
