0 0.83056640625 0.33984375 0.0263671875 0.03515625
0 0.94580078125 0.3232421875 0.0205078125 0.02734375
0 0.78271484375 0.34521484375 0.0224609375 0.0263671875
0 0.72314453125 0.35546875 0.0283203125 0.033203125
0 0.59033203125 0.33642578125 0.0322265625 0.0380859375
0 0.6279296875 0.34033203125 0.0234375 0.0283203125
0 0.38232421875 0.353515625 0.0302734375 0.03125
0 0.416015625 0.33837890625 0.01953125 0.0244140625
0 0.29150390625 0.330078125 0.0224609375 0.029296875
0 0.0703125 0.33154296875 0.01953125 0.0244140625
0 0.03369140625 0.33349609375 0.0224609375 0.0263671875
