0 0.742866407263 0.932879377432 0.014915693904 0.0162127107652
0 0.742866407263 0.933203631647 0.014915693904 0.0168612191958
0 0.712386511025 0.93093385214 0.0317769130999 0.0317769130999
0 0.762970168612 0.948443579767 0.0408560311284 0.0395590142672
0 0.769130998703 0.90953307393 0.0272373540856 0.0330739299611
0 0.72859922179 0.863164721141 0.0214007782101 0.0285343709468
0 0.63878080415 0.865110246433 0.0233463035019 0.029831387808
0 0.639753566796 0.805123216602 0.0214007782101 0.026588845655
0 0.656939040208 0.784370946822 0.0194552529183 0.026588845655
0 0.821984435798 0.887483787289 0.0188067444877 0.0252918287938
0 0.823929961089 0.920881971466 0.0162127107652 0.0311284046693
0 0.807717250324 0.733463035019 0.0214007782101 0.029831387808
0 0.803826199741 0.686121919585 0.0188067444877 0.0259403372244
0 0.76037613489 0.712386511025 0.0201037613489 0.0317769130999
0 0.757133592737 0.685473411154 0.0175097276265 0.0233463035019
0 0.725680933852 0.666666666667 0.0168612191958 0.0168612191958
0 0.70168612192 0.702983138781 0.0194552529183 0.0272373540856
0 0.715953307393 0.724383916991 0.0259403372244 0.029831387808
0 0.663424124514 0.695525291829 0.0181582360571 0.0226977950713
0 0.660830090791 0.672178988327 0.0168612191958 0.0188067444877
0 0.626134889754 0.672503242542 0.0175097276265 0.0233463035019
0 0.60084306096 0.715953307393 0.0201037613489 0.0220492866407
0 0.582684824903 0.711089494163 0.0162127107652 0.0214007782101
0 0.525940337224 0.72308690013 0.0376134889754 0.0389105058366
0 0.562256809339 0.766212710765 0.029831387808 0.0473411154345
0 0.481193255512 0.705252918288 0.0168612191958 0.0214007782101
0 0.43579766537 0.678339818418 0.0142671854734 0.0142671854734
0 0.58560311284 0.110894941634 0.0622568093385 0.107652399481
0 0.29280155642 0.298962386511 0.0369649805447 0.0505836575875
0 0.408236057069 0.688715953307 0.0214007782101 0.0259403372244
0 0.385538261997 0.681906614786 0.014915693904 0.0188067444877
0 0.351167315175 0.66990920882 0.0175097276265 0.0194552529183
0 0.321335927367 0.693255512322 0.0226977950713 0.029831387808
0 0.261997405966 0.657911802853 0.0181582360571 0.0226977950713
0 0.243190661479 0.659208819715 0.0168612191958 0.0201037613489
0 0.195201037613 0.660505836576 0.0155642023346 0.0188067444877
0 0.194552529183 0.684500648508 0.0155642023346 0.0175097276265
0 0.177691309987 0.674124513619 0.0194552529183 0.0356679636835
0 0.42055771725 0.828469520104 0.0188067444877 0.0252918287938
0 0.398184176394 0.832360570687 0.0181582360571 0.0214007782101
0 0.380674448768 0.831712062257 0.0168612191958 0.0201037613489
0 0.394617380026 0.865110246433 0.0226977950713 0.0272373540856
0 0.408560311284 0.898832684825 0.0220492866407 0.0233463035019
0 0.416342412451 0.936121919585 0.0324254215305 0.0330739299611
0 0.450713359274 0.938391699092 0.0311284046693 0.0363164721141
0 0.397211413748 0.982814526589 0.0408560311284 0.0343709468223
0 0.36673151751 0.952010376135 0.0408560311284 0.0505836575875
0 0.320038910506 0.969844357977 0.0188067444877 0.0460440985733
0 0.341115434501 0.913099870298 0.0272373540856 0.0324254215305
0 0.353112840467 0.86186770428 0.0226977950713 0.0272373540856
0 0.297989623865 0.83495460441 0.0201037613489 0.0226977950713
0 0.318741893645 0.854409857328 0.0201037613489 0.0278858625162
0 0.262970168612 0.847600518807 0.0201037613489 0.0194552529183
0 0.284046692607 0.892671854734 0.0246433203632 0.0317769130999
0 0.269130998703 0.9046692607 0.0181582360571 0.0233463035019
0 0.219520103761 0.881647211414 0.0304798962387 0.0343709468223
0 0.217898832685 0.814850843061 0.0194552529183 0.0226977950713
0 0.229896238651 0.924124513619 0.0369649805447 0.0440985732815
0 0.247081712062 0.983787289235 0.0389105058366 0.0324254215305
0 0.183527885863 0.974383916991 0.0311284046693 0.0512321660182
0 0.39364461738 0.428015564202 0.0285343709468 0.0324254215305
0 0.413748378729 0.661478599222 0.0129701686122 0.0142671854734
0 0.476329442283 0.66439688716 0.0136186770428 0.0136186770428
0 0.460440985733 0.665693904021 0.0129701686122 0.0175097276265
0 0.567769130999 0.690661478599 0.0136186770428 0.0194552529183
