0 0.0224609375 0.385630498534 0.0390625 0.0420332355816
0 0.087890625 0.402248289345 0.05078125 0.0439882697947
0 0.12060546875 0.387096774194 0.0361328125 0.0547409579668
0 0.234375 0.334799608993 0.03515625 0.0518084066471
0 0.2685546875 0.378787878788 0.04296875 0.049853372434
0 0.1865234375 0.384164222874 0.03515625 0.039100684262
0 0.333984375 0.359237536657 0.02734375 0.0361681329423
0 0.36376953125 0.370478983382 0.0419921875 0.0547409579668
0 0.447265625 0.357282502444 0.025390625 0.0400782013685
0 0.482421875 0.366080156403 0.04296875 0.0537634408602
0 0.59423828125 0.339198435973 0.0380859375 0.0469208211144
0 0.55859375 0.345552297165 0.029296875 0.0381231671554
0 0.5478515625 0.35972629521 0.02734375 0.0351906158358
0 0.7158203125 0.365102639296 0.037109375 0.0400782013685
0 0.7041015625 0.327956989247 0.029296875 0.0342130987292
0 0.7353515625 0.349951124145 0.021484375 0.0332355816227
0 0.8291015625 0.340175953079 0.044921875 0.0527859237537
0 0.8935546875 0.342130987292 0.025390625 0.0293255131965
0 0.9814453125 0.326490713587 0.037109375 0.0410557184751
0 0.310546875 0.378299120235 0.01953125 0.0254154447703
