0 0.021484375 0.771484375 0.04296875 0.068359375
0 0.15869140625 0.78955078125 0.1064453125 0.0869140625
0 0.39794921875 0.72607421875 0.0849609375 0.0888671875
0 0.451171875 0.748046875 0.056640625 0.08984375
0 0.63623046875 0.7841796875 0.0751953125 0.08203125
0 0.56201171875 0.8125 0.0595703125 0.041015625
0 0.69921875 0.6796875 0.060546875 0.09375
0 0.88818359375 0.59033203125 0.0498046875 0.0615234375
0 0.97509765625 0.49267578125 0.0498046875 0.1162109375
0 0.9423828125 0.4775390625 0.060546875 0.076171875
0 0.91552734375 0.4443359375 0.0498046875 0.0625
0 0.8876953125 0.43798828125 0.029296875 0.0439453125
0 0.8935546875 0.353515625 0.037109375 0.048828125
0 0.98046875 0.32861328125 0.0390625 0.0537109375
0 0.98828125 0.25244140625 0.0234375 0.0517578125
0 0.91552734375 0.27734375 0.0400390625 0.044921875
0 0.884765625 0.310546875 0.044921875 0.048828125
0 0.8447265625 0.37109375 0.03125 0.021484375
0 0.97216796875 0.2158203125 0.0302734375 0.044921875
0 0.880859375 0.23583984375 0.041015625 0.0478515625
0 0.83935546875 0.50146484375 0.0615234375 0.0771484375
0 0.7490234375 0.58642578125 0.05859375 0.0771484375
0 0.77734375 0.5009765625 0.048828125 0.05859375
0 0.78662109375 0.44091796875 0.0458984375 0.0517578125
0 0.69482421875 0.5341796875 0.0673828125 0.080078125
0 0.658203125 0.615234375 0.0625 0.076171875
0 0.67138671875 0.4697265625 0.0498046875 0.052734375
0 0.64208984375 0.43603515625 0.0400390625 0.0537109375
0 0.77734375 0.34619140625 0.046875 0.0498046875
0 0.77001953125 0.41259765625 0.0458984375 0.0576171875
0 0.74365234375 0.35205078125 0.0341796875 0.0478515625
0 0.79150390625 0.29541015625 0.0380859375 0.0458984375
0 0.7705078125 0.28515625 0.0390625 0.044921875
0 0.74267578125 0.267578125 0.0361328125 0.044921875
0 0.71484375 0.2724609375 0.03515625 0.04296875
0 0.548828125 0.25390625 0.03515625 0.041015625
0 0.662109375 0.28662109375 0.033203125 0.0322265625
0 0.7099609375 0.34814453125 0.0390625 0.0478515625
0 0.6220703125 0.28759765625 0.041015625 0.0439453125
0 0.6162109375 0.33349609375 0.048828125 0.0576171875
0 0.53662109375 0.294921875 0.0419921875 0.041015625
0 0.52685546875 0.3369140625 0.0458984375 0.0546875
0 0.646484375 0.35986328125 0.04296875 0.0380859375
0 0.6533203125 0.396484375 0.046875 0.060546875
0 0.55908203125 0.44140625 0.0478515625 0.0625
0 0.5048828125 0.44873046875 0.048828125 0.0693359375
0 0.55029296875 0.388671875 0.0478515625 0.056640625
0 0.46435546875 0.3642578125 0.0517578125 0.05859375
0 0.49560546875 0.34326171875 0.0263671875 0.0400390625
0 0.46875 0.3017578125 0.041015625 0.048828125
0 0.4970703125 0.2958984375 0.03515625 0.037109375
0 0.49560546875 0.21875 0.0341796875 0.04296875
0 0.38427734375 0.23681640625 0.0380859375 0.0380859375
0 0.39404296875 0.28515625 0.0419921875 0.046875
0 0.33447265625 0.2734375 0.0419921875 0.048828125
0 0.26806640625 0.27099609375 0.0361328125 0.0419921875
0 0.39208984375 0.3994140625 0.0439453125 0.048828125
0 0.4169921875 0.44580078125 0.0546875 0.0556640625
0 0.3466796875 0.4345703125 0.037109375 0.041015625
0 0.24560546875 0.23291015625 0.0322265625 0.0341796875
0 0.1572265625 0.248046875 0.03515625 0.04296875
0 0.25390625 0.265625 0.025390625 0.02734375
0 0.2109375 0.267578125 0.03125 0.041015625
0 0.18798828125 0.2705078125 0.0361328125 0.03515625
0 0.18603515625 0.30810546875 0.0439453125 0.0537109375
0 0.24755859375 0.30126953125 0.0419921875 0.0556640625
0 0.1064453125 0.2607421875 0.029296875 0.029296875
0 0.1357421875 0.32568359375 0.04296875 0.0595703125
0 0.0322265625 0.26611328125 0.0390625 0.0400390625
0 0.0341796875 0.31884765625 0.046875 0.0537109375
0 0.22900390625 0.375 0.0380859375 0.056640625
0 0.20068359375 0.3427734375 0.0419921875 0.037109375
0 0.1435546875 0.3896484375 0.03515625 0.037109375
0 0.1220703125 0.42724609375 0.02734375 0.0458984375
0 0.0791015625 0.35546875 0.0390625 0.046875
0 0.02197265625 0.43212890625 0.0439453125 0.0615234375
0 0.06982421875 0.466796875 0.0478515625 0.064453125
0 0.18994140625 0.47900390625 0.0458984375 0.0751953125
0 0.23095703125 0.4384765625 0.0517578125 0.060546875
0 0.25244140625 0.48486328125 0.0537109375 0.0556640625
0 0.2890625 0.46875 0.033203125 0.046875
0 0.30712890625 0.5244140625 0.0439453125 0.06640625
0 0.23583984375 0.60400390625 0.0712890625 0.0908203125
0 0.05419921875 0.62255859375 0.0634765625 0.0791015625
0 0.16015625 0.68359375 0.06640625 0.072265625
0 0.494140625 0.6552734375 0.0703125 0.083984375
0 0.43359375 0.6220703125 0.0625 0.091796875
0 0.39208984375 0.58837890625 0.0322265625 0.0556640625
0 0.44775390625 0.55029296875 0.0634765625 0.0927734375
0 0.37646484375 0.462890625 0.0322265625 0.0390625
