0 0.955078125 0.605571847507 0.0546875 0.069403714565
0 0.9775390625 0.551808406647 0.029296875 0.0420332355816
0 0.935546875 0.535679374389 0.021484375 0.0234604105572
0 0.8828125 0.527370478983 0.021484375 0.030303030303
0 0.76806640625 0.663734115347 0.0322265625 0.0527859237537
0 0.74169921875 0.643695014663 0.0361328125 0.049853372434
0 0.796875 0.580156402737 0.037109375 0.0478983382209
0 0.80322265625 0.534213098729 0.0302734375 0.0381231671554
0 0.7275390625 0.539100684262 0.01953125 0.0342130987292
0 0.64990234375 0.619257086999 0.0537109375 0.0713587487781
0 0.705078125 0.598240469208 0.03515625 0.0449657869013
0 0.6318359375 0.557184750733 0.037109375 0.0527859237537
0 0.53662109375 0.625122189638 0.0498046875 0.0557184750733
0 0.4619140625 0.623655913978 0.048828125 0.058651026393
0 0.380859375 0.603616813294 0.048828125 0.0615835777126
0 0.31640625 0.652003910068 0.0390625 0.0488758553275
0 0.3037109375 0.644183773216 0.033203125 0.0469208211144
0 0.26904296875 0.594330400782 0.0419921875 0.0469208211144
0 0.22119140625 0.571358748778 0.0244140625 0.0283479960899
0 0.220703125 0.543499511241 0.01953125 0.0234604105572
0 0.06396484375 0.562072336266 0.0341796875 0.0449657869013
0 0.1435546875 0.58211143695 0.021484375 0.0322580645161
0 0.2138671875 0.503421309873 0.01953125 0.0234604105572
0 0.26806640625 0.537634408602 0.0224609375 0.0293255131965
0 0.4921875 0.567448680352 0.029296875 0.0381231671554
0 0.47021484375 0.557184750733 0.0244140625 0.0293255131965
0 0.474609375 0.519061583578 0.01953125 0.0234604105572
0 0.4658203125 0.525904203324 0.01953125 0.0273704789834
0 0.57763671875 0.554252199413 0.0283203125 0.0332355816227
0 0.56201171875 0.545943304008 0.0205078125 0.0263929618768
0 0.68408203125 0.520039100684 0.0224609375 0.0312805474096
0 0.64013671875 0.518084066471 0.0205078125 0.0293255131965
