0 0.44482421875 0.269794721408 0.0908203125 0.119257086999
0 0.4912109375 0.190127077224 0.033203125 0.0381231671554
0 0.77734375 0.226783968719 0.0234375 0.0371456500489
0 0.8759765625 0.25219941349 0.025390625 0.0293255131965
0 0.75048828125 0.276637341153 0.0205078125 0.0312805474096
0 0.3046875 0.193548387097 0.029296875 0.0312805474096
0 0.17626953125 0.21945259042 0.0283203125 0.0342130987292
0 0.10693359375 0.2238514174 0.0205078125 0.0234604105572
0 0.6591796875 0.22091886608 0.033203125 0.0449657869013
0 0.64453125 0.214076246334 0.02734375 0.039100684262
