0 0.76611328125 0.8046875 0.0556640625 0.056640625
0 0.73291015625 0.67041015625 0.0419921875 0.0458984375
0 0.7998046875 0.60009765625 0.033203125 0.0439453125
0 0.91259765625 0.65576171875 0.0244140625 0.0458984375
0 0.697265625 0.59326171875 0.041015625 0.0400390625
0 0.44482421875 0.8017578125 0.0498046875 0.05859375
0 0.48486328125 0.65087890625 0.0361328125 0.0458984375
0 0.2763671875 0.8134765625 0.056640625 0.0390625
0 0.07275390625 0.74267578125 0.0537109375 0.0673828125
0 0.240234375 0.69482421875 0.033203125 0.0439453125
0 0.1376953125 0.65234375 0.04296875 0.048828125
0 0.30322265625 0.60693359375 0.0341796875 0.0400390625
0 0.345703125 0.5341796875 0.02734375 0.033203125
0 0.25439453125 0.52490234375 0.0263671875 0.0302734375
0 0.173828125 0.5302734375 0.0234375 0.0234375
0 0.0927734375 0.517578125 0.03125 0.033203125
0 0.025390625 0.533203125 0.02734375 0.029296875
0 0.244140625 0.4423828125 0.021484375 0.029296875
0 0.3193359375 0.447265625 0.01953125 0.0234375
0 0.44140625 0.4560546875 0.01953125 0.025390625
0 0.4501953125 0.427734375 0.01953125 0.02734375
0 0.2919921875 0.4833984375 0.01953125 0.02734375
0 0.654296875 0.4658203125 0.01953125 0.021484375
0 0.837890625 0.42724609375 0.0234375 0.0283203125
0 0.9599609375 0.41552734375 0.021484375 0.0224609375
