0 0.125 0.39208984375 0.037109375 0.0556640625
0 0.1806640625 0.3583984375 0.01953125 0.02734375
0 0.013671875 0.44921875 0.02734375 0.048828125
0 0.07177734375 0.494140625 0.0439453125 0.0546875
0 0.18896484375 0.4599609375 0.0478515625 0.056640625
0 0.21142578125 0.373046875 0.0224609375 0.025390625
0 0.263671875 0.39453125 0.03125 0.046875
0 0.28271484375 0.41845703125 0.0341796875 0.0458984375
0 0.373046875 0.439453125 0.037109375 0.05859375
0 0.359375 0.36474609375 0.025390625 0.0380859375
0 0.46435546875 0.369140625 0.0302734375 0.044921875
0 0.51220703125 0.36328125 0.0380859375 0.05859375
0 0.45166015625 0.34375 0.0263671875 0.033203125
0 0.771484375 0.3330078125 0.029296875 0.041015625
0 0.58984375 0.37841796875 0.0390625 0.0556640625
0 0.654296875 0.3466796875 0.03515625 0.044921875
0 0.6767578125 0.4267578125 0.04296875 0.068359375
0 0.85302734375 0.44384765625 0.0498046875 0.0673828125
0 0.869140625 0.35595703125 0.0390625 0.0537109375
0 0.81640625 0.29931640625 0.0234375 0.0283203125
