0 0.52001953125 0.61485826002 0.0927734375 0.117302052786
0 0.2861328125 0.680840664712 0.056640625 0.0850439882698
0 0.2666015625 0.619745845552 0.0234375 0.0312805474096
0 0.0888671875 0.653958944282 0.029296875 0.0351906158358
0 0.6240234375 0.608015640274 0.04296875 0.0547409579668
0 0.6962890625 0.550830889541 0.021484375 0.0322580645161
0 0.7392578125 0.622189638319 0.044921875 0.0654936461388
0 0.76025390625 0.579667644184 0.0361328125 0.0430107526882
0 0.8095703125 0.530303030303 0.0234375 0.0283479960899
0 0.92578125 0.55816226784 0.03515625 0.0527859237537
0 0.97802734375 0.563538611926 0.0439453125 0.0752688172043
