0 0.06005859375 0.328445747801 0.0791015625 0.0977517106549
0 0.08154296875 0.384164222874 0.0341796875 0.0351906158358
0 0.22216796875 0.327468230694 0.0380859375 0.0508308895406
0 0.25341796875 0.354838709677 0.0244140625 0.0351906158358
0 0.22607421875 0.441348973607 0.1005859375 0.126099706745
0 0.28857421875 0.461388074291 0.0439453125 0.0645161290323
0 0.31396484375 0.33724340176 0.0341796875 0.0410557184751
0 0.35498046875 0.380254154448 0.0380859375 0.0488758553275
0 0.451171875 0.353861192571 0.04296875 0.0527859237537
0 0.4853515625 0.451124144673 0.0625 0.0733137829912
0 0.61328125 0.38514173998 0.041015625 0.0410557184751
0 0.8125 0.341642228739 0.01953125 0.0244379276637
0 0.9267578125 0.33284457478 0.01953125 0.0244379276637
0 0.12939453125 0.353861192571 0.0263671875 0.0410557184751
