0 0.044921875 0.69677734375 0.029296875 0.0263671875
0 0.05322265625 0.7236328125 0.0283203125 0.0234375
0 0.08740234375 0.7041015625 0.0302734375 0.02734375
0 0.05517578125 0.7626953125 0.0341796875 0.04296875
0 0.12744140625 0.73779296875 0.0224609375 0.0283203125
0 0.15625 0.73876953125 0.033203125 0.0322265625
0 0.1513671875 0.70458984375 0.021484375 0.0224609375
0 0.08154296875 0.78564453125 0.0576171875 0.0634765625
0 0.2138671875 0.775390625 0.046875 0.044921875
0 0.25390625 0.69482421875 0.0234375 0.0263671875
0 0.3408203125 0.78271484375 0.04296875 0.0322265625
0 0.32568359375 0.76123046875 0.0224609375 0.0263671875
0 0.34619140625 0.7255859375 0.0205078125 0.037109375
0 0.3212890625 0.69677734375 0.01953125 0.0224609375
0 0.52294921875 0.74609375 0.0419921875 0.044921875
0 0.4345703125 0.7421875 0.0234375 0.041015625
0 0.48095703125 0.71533203125 0.0283203125 0.0341796875
0 0.49853515625 0.68798828125 0.0205078125 0.0224609375
0 0.5341796875 0.671875 0.021484375 0.025390625
0 0.57275390625 0.78173828125 0.0458984375 0.0322265625
0 0.57763671875 0.68603515625 0.0205078125 0.0205078125
0 0.61669921875 0.73193359375 0.0244140625 0.0322265625
0 0.6591796875 0.7646484375 0.05078125 0.05078125
0 0.6787109375 0.69775390625 0.02734375 0.0244140625
0 0.77294921875 0.7197265625 0.0244140625 0.029296875
0 0.7734375 0.6826171875 0.021484375 0.021484375
0 0.779296875 0.76318359375 0.021484375 0.0322265625
0 0.869140625 0.7529296875 0.064453125 0.072265625
0 0.9609375 0.72998046875 0.0546875 0.0517578125
0 0.970703125 0.703125 0.029296875 0.03125
0 0.84033203125 0.51171875 0.0224609375 0.0234375
0 0.88037109375 0.51318359375 0.0263671875 0.0263671875
