0 0.9599609375 0.38623046875 0.021484375 0.0283203125
0 0.9443359375 0.3662109375 0.01953125 0.0234375
0 0.86328125 0.396484375 0.021484375 0.025390625
0 0.8212890625 0.36865234375 0.021484375 0.0263671875
0 0.78515625 0.40478515625 0.01953125 0.0244140625
0 0.736328125 0.39013671875 0.01953125 0.0244140625
0 0.69140625 0.41650390625 0.01953125 0.0244140625
0 0.79931640625 0.4638671875 0.0263671875 0.03515625
0 0.693359375 0.45458984375 0.03125 0.0458984375
0 0.62109375 0.46240234375 0.025390625 0.0302734375
0 0.33935546875 0.4580078125 0.0322265625 0.041015625
0 0.1953125 0.4453125 0.025390625 0.033203125
0 0.115234375 0.45263671875 0.029296875 0.0361328125
0 0.068359375 0.44189453125 0.029296875 0.0361328125
