0 0.13818359375 0.5634765625 0.0302734375 0.041015625
0 0.23291015625 0.580078125 0.0283203125 0.037109375
0 0.33203125 0.5712890625 0.025390625 0.03125
0 0.3828125 0.541015625 0.01953125 0.02734375
0 0.43798828125 0.56201171875 0.0224609375 0.0283203125
0 0.447265625 0.5517578125 0.01953125 0.01953125
0 0.50341796875 0.52197265625 0.0205078125 0.0263671875
0 0.5361328125 0.5712890625 0.02734375 0.03515625
0 0.6123046875 0.56005859375 0.025390625 0.0361328125
0 0.68017578125 0.5615234375 0.0263671875 0.03515625
0 0.75927734375 0.55908203125 0.0283203125 0.0361328125
0 0.86181640625 0.54541015625 0.0322265625 0.0400390625
