0 0.02978515625 0.64892578125 0.0556640625 0.0556640625
0 0.32568359375 0.6376953125 0.0498046875 0.06640625
0 0.4306640625 0.67138671875 0.046875 0.0693359375
0 0.46533203125 0.62255859375 0.0341796875 0.0380859375
0 0.556640625 0.615234375 0.029296875 0.044921875
0 0.72216796875 0.6376953125 0.0634765625 0.099609375
0 0.791015625 0.587890625 0.041015625 0.060546875
0 0.84326171875 0.689453125 0.0556640625 0.080078125
0 0.94287109375 0.60009765625 0.0478515625 0.0576171875
0 0.95654296875 0.52880859375 0.0244140625 0.0341796875
0 0.916015625 0.544921875 0.0234375 0.025390625
0 0.3828125 0.62158203125 0.021484375 0.0361328125
