0 0.0166015625 0.33251953125 0.033203125 0.0693359375
0 0.12451171875 0.44970703125 0.0302734375 0.0380859375
0 0.13330078125 0.43603515625 0.0244140625 0.0341796875
0 0.216796875 0.40283203125 0.041015625 0.0478515625
0 0.283203125 0.41552734375 0.03515625 0.0380859375
0 0.31591796875 0.41943359375 0.0263671875 0.0380859375
0 0.412109375 0.35595703125 0.068359375 0.0908203125
0 0.49609375 0.45361328125 0.0234375 0.0302734375
0 0.603515625 0.44580078125 0.064453125 0.0927734375
0 0.76904296875 0.36962890625 0.0576171875 0.0849609375
0 0.84619140625 0.40185546875 0.0517578125 0.0673828125
0 0.89208984375 0.39697265625 0.0400390625 0.0576171875
0 0.943359375 0.42333984375 0.04296875 0.0595703125
