0 0.92724609375 0.314453125 0.0986328125 0.107421875
0 0.8095703125 0.28173828125 0.09765625 0.1123046875
0 0.90576171875 0.140625 0.0478515625 0.03125
0 0.748046875 0.14013671875 0.046875 0.0302734375
0 0.40478515625 0.34228515625 0.1201171875 0.1572265625
0 0.5224609375 0.24560546875 0.0546875 0.0634765625
0 0.52099609375 0.15478515625 0.0341796875 0.0458984375
0 0.30029296875 0.2333984375 0.0654296875 0.076171875
0 0.31591796875 0.33642578125 0.1064453125 0.1220703125
0 0.25439453125 0.1640625 0.0302734375 0.037109375
0 0.29345703125 0.15087890625 0.0244140625 0.0302734375
0 0.482421875 0.138671875 0.0234375 0.02734375
0 0.34375 0.1552734375 0.01953125 0.021484375
0 0.07861328125 0.18408203125 0.0576171875 0.0673828125
0 0.02197265625 0.34765625 0.0439453125 0.10546875
0 0.0244140625 0.26513671875 0.048828125 0.1201171875
0 0.06640625 0.2626953125 0.076171875 0.08203125
