0 0.8681640625 0.66796875 0.01953125 0.02734375
0 0.7705078125 0.6689453125 0.01953125 0.0234375
0 0.7314453125 0.66943359375 0.01953125 0.0244140625
0 0.65478515625 0.67138671875 0.0205078125 0.0224609375
0 0.9443359375 0.6669921875 0.01953125 0.025390625
0 0.91259765625 0.6728515625 0.0224609375 0.02734375
0 0.9248046875 0.69970703125 0.0234375 0.0302734375
0 0.7470703125 0.7138671875 0.0234375 0.02734375
0 0.64501953125 0.72314453125 0.0244140625 0.0283203125
0 0.5263671875 0.7080078125 0.021484375 0.025390625
0 0.47802734375 0.72119140625 0.0205078125 0.0283203125
0 0.5751953125 0.72412109375 0.01953125 0.0302734375
0 0.439453125 0.71875 0.01953125 0.025390625
0 0.408203125 0.69921875 0.0234375 0.021484375
0 0.4384765625 0.66455078125 0.01953125 0.0263671875
0 0.2119140625 0.72607421875 0.0234375 0.0302734375
0 0.0537109375 0.7431640625 0.021484375 0.029296875
0 0.01416015625 0.75830078125 0.0283203125 0.0380859375
0 0.0341796875 0.7138671875 0.021484375 0.02734375
0 0.10009765625 0.7177734375 0.0205078125 0.03125
0 0.1708984375 0.6748046875 0.021484375 0.025390625
0 0.091796875 0.65673828125 0.01953125 0.0244140625
0 0.7529296875 0.7587890625 0.01953125 0.0234375
0 0.978515625 0.66259765625 0.021484375 0.0283203125
