0 0.87255859375 0.505376344086 0.0244140625 0.0371456500489
0 0.83154296875 0.499022482893 0.0244140625 0.0420332355816
0 0.71875 0.454056695992 0.029296875 0.0459433040078
0 0.595703125 0.486803519062 0.029296875 0.0449657869013
0 0.54541015625 0.479960899316 0.0244140625 0.0273704789834
0 0.5205078125 0.482893450635 0.01953125 0.0234604105572
0 0.986328125 0.521016617791 0.025390625 0.0312805474096
0 0.50732421875 0.510263929619 0.0205078125 0.0332355816227
0 0.4775390625 0.485826001955 0.029296875 0.0351906158358
0 0.353515625 0.517595307918 0.0234375 0.0283479960899
0 0.1552734375 0.602150537634 0.0234375 0.0332355816227
