0 0.0322265625 0.52294921875 0.025390625 0.0537109375
0 0.15576171875 0.49560546875 0.0263671875 0.0400390625
0 0.18017578125 0.51611328125 0.0224609375 0.0498046875
0 0.255859375 0.5146484375 0.0234375 0.044921875
0 0.240234375 0.81640625 0.03125 0.068359375
0 0.01513671875 0.4462890625 0.0224609375 0.02734375
0 0.13916015625 0.42822265625 0.0283203125 0.0361328125
0 0.12158203125 0.38671875 0.0263671875 0.02734375
0 0.07568359375 0.35546875 0.0205078125 0.025390625
0 0.1806640625 0.3779296875 0.021484375 0.021484375
0 0.21435546875 0.39453125 0.0263671875 0.03125
0 0.20166015625 0.4560546875 0.0205078125 0.03125
0 0.080078125 0.45556640625 0.025390625 0.0244140625
0 0.07958984375 0.41064453125 0.0205078125 0.0244140625
0 0.27099609375 0.3935546875 0.0244140625 0.0234375
0 0.3388671875 0.41357421875 0.01953125 0.0263671875
0 0.4169921875 0.38232421875 0.025390625 0.0263671875
0 0.4814453125 0.43017578125 0.02734375 0.0380859375
0 0.529296875 0.37841796875 0.021484375 0.0322265625
0 0.75732421875 0.42724609375 0.0205078125 0.0283203125
0 0.6044921875 0.48583984375 0.02734375 0.0732421875
0 0.8681640625 0.53369140625 0.0234375 0.0419921875
