0 0.43994140625 0.284946236559 0.0771484375 0.0987292277615
0 0.71484375 0.298142717498 0.06640625 0.0899315738025
0 0.064453125 0.624144672532 0.01953125 0.0263929618768
0 0.20703125 0.495601173021 0.078125 0.0762463343109
0 0.5400390625 0.69843597263 0.083984375 0.0967741935484
0 0.458984375 0.599217986315 0.0234375 0.0273704789834
0 0.5654296875 0.593352883675 0.021484375 0.0215053763441
0 0.73828125 0.625122189638 0.046875 0.0596285434995
0 0.6455078125 0.57917888563 0.04296875 0.0381231671554
0 0.865234375 0.58064516129 0.056640625 0.0566959921799
