0 0.0693359375 0.55029296875 0.021484375 0.0322265625
0 0.267578125 0.560546875 0.0234375 0.029296875
0 0.3388671875 0.56982421875 0.0234375 0.0283203125
0 0.41748046875 0.595703125 0.0224609375 0.025390625
0 0.5341796875 0.5947265625 0.01953125 0.0234375
0 0.5966796875 0.5791015625 0.025390625 0.02734375
0 0.62060546875 0.5517578125 0.0263671875 0.041015625
0 0.716796875 0.5537109375 0.021484375 0.03125
0 0.85302734375 0.56787109375 0.0263671875 0.0341796875
0 0.9755859375 0.55078125 0.0234375 0.025390625
0 0.46435546875 0.58837890625 0.0224609375 0.0302734375
