0 0.41015625 0.50341796875 0.021484375 0.0205078125
0 0.40234375 0.46044921875 0.01953125 0.0205078125
0 0.4619140625 0.580078125 0.03515625 0.033203125
0 0.2939453125 0.50146484375 0.0234375 0.0283203125
0 0.322265625 0.5107421875 0.0234375 0.021484375
0 0.267578125 0.51025390625 0.025390625 0.0244140625
0 0.1748046875 0.50146484375 0.01953125 0.0244140625
0 0.20458984375 0.58447265625 0.0244140625 0.0283203125
0 0.18701171875 0.54638671875 0.0244140625 0.0283203125
0 0.29931640625 0.58251953125 0.0263671875 0.0380859375
0 0.09130859375 0.5703125 0.0302734375 0.033203125
0 0.115234375 0.5556640625 0.02734375 0.029296875
0 0.111328125 0.4892578125 0.01953125 0.01953125
0 0.060546875 0.5 0.021484375 0.01953125
0 0.02978515625 0.640625 0.0341796875 0.037109375
0 0.0576171875 0.46826171875 0.01953125 0.0205078125
0 0.0537109375 0.52099609375 0.0234375 0.0244140625
