0 0.177734375 0.71435546875 0.021484375 0.0263671875
0 0.13525390625 0.767578125 0.0205078125 0.025390625
0 0.05224609375 0.736328125 0.0224609375 0.0234375
0 0.17529296875 0.68310546875 0.0205078125 0.0224609375
0 0.11474609375 0.6748046875 0.0205078125 0.021484375
0 0.05859375 0.64794921875 0.01953125 0.0224609375
0 0.26318359375 0.7041015625 0.0205078125 0.025390625
0 0.40771484375 0.68310546875 0.0224609375 0.0283203125
0 0.52978515625 0.6982421875 0.0205078125 0.02734375
0 0.52734375 0.72900390625 0.021484375 0.0322265625
0 0.11279296875 0.72314453125 0.0224609375 0.0263671875
0 0.14111328125 0.71728515625 0.0205078125 0.0283203125
0 0.591796875 0.65771484375 0.01953125 0.0283203125
0 0.66455078125 0.6796875 0.0205078125 0.0234375
0 0.8369140625 0.67138671875 0.01953125 0.0244140625
0 0.8154296875 0.72314453125 0.01953125 0.0283203125
0 0.73291015625 0.69677734375 0.0205078125 0.0263671875
0 0.69091796875 0.7314453125 0.0224609375 0.025390625
0 0.72998046875 0.72216796875 0.0205078125 0.0263671875
0 0.6044921875 0.7353515625 0.021484375 0.025390625
0 0.74462890625 0.67822265625 0.0205078125 0.0263671875
0 0.7900390625 0.6865234375 0.021484375 0.025390625
0 0.9677734375 0.689453125 0.021484375 0.025390625
0 0.92724609375 0.671875 0.0224609375 0.025390625
0 0.91552734375 0.69873046875 0.0205078125 0.0263671875
