0 0.0361328125 0.57958984375 0.01953125 0.0322265625
0 0.18701171875 0.564453125 0.0263671875 0.037109375
0 0.3095703125 0.57958984375 0.048828125 0.0576171875
0 0.46435546875 0.603515625 0.0458984375 0.06640625
0 0.5126953125 0.58837890625 0.021484375 0.0283203125
0 0.6015625 0.61865234375 0.021484375 0.0302734375
0 0.65869140625 0.6396484375 0.0205078125 0.03125
0 0.72314453125 0.61474609375 0.0263671875 0.0439453125
0 0.466796875 0.81640625 0.1328125 0.1171875
0 0.7841796875 0.5966796875 0.021484375 0.02734375
0 0.7666015625 0.6005859375 0.01953125 0.029296875
0 0.916015625 0.638671875 0.025390625 0.03125
