0 0.12255859375 0.26318359375 0.0283203125 0.0419921875
0 0.13720703125 0.26904296875 0.0322265625 0.0478515625
0 0.18017578125 0.18408203125 0.0283203125 0.0361328125
0 0.0498046875 0.2451171875 0.03125 0.041015625
0 0.01904296875 0.2578125 0.0380859375 0.044921875
0 0.0361328125 0.31640625 0.052734375 0.0625
0 0.06787109375 0.37109375 0.0517578125 0.0625
0 0.10009765625 0.40576171875 0.0634765625 0.0673828125
0 0.23486328125 0.42041015625 0.0634765625 0.0751953125
0 0.19873046875 0.34423828125 0.0498046875 0.0615234375
0 0.1494140625 0.35888671875 0.04296875 0.0498046875
0 0.248046875 0.30908203125 0.0390625 0.0517578125
0 0.2138671875 0.29541015625 0.03125 0.0380859375
0 0.23095703125 0.248046875 0.0361328125 0.048828125
0 0.34326171875 0.359375 0.0478515625 0.060546875
0 0.42578125 0.38671875 0.041015625 0.064453125
0 0.3935546875 0.333984375 0.037109375 0.0546875
0 0.4091796875 0.29736328125 0.03515625 0.0458984375
0 0.38427734375 0.2783203125 0.0341796875 0.0390625
0 0.44970703125 0.30078125 0.0302734375 0.052734375
0 0.24169921875 0.19580078125 0.0205078125 0.0341796875
0 0.2705078125 0.19970703125 0.021484375 0.0302734375
0 0.2958984375 0.2109375 0.025390625 0.03125
0 0.39013671875 0.2392578125 0.0283203125 0.03515625
0 0.4306640625 0.2177734375 0.029296875 0.04296875
0 0.35205078125 0.21240234375 0.0322265625 0.0361328125
0 0.12646484375 0.48779296875 0.0693359375 0.0888671875
0 0.04248046875 0.5986328125 0.0791015625 0.1015625
0 0.20263671875 0.59423828125 0.0791015625 0.0947265625
0 0.16943359375 0.7392578125 0.1103515625 0.107421875
0 0.14697265625 0.80029296875 0.1044921875 0.0673828125
0 0.33544921875 0.779296875 0.1005859375 0.109375
0 0.43896484375 0.5166015625 0.0908203125 0.123046875
0 0.63037109375 0.71337890625 0.0927734375 0.1298828125
0 0.47900390625 0.37744140625 0.0498046875 0.0673828125
0 0.517578125 0.4033203125 0.05078125 0.07421875
0 0.58203125 0.4833984375 0.0703125 0.08984375
0 0.6513671875 0.59326171875 0.080078125 0.1044921875
0 0.63916015625 0.43359375 0.0419921875 0.05078125
0 0.5966796875 0.37939453125 0.044921875 0.0673828125
0 0.55615234375 0.365234375 0.0322265625 0.0390625
0 0.71337890625 0.80029296875 0.1103515625 0.0673828125
0 0.91796875 0.771484375 0.107421875 0.125
0 0.9814453125 0.6533203125 0.037109375 0.115234375
0 0.7451171875 0.57666015625 0.07421875 0.1064453125
0 0.8984375 0.53271484375 0.076171875 0.0791015625
0 0.9765625 0.42919921875 0.0390625 0.0634765625
0 0.9326171875 0.3916015625 0.05078125 0.056640625
0 0.955078125 0.349609375 0.0546875 0.0625
0 0.88916015625 0.34375 0.0478515625 0.064453125
0 0.81396484375 0.32373046875 0.0419921875 0.0517578125
0 0.7890625 0.3037109375 0.0390625 0.05078125
0 0.482421875 0.26708984375 0.041015625 0.0478515625
0 0.560546875 0.2685546875 0.033203125 0.04296875
0 0.47265625 0.19677734375 0.0234375 0.0283203125
0 0.62890625 0.24609375 0.025390625 0.03515625
0 0.66650390625 0.22900390625 0.0205078125 0.0263671875
0 0.7451171875 0.3359375 0.041015625 0.046875
0 0.75341796875 0.3662109375 0.0302734375 0.04296875
0 0.81884765625 0.24365234375 0.0263671875 0.0361328125
0 0.85888671875 0.20458984375 0.0205078125 0.0244140625
0 0.8095703125 0.21630859375 0.025390625 0.0302734375
0 0.74365234375 0.197265625 0.0244140625 0.029296875
0 0.77294921875 0.21923828125 0.0224609375 0.0322265625
0 0.59912109375 0.23779296875 0.0224609375 0.0224609375
0 0.5859375 0.23291015625 0.01953125 0.0263671875
0 0.5810546875 0.19482421875 0.01953125 0.0244140625
0 0.970703125 0.265625 0.02734375 0.033203125
0 0.9873046875 0.29931640625 0.021484375 0.0283203125
0 0.9072265625 0.1796875 0.01953125 0.025390625
0 0.25634765625 0.46875 0.0673828125 0.083984375
0 0.82470703125 0.52099609375 0.0380859375 0.0458984375
0 0.31494140625 0.25 0.0224609375 0.025390625
0 0.4921875 0.22412109375 0.03125 0.0302734375
0 0.93359375 0.2646484375 0.029296875 0.037109375
