0 0.076171875 0.57470703125 0.03125 0.0361328125
0 0.1943359375 0.5615234375 0.029296875 0.03125
0 0.2998046875 0.55810546875 0.025390625 0.0263671875
0 0.40673828125 0.533203125 0.0244140625 0.033203125
0 0.3974609375 0.44873046875 0.01953125 0.0283203125
0 0.43408203125 0.43359375 0.0205078125 0.025390625
0 0.435546875 0.484375 0.02734375 0.037109375
0 0.482421875 0.4892578125 0.01953125 0.033203125
0 0.5078125 0.53271484375 0.02734375 0.0380859375
0 0.53369140625 0.4580078125 0.0205078125 0.02734375
0 0.57861328125 0.47900390625 0.0244140625 0.0361328125
0 0.5732421875 0.55224609375 0.025390625 0.0244140625
0 0.546875 0.443359375 0.021484375 0.02734375
0 0.62841796875 0.4453125 0.0205078125 0.02734375
0 0.6396484375 0.5234375 0.02734375 0.041015625
0 0.736328125 0.51953125 0.02734375 0.0390625
0 0.87109375 0.53271484375 0.029296875 0.0380859375
0 0.9853515625 0.51904296875 0.02734375 0.0380859375
