0 0.93896484375 0.412512218964 0.0361328125 0.0410557184751
0 0.90380859375 0.421798631476 0.0439453125 0.0537634408602
0 0.8984375 0.33284457478 0.025390625 0.0263929618768
0 0.81884765625 0.333333333333 0.0244140625 0.0293255131965
0 0.837890625 0.384164222874 0.021484375 0.0332355816227
0 0.8134765625 0.426686217009 0.037109375 0.0439882697947
0 0.759765625 0.351417399804 0.02734375 0.0244379276637
0 0.78125 0.385630498534 0.033203125 0.0400782013685
0 0.76171875 0.438905180841 0.041015625 0.0469208211144
0 0.76953125 0.291788856305 0.0234375 0.0205278592375
0 0.740234375 0.321114369501 0.025390625 0.0283479960899
0 0.68115234375 0.349462365591 0.0322265625 0.0361681329423
0 0.6748046875 0.289833822092 0.0234375 0.0283479960899
0 0.64013671875 0.324535679374 0.0263671875 0.0293255131965
0 0.689453125 0.402248289345 0.037109375 0.0459433040078
0 0.646484375 0.381231671554 0.03125 0.0371456500489
0 0.61865234375 0.420332355816 0.0419921875 0.0527859237537
0 0.576171875 0.357771260997 0.037109375 0.039100684262
0 0.60009765625 0.320136852395 0.0244140625 0.0322580645161
0 0.578125 0.283479960899 0.01953125 0.0234604105572
0 0.541015625 0.427174975562 0.03125 0.0430107526882
0 0.53759765625 0.326490713587 0.0244140625 0.0312805474096
0 0.48779296875 0.287390029326 0.0205078125 0.0215053763441
0 0.49462890625 0.352394916911 0.0283203125 0.0244379276637
0 0.46240234375 0.374389051808 0.0361328125 0.0430107526882
0 0.439453125 0.436950146628 0.04296875 0.0488758553275
0 0.42724609375 0.380742913001 0.0263671875 0.030303030303
0 0.40771484375 0.33431085044 0.0205078125 0.0234604105572
0 0.37646484375 0.349462365591 0.0283203125 0.0342130987292
0 0.33740234375 0.390518084066 0.0283203125 0.0361681329423
0 0.32470703125 0.425708699902 0.0322265625 0.0400782013685
0 0.30224609375 0.395894428152 0.0205078125 0.0351906158358
0 0.2529296875 0.379276637341 0.046875 0.0527859237537
0 0.1962890625 0.389051808407 0.029296875 0.0312805474096
0 0.126953125 0.390518084066 0.044921875 0.0557184750733
0 0.97412109375 0.38514173998 0.0302734375 0.0332355816227
