0 0.9287109375 0.559139784946 0.025390625 0.0332355816227
0 0.98388671875 0.650537634409 0.0322265625 0.0342130987292
0 0.83935546875 0.543988269795 0.0263671875 0.030303030303
0 0.67919921875 0.572825024438 0.0263671875 0.0332355816227
0 0.56787109375 0.569403714565 0.0224609375 0.0283479960899
0 0.47216796875 0.580156402737 0.0244140625 0.0283479960899
0 0.3251953125 0.55816226784 0.0234375 0.0273704789834
0 0.34326171875 0.493157380254 0.0224609375 0.0224828934506
0 0.2021484375 0.566471163245 0.0234375 0.0244379276637
0 0.09033203125 0.549364613881 0.0224609375 0.0254154447703
0 0.02392578125 0.540566959922 0.0205078125 0.019550342131
