0 0.0234375 0.55078125 0.041015625 0.056640625
0 0.1044921875 0.5517578125 0.068359375 0.068359375
0 0.23046875 0.4697265625 0.056640625 0.056640625
0 0.24462890625 0.4189453125 0.0419921875 0.04296875
0 0.29541015625 0.4072265625 0.0419921875 0.041015625
0 0.3564453125 0.3896484375 0.041015625 0.044921875
0 0.1748046875 0.41064453125 0.037109375 0.0419921875
0 0.08837890625 0.455078125 0.0400390625 0.041015625
0 0.0986328125 0.38671875 0.01953125 0.021484375
0 0.32177734375 0.3515625 0.0205078125 0.01953125
0 0.44775390625 0.35400390625 0.0244140625 0.0205078125
0 0.45458984375 0.3837890625 0.0205078125 0.025390625
0 0.45849609375 0.419921875 0.0263671875 0.025390625
0 0.388671875 0.46337890625 0.041015625 0.0400390625
0 0.50244140625 0.40283203125 0.0322265625 0.0380859375
0 0.52001953125 0.4423828125 0.0400390625 0.048828125
0 0.54638671875 0.40185546875 0.0400390625 0.0517578125
0 0.52490234375 0.31982421875 0.0263671875 0.0302734375
0 0.59765625 0.32763671875 0.03125 0.0400390625
0 0.654296875 0.2861328125 0.01953125 0.01953125
0 0.65869140625 0.30859375 0.0205078125 0.025390625
0 0.64697265625 0.34716796875 0.0263671875 0.0380859375
0 0.66162109375 0.4140625 0.0458984375 0.05078125
0 0.60498046875 0.4697265625 0.0380859375 0.06640625
0 0.75634765625 0.46240234375 0.0595703125 0.0830078125
0 0.78125 0.384765625 0.046875 0.044921875
0 0.90478515625 0.38525390625 0.0791015625 0.0947265625
0 0.85009765625 0.4072265625 0.0361328125 0.05078125
0 0.86474609375 0.35546875 0.0380859375 0.04296875
0 0.7197265625 0.34716796875 0.029296875 0.0341796875
0 0.685546875 0.3642578125 0.046875 0.0546875
0 0.71484375 0.31201171875 0.025390625 0.0283203125
0 0.77392578125 0.27294921875 0.0263671875 0.0361328125
0 0.84765625 0.27197265625 0.021484375 0.0244140625
0 0.97509765625 0.27294921875 0.0361328125 0.0361328125
0 0.98779296875 0.3193359375 0.0244140625 0.044921875
0 0.98486328125 0.67578125 0.0302734375 0.11328125
0 0.77734375 0.3447265625 0.03515625 0.037109375
