0 0.06591796875 0.37646484375 0.0732421875 0.0888671875
0 0.2275390625 0.3525390625 0.056640625 0.0703125
0 0.17578125 0.35986328125 0.021484375 0.0400390625
0 0.0458984375 0.3046875 0.03125 0.03125
0 0.10009765625 0.318359375 0.0322265625 0.033203125
0 0.32470703125 0.37646484375 0.0283203125 0.0400390625
0 0.37744140625 0.3486328125 0.0634765625 0.083984375
0 0.44970703125 0.365234375 0.0380859375 0.048828125
0 0.58642578125 0.3837890625 0.0283203125 0.048828125
0 0.68212890625 0.31787109375 0.0732421875 0.0869140625
0 0.78173828125 0.3193359375 0.0556640625 0.05078125
0 0.65478515625 0.3251953125 0.0458984375 0.076171875
0 0.87890625 0.33203125 0.03515625 0.0546875
0 0.9091796875 0.26904296875 0.033203125 0.0478515625
0 0.92138671875 0.3037109375 0.0419921875 0.0625
0 0.9697265625 0.33935546875 0.05859375 0.1005859375
