0 0.05615234375 0.3974609375 0.0205078125 0.0234375
0 0.1103515625 0.3447265625 0.01953125 0.021484375
0 0.19189453125 0.359375 0.0224609375 0.021484375
0 0.24072265625 0.380859375 0.0478515625 0.0390625
0 0.27490234375 0.42822265625 0.0302734375 0.0341796875
0 0.38525390625 0.41845703125 0.0205078125 0.0224609375
0 0.45068359375 0.46923828125 0.0341796875 0.0361328125
0 0.42041015625 0.42919921875 0.0302734375 0.0380859375
0 0.490234375 0.43017578125 0.02734375 0.0341796875
0 0.57763671875 0.3876953125 0.0205078125 0.025390625
0 0.89013671875 0.39892578125 0.0224609375 0.0263671875
