0 0.1396484375 0.3935546875 0.0234375 0.03125
0 0.1865234375 0.384765625 0.037109375 0.052734375
0 0.22998046875 0.36328125 0.0263671875 0.029296875
0 0.25390625 0.39697265625 0.02734375 0.0322265625
0 0.322265625 0.357421875 0.021484375 0.029296875
0 0.36962890625 0.41650390625 0.0419921875 0.0517578125
0 0.38623046875 0.36328125 0.0302734375 0.0234375
0 0.43017578125 0.376953125 0.0341796875 0.044921875
0 0.52685546875 0.41259765625 0.0498046875 0.0576171875
0 0.57763671875 0.39013671875 0.0439453125 0.0537109375
0 0.57568359375 0.33203125 0.0361328125 0.02734375
0 0.6796875 0.4140625 0.046875 0.046875
0 0.69482421875 0.3359375 0.0283203125 0.03515625
0 0.8330078125 0.35888671875 0.037109375 0.0458984375
0 0.83984375 0.39599609375 0.025390625 0.0205078125
0 0.89794921875 0.3642578125 0.0224609375 0.0234375
0 0.921875 0.37646484375 0.0234375 0.0283203125
0 0.87890625 0.42822265625 0.052734375 0.0595703125
