0 0.93701171875 0.587976539589 0.0634765625 0.0713587487781
0 0.84619140625 0.581133919844 0.0380859375 0.0459433040078
0 0.80615234375 0.642717497556 0.0556640625 0.0557184750733
0 0.74560546875 0.599706744868 0.0439453125 0.0557184750733
0 0.671875 0.58651026393 0.044921875 0.0527859237537
0 0.73291015625 0.58357771261 0.0361328125 0.0449657869013
0 0.568359375 0.565004887586 0.037109375 0.0469208211144
0 0.60791015625 0.642228739003 0.0400390625 0.0625610948192
0 0.52294921875 0.605571847507 0.0458984375 0.0518084066471
0 0.4443359375 0.605083088954 0.052734375 0.0664711632454
0 0.4033203125 0.573802541544 0.04296875 0.0527859237537
0 0.287109375 0.623655913978 0.0546875 0.0703812316716
0 0.1669921875 0.591397849462 0.05859375 0.0606060606061
0 0.1220703125 0.621700879765 0.0625 0.0840664711632
0 0.0107421875 0.594330400782 0.021484375 0.0449657869013
