0 0.8955078125 0.80078125 0.208984375 0.1484375
0 0.779296875 0.72607421875 0.03515625 0.0478515625
0 0.67431640625 0.7958984375 0.1337890625 0.158203125
0 0.56298828125 0.7470703125 0.0380859375 0.05078125
0 0.490234375 0.7060546875 0.0234375 0.029296875
0 0.52490234375 0.83837890625 0.0576171875 0.0732421875
0 0.330078125 0.67138671875 0.025390625 0.0302734375
0 0.3916015625 0.76318359375 0.044921875 0.0654296875
0 0.2548828125 0.67138671875 0.01953125 0.0263671875
0 0.30419921875 0.763671875 0.0888671875 0.123046875
0 0.26123046875 0.74560546875 0.0341796875 0.0517578125
0 0.21533203125 0.75048828125 0.0263671875 0.0244140625
0 0.1455078125 0.68603515625 0.021484375 0.0244140625
0 0.13330078125 0.712890625 0.0244140625 0.03125
0 0.076171875 0.6787109375 0.01953125 0.0234375
0 0.04296875 0.82373046875 0.046875 0.0888671875
