0 0.9033203125 0.527859237537 0.05078125 0.0645161290323
0 0.7763671875 0.466275659824 0.044921875 0.0547409579668
0 0.7333984375 0.41935483871 0.044921875 0.0606060606061
0 0.68212890625 0.554740957967 0.0517578125 0.0635386119257
0 0.4833984375 0.55816226784 0.046875 0.0566959921799
0 0.2265625 0.621700879765 0.06640625 0.0488758553275
0 0.14208984375 0.353372434018 0.0595703125 0.0615835777126
0 0.958984375 0.150537634409 0.052734375 0.0527859237537
0 0.37158203125 0.8357771261 0.0537109375 0.0762463343109
0 0.4833984375 0.78054740958 0.056640625 0.0713587487781
0 0.89306640625 0.326490713587 0.0517578125 0.0742913000978
0 0.7158203125 0.19110459433 0.033203125 0.0557184750733
0 0.8125 0.367057673509 0.04296875 0.0654936461388
