0 0.859375 0.7919921875 0.02734375 0.048828125
0 0.6611328125 0.7890625 0.029296875 0.044921875
0 0.6337890625 0.80712890625 0.02734375 0.0244140625
0 0.609375 0.76904296875 0.033203125 0.0419921875
0 0.65087890625 0.73486328125 0.0244140625 0.0322265625
0 0.5107421875 0.71533203125 0.02734375 0.0361328125
0 0.50927734375 0.806640625 0.0341796875 0.02734375
0 0.5927734375 0.70458984375 0.02734375 0.0400390625
0 0.56201171875 0.67333984375 0.0302734375 0.0361328125
0 0.59423828125 0.6591796875 0.0244140625 0.03515625
0 0.5087890625 0.6669921875 0.02734375 0.029296875
0 0.55078125 0.62744140625 0.021484375 0.0322265625
0 0.51904296875 0.6328125 0.0224609375 0.033203125
0 0.6953125 0.67138671875 0.01953125 0.0341796875
0 0.44287109375 0.64111328125 0.0244140625 0.0341796875
0 0.4130859375 0.6953125 0.0234375 0.02734375
0 0.3955078125 0.64697265625 0.0234375 0.0283203125
0 0.369140625 0.6806640625 0.029296875 0.037109375
0 0.34375 0.76220703125 0.041015625 0.0419921875
0 0.296875 0.75537109375 0.03515625 0.0400390625
0 0.2763671875 0.7158203125 0.029296875 0.037109375
0 0.3271484375 0.65771484375 0.01953125 0.0302734375
0 0.3251953125 0.62255859375 0.0234375 0.0302734375
0 0.37890625 0.60546875 0.021484375 0.033203125
0 0.228515625 0.7890625 0.041015625 0.052734375
0 0.177734375 0.79296875 0.025390625 0.046875
0 0.171875 0.7607421875 0.01953125 0.033203125
0 0.2041015625 0.68896484375 0.029296875 0.0322265625
0 0.14306640625 0.7001953125 0.0224609375 0.029296875
0 0.0185546875 0.65966796875 0.021484375 0.0244140625
0 0.03125 0.642578125 0.021484375 0.03125
0 0.009765625 0.611328125 0.01953125 0.025390625
0 0.14697265625 0.5625 0.0224609375 0.021484375
