0 0.06201171875 0.30126953125 0.0439453125 0.0400390625
0 0.07666015625 0.2333984375 0.0302734375 0.03515625
0 0.14599609375 0.31640625 0.0498046875 0.046875
0 0.173828125 0.2626953125 0.025390625 0.029296875
0 0.2451171875 0.3203125 0.03125 0.02734375
0 0.32275390625 0.2919921875 0.0341796875 0.037109375
0 0.23046875 0.39501953125 0.052734375 0.0537109375
0 0.36279296875 0.3544921875 0.0400390625 0.03125
0 0.330078125 0.55517578125 0.111328125 0.1474609375
0 0.08935546875 0.41552734375 0.0693359375 0.0986328125
0 0.40966796875 0.380859375 0.0400390625 0.05078125
0 0.49658203125 0.25244140625 0.0283203125 0.0283203125
0 0.58642578125 0.28759765625 0.0380859375 0.0478515625
0 0.64111328125 0.30859375 0.0576171875 0.080078125
0 0.45361328125 0.48876953125 0.0537109375 0.0791015625
0 0.71728515625 0.48388671875 0.0849609375 0.1142578125
0 0.685546875 0.7099609375 0.07421875 0.080078125
0 0.8037109375 0.37109375 0.072265625 0.080078125
0 0.9248046875 0.48974609375 0.0703125 0.0673828125
0 0.986328125 0.361328125 0.02734375 0.060546875
0 0.8876953125 0.236328125 0.021484375 0.0234375
0 0.7919921875 0.2705078125 0.04296875 0.0390625
0 0.666015625 0.2216796875 0.0234375 0.0234375
0 0.52294921875 0.3974609375 0.0576171875 0.041015625
0 0.5224609375 0.3310546875 0.033203125 0.02734375
0 0.01220703125 0.30908203125 0.0244140625 0.0439453125
