0 0.8916015625 0.53466796875 0.0546875 0.0693359375
0 0.740234375 0.52587890625 0.06640625 0.0693359375
0 0.8525390625 0.4541015625 0.044921875 0.05078125
0 0.787109375 0.44873046875 0.037109375 0.0419921875
0 0.72509765625 0.46240234375 0.0576171875 0.0576171875
0 0.6552734375 0.44921875 0.046875 0.05078125
0 0.97216796875 0.341796875 0.0244140625 0.033203125
0 0.68310546875 0.3623046875 0.0302734375 0.03515625
0 0.59765625 0.3837890625 0.02734375 0.025390625
0 0.4765625 0.52734375 0.072265625 0.099609375
0 0.59521484375 0.4892578125 0.0595703125 0.072265625
0 0.537109375 0.4599609375 0.041015625 0.044921875
0 0.51806640625 0.40771484375 0.0380859375 0.0458984375
0 0.40771484375 0.44091796875 0.0380859375 0.0458984375
0 0.4462890625 0.40185546875 0.033203125 0.0439453125
0 0.46240234375 0.357421875 0.0224609375 0.033203125
0 0.544921875 0.36181640625 0.025390625 0.0322265625
0 0.27392578125 0.46240234375 0.0419921875 0.0498046875
0 0.10791015625 0.56298828125 0.0771484375 0.0791015625
0 0.21533203125 0.55859375 0.0654296875 0.068359375
0 0.173828125 0.44775390625 0.04296875 0.0419921875
0 0.16552734375 0.39013671875 0.0263671875 0.0302734375
0 0.251953125 0.38037109375 0.029296875 0.0341796875
0 0.31982421875 0.3662109375 0.0263671875 0.029296875
0 0.39697265625 0.37255859375 0.0244140625 0.0283203125
0 0.02880859375 0.5224609375 0.0517578125 0.064453125
0 0.34814453125 0.4462890625 0.0595703125 0.078125
0 0.2607421875 0.33544921875 0.01953125 0.0224609375
0 0.95556640625 0.60205078125 0.0654296875 0.0927734375
0 0.02734375 0.40771484375 0.0234375 0.0322265625
