0 0.87353515625 0.1884765625 0.0341796875 0.029296875
0 0.712890625 0.19189453125 0.03125 0.0439453125
0 0.49267578125 0.16943359375 0.0361328125 0.0478515625
0 0.39697265625 0.15283203125 0.0224609375 0.0322265625
0 0.546875 0.287109375 0.03125 0.044921875
0 0.90234375 0.41259765625 0.0234375 0.0380859375
0 0.625 0.42822265625 0.05078125 0.0595703125
0 0.42578125 0.4619140625 0.0546875 0.0703125
0 0.34814453125 0.34814453125 0.0361328125 0.0478515625
0 0.11572265625 0.45703125 0.0458984375 0.05859375
0 0.19677734375 0.56787109375 0.0498046875 0.0654296875
