0 0.02880859375 0.4716796875 0.0576171875 0.138671875
0 0.13818359375 0.34521484375 0.0439453125 0.0498046875
0 0.2041015625 0.3134765625 0.03125 0.03125
0 0.24951171875 0.31591796875 0.0380859375 0.0400390625
0 0.3818359375 0.294921875 0.02734375 0.03515625
0 0.43798828125 0.28466796875 0.0224609375 0.0361328125
0 0.51171875 0.27490234375 0.02734375 0.0341796875
0 0.5341796875 0.2451171875 0.021484375 0.025390625
0 0.4638671875 0.673828125 0.08984375 0.08984375
0 0.6962890625 0.27587890625 0.01953125 0.0263671875
0 0.7177734375 0.236328125 0.01953125 0.021484375
0 0.76025390625 0.27490234375 0.0263671875 0.0361328125
0 0.96044921875 0.2861328125 0.0419921875 0.05859375
0 0.04296875 0.33251953125 0.025390625 0.0361328125
