0 0.544921875 0.256598240469 0.09375 0.104594330401
0 0.603515625 0.315738025415 0.06640625 0.0957966764418
0 0.71142578125 0.680840664712 0.0537109375 0.0557184750733
0 0.810546875 0.74633431085 0.0546875 0.0733137829912
0 0.951171875 0.769305962854 0.0625 0.0684261974585
0 0.83837890625 0.678396871945 0.0498046875 0.0703812316716
0 0.94677734375 0.666177908113 0.0400390625 0.0381231671554
0 0.93359375 0.629032258065 0.044921875 0.049853372434
0 0.75439453125 0.612903225806 0.0361328125 0.0449657869013
0 0.6845703125 0.644672531769 0.03515625 0.0459433040078
0 0.25927734375 0.625610948192 0.0654296875 0.080156402737
0 0.13134765625 0.674975562072 0.0771484375 0.112414467253
0 0.0849609375 0.490713587488 0.05859375 0.0703812316716
0 0.17138671875 0.584066471163 0.0400390625 0.0615835777126
0 0.7177734375 0.604105571848 0.02734375 0.0332355816227
0 0.78173828125 0.598240469208 0.0302734375 0.039100684262
0 0.68359375 0.597751710655 0.025390625 0.0361681329423
0 0.87109375 0.612903225806 0.033203125 0.0488758553275
0 0.9892578125 0.689638318671 0.021484375 0.0576735092864
0 0.78857421875 0.651026392962 0.0322265625 0.0430107526882
