0 0.98681640625 0.29443359375 0.0244140625 0.0595703125
0 0.94921875 0.2685546875 0.046875 0.056640625
0 0.845703125 0.291015625 0.056640625 0.060546875
0 0.81591796875 0.33154296875 0.0791015625 0.0810546875
0 0.82421875 0.44970703125 0.09375 0.1162109375
0 0.7802734375 0.259765625 0.0234375 0.029296875
0 0.6845703125 0.26953125 0.04296875 0.0546875
0 0.65185546875 0.28076171875 0.0244140625 0.0302734375
0 0.6259765625 0.2958984375 0.0234375 0.021484375
0 0.5224609375 0.3115234375 0.060546875 0.078125
0 0.5625 0.3173828125 0.03515625 0.060546875
0 0.48046875 0.28515625 0.037109375 0.046875
0 0.47900390625 0.48974609375 0.0908203125 0.1083984375
0 0.39306640625 0.3837890625 0.0673828125 0.078125
0 0.34375 0.34521484375 0.02734375 0.0361328125
0 0.28466796875 0.33203125 0.0361328125 0.037109375
0 0.17578125 0.3564453125 0.064453125 0.068359375
0 0.0380859375 0.36083984375 0.076171875 0.1220703125
