0 0.482421875 0.5087890625 0.0625 0.08203125
0 0.21142578125 0.35107421875 0.0283203125 0.0361328125
0 0.13232421875 0.3525390625 0.0283203125 0.03515625
0 0.1484375 0.64794921875 0.01953125 0.0224609375
0 0.2099609375 0.7138671875 0.060546875 0.076171875
0 0.37060546875 0.736328125 0.0673828125 0.09375
0 0.705078125 0.66552734375 0.072265625 0.0908203125
0 0.63330078125 0.66650390625 0.0400390625 0.0595703125
0 0.60400390625 0.671875 0.0341796875 0.048828125
0 0.9169921875 0.63037109375 0.029296875 0.0380859375
0 0.34814453125 0.64697265625 0.0224609375 0.0263671875
