0 0.6494140625 0.80517578125 0.095703125 0.1005859375
0 0.81982421875 0.79248046875 0.0693359375 0.1103515625
0 0.9619140625 0.82470703125 0.07421875 0.0615234375
0 0.9501953125 0.78369140625 0.091796875 0.1201171875
0 0.96728515625 0.6953125 0.0576171875 0.0703125
0 0.51220703125 0.76611328125 0.0849609375 0.1376953125
0 0.4638671875 0.70849609375 0.078125 0.1298828125
0 0.76513671875 0.642578125 0.0888671875 0.12890625
0 0.6728515625 0.47509765625 0.0703125 0.1142578125
0 0.740234375 0.38427734375 0.064453125 0.0751953125
0 0.59375 0.2490234375 0.05078125 0.06640625
0 0.578125 0.21533203125 0.048828125 0.0576171875
0 0.5615234375 0.19677734375 0.04296875 0.0537109375
0 0.47607421875 0.19140625 0.0341796875 0.052734375
0 0.68408203125 0.19287109375 0.0341796875 0.0419921875
0 0.640625 0.16162109375 0.025390625 0.0341796875
0 0.1181640625 0.755859375 0.091796875 0.126953125
0 0.61279296875 0.76318359375 0.0888671875 0.1416015625
0 0.94384765625 0.4052734375 0.0712890625 0.103515625
0 0.96435546875 0.3046875 0.0576171875 0.076171875
0 0.8388671875 0.25830078125 0.068359375 0.0849609375
0 0.93212890625 0.2265625 0.0517578125 0.064453125
0 0.77001953125 0.306640625 0.0576171875 0.060546875
0 0.76708984375 0.2294921875 0.0576171875 0.06640625
0 0.8271484375 0.1884765625 0.033203125 0.0390625
0 0.9892578125 0.33056640625 0.021484375 0.0361328125
0 0.9853515625 0.61572265625 0.02734375 0.0556640625
0 0.423828125 0.5283203125 0.087890625 0.109375
0 0.3828125 0.5302734375 0.0625 0.080078125
0 0.31103515625 0.740234375 0.0771484375 0.1171875
0 0.28515625 0.65625 0.0703125 0.08984375
0 0.24365234375 0.4599609375 0.0791015625 0.0859375
0 0.08544921875 0.44287109375 0.0654296875 0.0947265625
0 0.0263671875 0.63330078125 0.0390625 0.1318359375
0 0.2890625 0.345703125 0.06640625 0.09375
0 0.529296875 0.3466796875 0.056640625 0.09375
0 0.48291015625 0.33154296875 0.0595703125 0.0751953125
0 0.361328125 0.26513671875 0.064453125 0.0849609375
0 0.40380859375 0.298828125 0.0458984375 0.06640625
0 0.15966796875 0.29638671875 0.0712890625 0.0966796875
0 0.107421875 0.2353515625 0.05859375 0.0703125
0 0.06005859375 0.20068359375 0.0361328125 0.0537109375
0 0.2880859375 0.19580078125 0.0546875 0.0712890625
0 0.26220703125 0.27001953125 0.0595703125 0.0791015625
0 0.21533203125 0.1875 0.0341796875 0.048828125
0 0.14404296875 0.1669921875 0.0341796875 0.044921875
0 0.62744140625 0.28662109375 0.0537109375 0.0869140625
0 0.33251953125 0.19921875 0.0263671875 0.037109375
