0 0.04345703125 0.29541015625 0.0869140625 0.1142578125
0 0.11474609375 0.36083984375 0.0419921875 0.0537109375
0 0.14208984375 0.36669921875 0.0322265625 0.0478515625
0 0.1923828125 0.36962890625 0.060546875 0.0712890625
0 0.2216796875 0.3828125 0.021484375 0.029296875
0 0.25537109375 0.3837890625 0.0244140625 0.0390625
0 0.28125 0.3818359375 0.046875 0.048828125
0 0.3349609375 0.31494140625 0.095703125 0.1298828125
0 0.4306640625 0.388671875 0.0625 0.083984375
0 0.50830078125 0.40185546875 0.0654296875 0.0537109375
0 0.5546875 0.3447265625 0.091796875 0.1171875
0 0.63525390625 0.365234375 0.0361328125 0.04296875
0 0.6337890625 0.39501953125 0.0390625 0.0595703125
0 0.76708984375 0.38037109375 0.0771484375 0.1044921875
0 0.84521484375 0.40380859375 0.0634765625 0.0849609375
0 0.95068359375 0.39892578125 0.0458984375 0.0693359375
0 0.98095703125 0.4189453125 0.0380859375 0.06640625
