0 0.0322265625 0.71875 0.056640625 0.076171875
0 0.0263671875 0.59130859375 0.033203125 0.0341796875
0 0.123046875 0.59228515625 0.021484375 0.0263671875
0 0.140625 0.6689453125 0.021484375 0.021484375
0 0.19970703125 0.68115234375 0.0498046875 0.0537109375
0 0.279296875 0.69921875 0.072265625 0.0859375
0 0.36328125 0.61279296875 0.041015625 0.0439453125
0 0.4736328125 0.63330078125 0.037109375 0.0400390625
0 0.5107421875 0.671875 0.037109375 0.0546875
0 0.59765625 0.6044921875 0.0234375 0.021484375
0 0.66455078125 0.66259765625 0.0927734375 0.1162109375
0 0.73388671875 0.65771484375 0.0439453125 0.0634765625
0 0.7998046875 0.61767578125 0.01953125 0.0263671875
0 0.5673828125 0.7060546875 0.041015625 0.076171875
0 0.85400390625 0.5986328125 0.0380859375 0.05078125
0 0.92333984375 0.62353515625 0.0302734375 0.0361328125
0 0.94287109375 0.59765625 0.0224609375 0.02734375
0 0.73291015625 0.587890625 0.0205078125 0.025390625
