0 0.0380859375 0.4228515625 0.0234375 0.02734375
0 0.025390625 0.44970703125 0.021484375 0.0341796875
0 0.02099609375 0.611328125 0.0419921875 0.05078125
0 0.08154296875 0.49267578125 0.0224609375 0.0419921875
0 0.2177734375 0.58349609375 0.02734375 0.0537109375
0 0.2158203125 0.45458984375 0.01953125 0.0341796875
0 0.31591796875 0.48046875 0.0244140625 0.041015625
0 0.37353515625 0.4775390625 0.0244140625 0.033203125
0 0.42236328125 0.43994140625 0.0244140625 0.0302734375
0 0.39697265625 0.51318359375 0.0322265625 0.0537109375
0 0.42041015625 0.5556640625 0.0458984375 0.0703125
0 0.48095703125 0.47216796875 0.0380859375 0.0419921875
0 0.5615234375 0.55419921875 0.04296875 0.0595703125
0 0.51513671875 0.44873046875 0.0224609375 0.0302734375
0 0.568359375 0.46923828125 0.0234375 0.0361328125
0 0.5947265625 0.48095703125 0.0234375 0.0458984375
0 0.63623046875 0.4326171875 0.0244140625 0.03125
0 0.6552734375 0.5810546875 0.044921875 0.041015625
0 0.6875 0.44140625 0.0234375 0.03125
0 0.7177734375 0.4736328125 0.029296875 0.044921875
0 0.80517578125 0.49365234375 0.0263671875 0.0380859375
0 0.900390625 0.47607421875 0.0234375 0.0322265625
0 0.9140625 0.54638671875 0.029296875 0.0478515625
0 0.74658203125 0.583984375 0.0361328125 0.0546875
0 0.84130859375 0.6162109375 0.0556640625 0.041015625
0 0.13134765625 0.603515625 0.0537109375 0.06640625
0 0.1240234375 0.4638671875 0.025390625 0.04296875
