0 0.9111328125 0.591796875 0.0546875 0.07421875
0 0.83984375 0.65087890625 0.041015625 0.0478515625
0 0.8203125 0.6171875 0.021484375 0.02734375
0 0.8056640625 0.6279296875 0.01953125 0.02734375
0 0.82177734375 0.6640625 0.0263671875 0.03515625
0 0.58056640625 0.61572265625 0.0595703125 0.0810546875
0 0.50048828125 0.625 0.0263671875 0.03515625
0 0.484375 0.67138671875 0.03125 0.0361328125
0 0.42578125 0.634765625 0.072265625 0.091796875
0 0.37060546875 0.66748046875 0.0302734375 0.0380859375
0 0.63330078125 0.52734375 0.1396484375 0.181640625
0 0.3466796875 0.62451171875 0.021484375 0.0224609375
0 0.31884765625 0.6357421875 0.0361328125 0.044921875
0 0.3701171875 0.69873046875 0.04296875 0.0556640625
0 0.34423828125 0.72216796875 0.0361328125 0.0498046875
0 0.26806640625 0.70947265625 0.0869140625 0.1201171875
0 0.2548828125 0.58544921875 0.0234375 0.0302734375
0 0.2080078125 0.61474609375 0.0625 0.0810546875
0 0.17236328125 0.6337890625 0.0458984375 0.052734375
0 0.0869140625 0.66650390625 0.060546875 0.0712890625
0 0.02294921875 0.63232421875 0.0380859375 0.0537109375
0 0.1435546875 0.64111328125 0.021484375 0.0322265625
0 0.1279296875 0.63720703125 0.025390625 0.0361328125
0 0.861328125 0.6396484375 0.033203125 0.04296875
