0 0.04638671875 0.20263671875 0.0498046875 0.0556640625
0 0.08154296875 0.24267578125 0.0380859375 0.0419921875
0 0.12939453125 0.2333984375 0.0361328125 0.04296875
0 0.154296875 0.2880859375 0.046875 0.0546875
0 0.22314453125 0.25244140625 0.0419921875 0.0517578125
0 0.2763671875 0.310546875 0.0625 0.06640625
0 0.37939453125 0.28564453125 0.0263671875 0.0283203125
0 0.7021484375 0.3583984375 0.021484375 0.03125
0 0.72509765625 0.3544921875 0.0224609375 0.021484375
0 0.66259765625 0.34033203125 0.0244140625 0.0341796875
0 0.857421875 0.36328125 0.033203125 0.037109375
0 0.92529296875 0.37109375 0.0341796875 0.041015625
0 0.94677734375 0.3779296875 0.0263671875 0.03125
0 0.96728515625 0.404296875 0.0205078125 0.025390625
