0 0.9228515625 0.521994134897 0.048828125 0.0625610948192
0 0.91357421875 0.490713587488 0.0419921875 0.0449657869013
0 0.95458984375 0.483382209189 0.0341796875 0.0459433040078
0 0.83203125 0.519061583578 0.041015625 0.0625610948192
0 0.77001953125 0.47165200391 0.0400390625 0.0381231671554
0 0.7705078125 0.516129032258 0.041015625 0.0488758553275
0 0.6455078125 0.545943304008 0.05078125 0.0615835777126
0 0.69140625 0.466764418377 0.033203125 0.0478983382209
0 0.65087890625 0.50293255132 0.0439453125 0.0478983382209
0 0.6005859375 0.495112414467 0.044921875 0.0478983382209
0 0.49951171875 0.50293255132 0.0458984375 0.0596285434995
0 0.40625 0.449169110459 0.03515625 0.0420332355816
0 0.3876953125 0.512707722385 0.046875 0.0654936461388
0 0.42578125 0.525904203324 0.044921875 0.0547409579668
0 0.494140625 0.453567937439 0.0234375 0.0273704789834
0 0.38037109375 0.47605083089 0.0341796875 0.0273704789834
0 0.31201171875 0.473607038123 0.0478515625 0.0596285434995
0 0.33837890625 0.500488758553 0.0400390625 0.0430107526882
0 0.19775390625 0.488269794721 0.0537109375 0.049853372434
0 0.15283203125 0.490224828935 0.0400390625 0.0459433040078
0 0.220703125 0.461388074291 0.029296875 0.0332355816227
0 0.0458984375 0.545454545455 0.05078125 0.0664711632454
0 0.0732421875 0.5 0.0546875 0.0615835777126
0 0.66357421875 0.766373411535 0.0263671875 0.058651026393
