0 0.0712890625 0.54296875 0.0390625 0.037109375
0 0.19482421875 0.53955078125 0.0361328125 0.0322265625
0 0.06982421875 0.453125 0.0361328125 0.037109375
0 0.15283203125 0.458984375 0.0283203125 0.029296875
0 0.20361328125 0.45556640625 0.0283203125 0.0361328125
0 0.27197265625 0.466796875 0.0283203125 0.033203125
0 0.34619140625 0.50927734375 0.0283203125 0.0322265625
0 0.43603515625 0.5009765625 0.0341796875 0.044921875
0 0.470703125 0.48828125 0.02734375 0.033203125
0 0.435546875 0.4697265625 0.03125 0.033203125
0 0.5087890625 0.44921875 0.025390625 0.033203125
0 0.5634765625 0.4521484375 0.02734375 0.033203125
0 0.36328125 0.43408203125 0.02734375 0.0283203125
0 0.5009765625 0.396484375 0.01953125 0.025390625
0 0.408203125 0.404296875 0.01953125 0.025390625
0 0.65869140625 0.51171875 0.0224609375 0.03515625
0 0.74267578125 0.53173828125 0.0341796875 0.0380859375
0 0.82421875 0.5146484375 0.02734375 0.03515625
0 0.9716796875 0.5224609375 0.033203125 0.03515625
0 0.9150390625 0.380859375 0.021484375 0.021484375
0 0.94677734375 0.41943359375 0.0244140625 0.0283203125
0 0.17431640625 0.50830078125 0.0322265625 0.0400390625
0 0.3349609375 0.45654296875 0.021484375 0.0283203125
0 0.14306640625 0.41845703125 0.0205078125 0.0244140625
0 0.65966796875 0.5517578125 0.0205078125 0.025390625
0 0.58056640625 0.39794921875 0.0224609375 0.0244140625
