0 0.10009765625 0.37158203125 0.0419921875 0.0419921875
0 0.11328125 0.32568359375 0.0234375 0.0263671875
0 0.2080078125 0.359375 0.05859375 0.072265625
0 0.27685546875 0.38134765625 0.0361328125 0.0380859375
0 0.314453125 0.333984375 0.01953125 0.01953125
0 0.3759765625 0.36865234375 0.029296875 0.0380859375
0 0.39453125 0.353515625 0.021484375 0.03515625
0 0.3955078125 0.32421875 0.025390625 0.025390625
0 0.4306640625 0.3603515625 0.033203125 0.044921875
0 0.53076171875 0.33642578125 0.0205078125 0.0244140625
0 0.52880859375 0.3076171875 0.0205078125 0.025390625
0 0.4833984375 0.36962890625 0.0546875 0.0693359375
0 0.5693359375 0.39208984375 0.0234375 0.0322265625
0 0.58642578125 0.3330078125 0.0244140625 0.029296875
0 0.61083984375 0.3310546875 0.0205078125 0.025390625
0 0.626953125 0.39892578125 0.02734375 0.0341796875
0 0.65771484375 0.3388671875 0.0244140625 0.0234375
0 0.67431640625 0.39208984375 0.0517578125 0.0693359375
0 0.7353515625 0.3564453125 0.025390625 0.03125
0 0.76171875 0.3828125 0.021484375 0.029296875
0 0.7587890625 0.33447265625 0.01953125 0.0302734375
0 0.77734375 0.3564453125 0.029296875 0.037109375
0 0.8310546875 0.3818359375 0.060546875 0.078125
0 0.89794921875 0.380859375 0.0302734375 0.0390625
0 0.8818359375 0.35498046875 0.01953125 0.0224609375
0 0.92431640625 0.3837890625 0.0263671875 0.041015625
0 0.9892578125 0.412109375 0.021484375 0.0390625
0 0.5068359375 0.37939453125 0.025390625 0.0322265625
0 0.14990234375 0.33203125 0.0205078125 0.025390625
