0 0.96484375 0.658357771261 0.048828125 0.0596285434995
0 0.97705078125 0.732160312805 0.0361328125 0.0508308895406
0 0.8427734375 0.74633431085 0.041015625 0.0518084066471
0 0.75732421875 0.640762463343 0.0341796875 0.0478983382209
0 0.77734375 0.664711632454 0.029296875 0.0371456500489
0 0.7294921875 0.670576735093 0.033203125 0.039100684262
0 0.67529296875 0.637829912023 0.0283203125 0.0381231671554
0 0.73291015625 0.60899315738 0.0341796875 0.039100684262
0 0.6728515625 0.588465298143 0.03515625 0.0410557184751
0 0.86474609375 0.621700879765 0.0361328125 0.039100684262
0 0.89404296875 0.580156402737 0.0419921875 0.049853372434
0 0.689453125 0.818670576735 0.060546875 0.0322580645161
0 0.4990234375 0.628054740958 0.033203125 0.0420332355816
0 0.4619140625 0.666177908113 0.029296875 0.0518084066471
0 0.08203125 0.766862170088 0.04296875 0.049853372434
0 0.19384765625 0.74633431085 0.0400390625 0.049853372434
0 0.228515625 0.678885630499 0.046875 0.049853372434
0 0.298828125 0.729227761486 0.03515625 0.0527859237537
0 0.9052734375 0.481427174976 0.025390625 0.0322580645161
0 0.80029296875 0.419843597263 0.0224609375 0.0244379276637
0 0.87646484375 0.41788856305 0.0224609375 0.030303030303
0 0.7568359375 0.557673509286 0.033203125 0.0420332355816
0 0.72900390625 0.554740957967 0.0283203125 0.0322580645161
0 0.6904296875 0.527859237537 0.03125 0.0371456500489
0 0.6728515625 0.524926686217 0.0234375 0.0293255131965
0 0.861328125 0.545454545455 0.021484375 0.0293255131965
0 0.4609375 0.580156402737 0.025390625 0.0420332355816
0 0.42578125 0.558651026393 0.03515625 0.0400782013685
0 0.34814453125 0.594330400782 0.0283203125 0.0351906158358
0 0.029296875 0.592864125122 0.025390625 0.0400782013685
0 0.3037109375 0.513685239492 0.02734375 0.0361681329423
0 0.26611328125 0.506842619746 0.0283203125 0.0361681329423
0 0.28125 0.477517106549 0.03125 0.0342130987292
0 0.16650390625 0.462854349951 0.0224609375 0.030303030303
0 0.10791015625 0.461388074291 0.0244140625 0.0273704789834
0 0.02734375 0.394916911046 0.025390625 0.0273704789834
0 0.1142578125 0.370478983382 0.01953125 0.0215053763441
0 0.0986328125 0.41642228739 0.021484375 0.0273704789834
0 0.11279296875 0.740469208211 0.0400390625 0.0537634408602
0 0.2275390625 0.39100684262 0.01953125 0.0254154447703
0 0.302734375 0.450635386119 0.0234375 0.0293255131965
0 0.7724609375 0.434995112414 0.029296875 0.039100684262
0 0.44189453125 0.739002932551 0.0263671875 0.058651026393
