0 0.86865234375 0.5498046875 0.0341796875 0.09375
0 0.57666015625 0.70654296875 0.0751953125 0.0888671875
0 0.61376953125 0.4814453125 0.0263671875 0.048828125
0 0.43359375 0.53515625 0.0234375 0.060546875
0 0.91357421875 0.43017578125 0.0205078125 0.0341796875
0 0.8935546875 0.39208984375 0.01953125 0.0244140625
0 0.783203125 0.39794921875 0.025390625 0.0322265625
0 0.98583984375 0.5048828125 0.0283203125 0.0625
0 0.73095703125 0.4150390625 0.0263671875 0.02734375
0 0.75244140625 0.46923828125 0.0302734375 0.0439453125
0 0.716796875 0.392578125 0.01953125 0.0234375
0 0.52587890625 0.4443359375 0.0263671875 0.03515625
0 0.40283203125 0.435546875 0.0205078125 0.04296875
