0 0.22265625 0.3623046875 0.0625 0.078125
0 0.39404296875 0.36962890625 0.0517578125 0.0517578125
0 0.5595703125 0.3017578125 0.03125 0.05078125
0 0.65869140625 0.36328125 0.0537109375 0.048828125
0 0.763671875 0.421875 0.05859375 0.056640625
0 0.9638671875 0.36669921875 0.072265625 0.0634765625
0 0.90576171875 0.33349609375 0.0224609375 0.0302734375
0 0.48388671875 0.32568359375 0.0283203125 0.0380859375
0 0.435546875 0.2939453125 0.02734375 0.0390625
0 0.28857421875 0.3017578125 0.0302734375 0.041015625
0 0.10107421875 0.30029296875 0.0439453125 0.0498046875
0 0.025390625 0.34375 0.05078125 0.05859375
0 0.0634765625 0.32470703125 0.033203125 0.0341796875
0 0.35205078125 0.31201171875 0.0283203125 0.0322265625
0 0.720703125 0.3291015625 0.037109375 0.046875
0 0.3896484375 0.60546875 0.048828125 0.091796875
