0 0.9541015625 0.3896484375 0.033203125 0.03125
0 0.9267578125 0.404296875 0.025390625 0.02734375
0 0.8974609375 0.55224609375 0.056640625 0.0478515625
0 0.95068359375 0.56005859375 0.0302734375 0.0322265625
0 0.78759765625 0.40234375 0.0205078125 0.0234375
0 0.83203125 0.42578125 0.01953125 0.01953125
0 0.74169921875 0.6220703125 0.0654296875 0.07421875
0 0.82177734375 0.55078125 0.0283203125 0.029296875
0 0.6845703125 0.5634765625 0.025390625 0.041015625
0 0.6181640625 0.53173828125 0.021484375 0.0224609375
0 0.5458984375 0.57861328125 0.029296875 0.0341796875
0 0.5107421875 0.53662109375 0.0234375 0.0302734375
0 0.4697265625 0.53515625 0.0234375 0.02734375
0 0.27783203125 0.60546875 0.0419921875 0.052734375
0 0.43017578125 0.62548828125 0.0537109375 0.0517578125
0 0.01708984375 0.5751953125 0.0341796875 0.044921875
0 0.74609375 0.54150390625 0.01953125 0.0244140625
0 0.8759765625 0.41162109375 0.021484375 0.0205078125
