0 0.2490234375 0.820136852395 0.0625 0.0273704789834
0 0.34375 0.818181818182 0.064453125 0.0312805474096
0 0.37744140625 0.741935483871 0.0498046875 0.0645161290323
0 0.40625 0.711143695015 0.048828125 0.069403714565
0 0.2373046875 0.749755620723 0.064453125 0.0742913000978
0 0.125 0.817204301075 0.0703125 0.0332355816227
0 0.041015625 0.761974584555 0.060546875 0.0869990224829
0 0.064453125 0.727761485826 0.048828125 0.0518084066471
0 0.1259765625 0.69550342131 0.048828125 0.0518084066471
0 0.1435546875 0.761485826002 0.05859375 0.0684261974585
0 0.298828125 0.652492668622 0.05078125 0.0518084066471
0 0.38134765625 0.630498533724 0.0439453125 0.058651026393
0 0.296875 0.60752688172 0.04296875 0.0459433040078
0 0.25146484375 0.644183773216 0.0419921875 0.0566959921799
0 0.1708984375 0.658846529814 0.041015625 0.0488758553275
0 0.12548828125 0.645161290323 0.0439453125 0.0449657869013
0 0.0400390625 0.666666666667 0.041015625 0.0625610948192
0 0.1005859375 0.617790811339 0.0390625 0.0488758553275
0 0.03076171875 0.606060606061 0.0419921875 0.0566959921799
0 0.08544921875 0.566959921799 0.0400390625 0.039100684262
0 0.0263671875 0.576246334311 0.03125 0.0478983382209
0 0.15380859375 0.592864125122 0.0419921875 0.0518084066471
0 0.193359375 0.591886608016 0.03125 0.0439882697947
0 0.29736328125 0.547409579668 0.0341796875 0.039100684262
0 0.3134765625 0.584555229717 0.03515625 0.0469208211144
0 0.34326171875 0.583088954057 0.0341796875 0.0478983382209
0 0.49609375 0.472629521017 0.064453125 0.0635386119257
0 0.56201171875 0.785434995112 0.0517578125 0.0830889540567
0 0.47119140625 0.7761485826 0.0517578125 0.0664711632454
0 0.73828125 0.796676441838 0.060546875 0.0742913000978
0 0.76708984375 0.742424242424 0.0576171875 0.0791788856305
0 0.56689453125 0.687683284457 0.0458984375 0.069403714565
0 0.595703125 0.648582600196 0.03515625 0.0537634408602
0 0.6162109375 0.577223851417 0.041015625 0.049853372434
0 0.638671875 0.64173998045 0.044921875 0.0557184750733
0 0.68896484375 0.618768328446 0.0400390625 0.0547409579668
0 0.74169921875 0.631964809384 0.0419921875 0.0518084066471
0 0.77197265625 0.678396871945 0.0478515625 0.0606060606061
0 0.67822265625 0.713098729228 0.0595703125 0.069403714565
0 0.85986328125 0.733137829912 0.0517578125 0.0664711632454
0 0.8935546875 0.790811339198 0.05859375 0.0742913000978
0 0.9560546875 0.755620723363 0.052734375 0.0527859237537
0 0.9287109375 0.809384164223 0.04296875 0.0488758553275
0 0.93408203125 0.660312805474 0.0439453125 0.0596285434995
0 0.89501953125 0.699902248289 0.0322265625 0.0566959921799
0 0.85791015625 0.645650048876 0.0478515625 0.0557184750733
0 0.794921875 0.649560117302 0.05078125 0.0615835777126
0 0.83935546875 0.601661779081 0.0400390625 0.0439882697947
0 0.93310546875 0.599217986315 0.0419921875 0.0508308895406
0 0.7265625 0.576735092864 0.0390625 0.0469208211144
0 0.78466796875 0.588954056696 0.0400390625 0.0478983382209
0 0.8203125 0.560606060606 0.033203125 0.0439882697947
0 0.8623046875 0.567448680352 0.037109375 0.0439882697947
0 0.98876953125 0.655913978495 0.0205078125 0.0547409579668
0 0.96240234375 0.555718475073 0.0400390625 0.0537634408602
0 0.88916015625 0.546920821114 0.0322265625 0.0420332355816
0 0.9150390625 0.513685239492 0.029296875 0.0400782013685
0 0.81787109375 0.515640273705 0.0341796875 0.0400782013685
0 0.9638671875 0.489247311828 0.029296875 0.0342130987292
0 0.98486328125 0.503910068426 0.0263671875 0.0361681329423
0 0.900390625 0.463343108504 0.02734375 0.0293255131965
0 0.98779296875 0.462854349951 0.0244140625 0.0322580645161
0 0.88671875 0.434506353861 0.025390625 0.030303030303
0 0.9609375 0.422287390029 0.01953125 0.0273704789834
0 0.771484375 0.466764418377 0.021484375 0.0244379276637
0 0.744140625 0.485337243402 0.0234375 0.0322580645161
0 0.671875 0.551808406647 0.033203125 0.0439882697947
0 0.720703125 0.535190615836 0.0390625 0.0420332355816
0 0.6630859375 0.489247311828 0.033203125 0.0381231671554
0 0.62109375 0.52394916911 0.033203125 0.0449657869013
0 0.587890625 0.543499511241 0.03515625 0.0488758553275
0 0.60498046875 0.476539589443 0.0322265625 0.0400782013685
0 0.6201171875 0.464809384164 0.021484375 0.030303030303
0 0.55419921875 0.482893450635 0.0283203125 0.0371456500489
0 0.58349609375 0.436950146628 0.0244140625 0.0332355816227
0 0.61669921875 0.433040078201 0.0224609375 0.0273704789834
0 0.54345703125 0.442815249267 0.0244140625 0.0293255131965
0 0.60888671875 0.414467253177 0.0244140625 0.0312805474096
0 0.68603515625 0.496089931574 0.0205078125 0.0381231671554
0 0.75048828125 0.460410557185 0.0205078125 0.0234604105572
0 0.6943359375 0.44623655914 0.025390625 0.0263929618768
0 0.34423828125 0.488758553275 0.0302734375 0.0371456500489
0 0.40576171875 0.479960899316 0.0244140625 0.0332355816227
0 0.42529296875 0.467253176931 0.0244140625 0.0312805474096
0 0.4541015625 0.462854349951 0.029296875 0.0400782013685
0 0.44384765625 0.401270772239 0.0205078125 0.0263929618768
0 0.33935546875 0.439393939394 0.0263671875 0.030303030303
0 0.36328125 0.425708699902 0.01953125 0.0263929618768
0 0.37890625 0.406647116325 0.021484375 0.0332355816227
0 0.578125 0.397360703812 0.0234375 0.0244379276637
0 0.03466796875 0.538611925709 0.0361328125 0.0410557184751
0 0.0234375 0.475073313783 0.025390625 0.0312805474096
0 0.05322265625 0.462365591398 0.0205078125 0.0273704789834
0 0.076171875 0.461876832845 0.025390625 0.0361681329423
0 0.060546875 0.513685239492 0.029296875 0.0400782013685
0 0.04638671875 0.519550342131 0.0302734375 0.0420332355816
0 0.1328125 0.496089931574 0.02734375 0.0342130987292
0 0.26318359375 0.533235581623 0.0263671875 0.0361681329423
0 0.0263671875 0.440860215054 0.025390625 0.0293255131965
0 0.08642578125 0.446725317693 0.0263671875 0.0312805474096
0 0.0361328125 0.406158357771 0.01953125 0.0244379276637
0 0.306640625 0.393939393939 0.021484375 0.0254154447703
0 0.41796875 0.383186705767 0.01953125 0.0293255131965
