0 0.92529296875 0.5654296875 0.0341796875 0.041015625
0 0.83935546875 0.61962890625 0.0400390625 0.0322265625
0 0.56982421875 0.54931640625 0.0302734375 0.0361328125
0 0.49560546875 0.54296875 0.0205078125 0.02734375
0 0.419921875 0.57275390625 0.041015625 0.0537109375
0 0.66162109375 0.54248046875 0.0224609375 0.0263671875
0 0.33154296875 0.53076171875 0.0283203125 0.0341796875
0 0.0947265625 0.5166015625 0.025390625 0.02734375
0 0.18359375 0.5361328125 0.03125 0.037109375
0 0.28076171875 0.57177734375 0.0263671875 0.0341796875
0 0.759765625 0.5732421875 0.02734375 0.033203125
0 0.67333984375 0.662109375 0.0419921875 0.041015625
0 0.5546875 0.4384765625 0.033203125 0.041015625
0 0.22412109375 0.5107421875 0.0205078125 0.01953125
0 0.03271484375 0.47216796875 0.0263671875 0.0224609375
0 0.7900390625 0.53076171875 0.03515625 0.0400390625
0 0.46826171875 0.49169921875 0.0205078125 0.0263671875
0 0.22021484375 0.48193359375 0.0283203125 0.0244140625
