0 0.0146484375 0.451171875 0.029296875 0.044921875
0 0.07470703125 0.48828125 0.0478515625 0.060546875
0 0.1357421875 0.48486328125 0.02734375 0.0322265625
0 0.173828125 0.3935546875 0.01953125 0.0234375
0 0.20703125 0.42138671875 0.029296875 0.0205078125
0 0.2060546875 0.453125 0.033203125 0.048828125
0 0.24853515625 0.39208984375 0.0263671875 0.0302734375
0 0.4013671875 0.60693359375 0.08984375 0.1142578125
0 0.55712890625 0.27783203125 0.0380859375 0.0361328125
0 0.45068359375 0.22119140625 0.0400390625 0.0556640625
0 0.349609375 0.26025390625 0.03515625 0.0458984375
0 0.6650390625 0.29150390625 0.048828125 0.0517578125
0 0.89208984375 0.27685546875 0.0595703125 0.0654296875
0 0.76318359375 0.529296875 0.0595703125 0.09765625
