0 0.06201171875 0.676441837732 0.0224609375 0.0254154447703
0 0.02783203125 0.716031280547 0.0263671875 0.030303030303
0 0.181640625 0.656891495601 0.01953125 0.0215053763441
0 0.29150390625 0.672043010753 0.0205078125 0.0283479960899
0 0.705078125 0.565004887586 0.01953125 0.0215053763441
0 0.97119140625 0.487781036168 0.0205078125 0.0215053763441
0 0.8984375 0.520039100684 0.01953125 0.0234604105572
0 0.88623046875 0.546920821114 0.0224609375 0.0322580645161
0 0.83056640625 0.562072336266 0.0205078125 0.0215053763441
0 0.8017578125 0.547898338221 0.02734375 0.0322580645161
