0 0.22216796875 0.81494140625 0.0263671875 0.0283203125
0 0.3291015625 0.77978515625 0.01953125 0.0263671875
0 0.1982421875 0.71875 0.01953125 0.0234375
0 0.07080078125 0.7109375 0.0224609375 0.0234375
0 0.19921875 0.6640625 0.01953125 0.0234375
0 0.27978515625 0.6669921875 0.0205078125 0.025390625
0 0.33447265625 0.66015625 0.0224609375 0.021484375
0 0.404296875 0.62255859375 0.01953125 0.0224609375
0 0.42529296875 0.6572265625 0.0224609375 0.0234375
0 0.25 0.650390625 0.021484375 0.0234375
0 0.14404296875 0.6318359375 0.0224609375 0.025390625
0 0.1494140625 0.75537109375 0.0234375 0.0205078125
0 0.25048828125 0.75146484375 0.0224609375 0.0263671875
0 0.306640625 0.771484375 0.01953125 0.021484375
0 0.19140625 0.8076171875 0.01953125 0.021484375
0 0.46826171875 0.70703125 0.0224609375 0.0234375
0 0.521484375 0.7314453125 0.01953125 0.02734375
0 0.4921875 0.81494140625 0.0234375 0.0244140625
0 0.58837890625 0.7900390625 0.0244140625 0.021484375
0 0.51220703125 0.7734375 0.0224609375 0.021484375
0 0.62109375 0.728515625 0.021484375 0.02734375
0 0.69189453125 0.76806640625 0.0263671875 0.0244140625
0 0.75341796875 0.74462890625 0.0283203125 0.0283203125
0 0.802734375 0.80810546875 0.02734375 0.0244140625
0 0.8671875 0.70166015625 0.01953125 0.0302734375
0 0.818359375 0.75439453125 0.025390625 0.0263671875
0 0.77490234375 0.6708984375 0.0244140625 0.025390625
0 0.70263671875 0.71435546875 0.0224609375 0.0263671875
0 0.65185546875 0.69677734375 0.0244140625 0.0283203125
0 0.646484375 0.66064453125 0.025390625 0.0244140625
0 0.5146484375 0.56591796875 0.021484375 0.0224609375
0 0.6669921875 0.5966796875 0.0234375 0.0234375
0 0.72900390625 0.60888671875 0.0205078125 0.0283203125
0 0.7412109375 0.63525390625 0.01953125 0.0244140625
0 0.87255859375 0.64111328125 0.0224609375 0.0244140625
0 0.8720703125 0.583984375 0.01953125 0.025390625
0 0.79345703125 0.58203125 0.0205078125 0.01953125
0 0.8544921875 0.56103515625 0.021484375 0.0244140625
0 0.93603515625 0.61474609375 0.0224609375 0.0224609375
0 0.9716796875 0.58203125 0.01953125 0.0234375
0 0.97802734375 0.54248046875 0.0205078125 0.0244140625
0 0.9833984375 0.68896484375 0.0234375 0.0224609375
0 0.9794921875 0.75927734375 0.0234375 0.0302734375
0 0.91064453125 0.787109375 0.0244140625 0.03125
0 0.90283203125 0.48779296875 0.0205078125 0.0224609375
0 0.6328125 0.53955078125 0.01953125 0.0205078125
0 0.5869140625 0.55517578125 0.01953125 0.0224609375
0 0.7666015625 0.71142578125 0.021484375 0.0244140625
