0 0.14697265625 0.333984375 0.0458984375 0.0546875
0 0.08447265625 0.31982421875 0.0419921875 0.0419921875
0 0.06884765625 0.23095703125 0.0205078125 0.0244140625
0 0.18310546875 0.26904296875 0.0224609375 0.0224609375
0 0.32080078125 0.265625 0.0244140625 0.02734375
0 0.39697265625 0.287109375 0.0263671875 0.021484375
0 0.64599609375 0.265625 0.0205078125 0.021484375
0 0.6025390625 0.31298828125 0.029296875 0.0283203125
0 0.48388671875 0.3623046875 0.0263671875 0.0234375
0 0.7958984375 0.32373046875 0.03515625 0.0400390625
0 0.447265625 0.52587890625 0.03125 0.0439453125
0 0.87548828125 0.544921875 0.0341796875 0.0390625
0 0.77685546875 0.521484375 0.0302734375 0.041015625
