0 0.1396484375 0.3974609375 0.01953125 0.02734375
0 0.2451171875 0.48486328125 0.095703125 0.1259765625
0 0.37255859375 0.40869140625 0.0302734375 0.0302734375
0 0.48046875 0.400390625 0.029296875 0.029296875
0 0.560546875 0.44921875 0.0390625 0.04296875
0 0.923828125 0.54443359375 0.12109375 0.1474609375
0 0.65625 0.63330078125 0.123046875 0.1318359375
0 0.68212890625 0.4453125 0.0224609375 0.04296875
0 0.775390625 0.431640625 0.05078125 0.05078125
0 0.541015625 0.39208984375 0.03125 0.0380859375
