0 0.0546875 0.67626953125 0.0234375 0.0302734375
0 0.0146484375 0.6884765625 0.021484375 0.03125
0 0.0625 0.7041015625 0.01953125 0.02734375
0 0.0859375 0.71923828125 0.025390625 0.0361328125
0 0.12158203125 0.72314453125 0.0205078125 0.0263671875
0 0.02880859375 0.7314453125 0.0419921875 0.05078125
0 0.173828125 0.701171875 0.025390625 0.04296875
0 0.1923828125 0.69189453125 0.01953125 0.0205078125
0 0.21875 0.708984375 0.025390625 0.037109375
0 0.19140625 0.72265625 0.0234375 0.037109375
0 0.27392578125 0.71875 0.0244140625 0.03125
0 0.27734375 0.748046875 0.025390625 0.04296875
0 0.244140625 0.77978515625 0.037109375 0.0458984375
0 0.14306640625 0.77197265625 0.0341796875 0.0419921875
0 0.1015625 0.7978515625 0.046875 0.0546875
0 0.29248046875 0.6982421875 0.0244140625 0.033203125
0 0.32763671875 0.8017578125 0.0322265625 0.041015625
0 0.37939453125 0.810546875 0.0439453125 0.056640625
0 0.48193359375 0.779296875 0.0205078125 0.041015625
0 0.4951171875 0.75048828125 0.0234375 0.0341796875
0 0.5390625 0.7880859375 0.0390625 0.056640625
0 0.38916015625 0.7421875 0.0322265625 0.029296875
0 0.6826171875 0.765625 0.02734375 0.041015625
0 0.74462890625 0.7568359375 0.0224609375 0.037109375
0 0.64453125 0.78515625 0.03515625 0.037109375
0 0.7314453125 0.82861328125 0.033203125 0.0263671875
0 0.93994140625 0.81005859375 0.0498046875 0.0634765625
0 0.87109375 0.80908203125 0.03125 0.0400390625
0 0.65234375 0.8251953125 0.0390625 0.033203125
0 0.52294921875 0.32861328125 0.0517578125 0.0693359375
0 0.8544921875 0.68505859375 0.037109375 0.0517578125
