0 0.06787109375 0.32275390625 0.0615234375 0.0654296875
0 0.10498046875 0.29345703125 0.0341796875 0.0478515625
0 0.12353515625 0.3251953125 0.0341796875 0.048828125
0 0.1552734375 0.30224609375 0.0703125 0.0849609375
0 0.2578125 0.322265625 0.068359375 0.076171875
0 0.400390625 0.32421875 0.068359375 0.091796875
0 0.447265625 0.30810546875 0.044921875 0.0654296875
0 0.5126953125 0.345703125 0.05078125 0.06640625
0 0.8818359375 0.32763671875 0.060546875 0.0810546875
0 0.7763671875 0.3056640625 0.03125 0.03125
0 0.80810546875 0.31103515625 0.0322265625 0.0283203125
0 0.7548828125 0.46435546875 0.060546875 0.0751953125
0 0.84521484375 0.48779296875 0.0556640625 0.0927734375
0 0.9755859375 0.25927734375 0.048828125 0.0810546875
0 0.02001953125 0.36767578125 0.0400390625 0.0869140625
