0 0.97216796875 0.775390625 0.0341796875 0.046875
0 0.86083984375 0.78759765625 0.0322265625 0.0498046875
0 0.9619140625 0.69970703125 0.029296875 0.0400390625
0 0.81982421875 0.6875 0.0283203125 0.0390625
0 0.91552734375 0.6298828125 0.0302734375 0.04296875
0 0.986328125 0.59521484375 0.02734375 0.0361328125
0 0.88134765625 0.5703125 0.0283203125 0.037109375
0 0.93701171875 0.52880859375 0.0283203125 0.0380859375
0 0.974609375 0.484375 0.025390625 0.03515625
0 0.85888671875 0.52001953125 0.0283203125 0.0341796875
0 0.8798828125 0.5107421875 0.021484375 0.03125
0 0.935546875 0.439453125 0.0234375 0.033203125
0 0.92724609375 0.4716796875 0.0224609375 0.03515625
0 0.85205078125 0.4501953125 0.0283203125 0.03515625
0 0.943359375 0.412109375 0.021484375 0.029296875
0 0.9677734375 0.36376953125 0.021484375 0.0263671875
0 0.9287109375 0.3857421875 0.021484375 0.025390625
0 0.87841796875 0.40234375 0.0244140625 0.0234375
0 0.9453125 0.3310546875 0.01953125 0.02734375
0 0.892578125 0.33837890625 0.01953125 0.0283203125
0 0.8935546875 0.29443359375 0.01953125 0.0205078125
0 0.98046875 0.26220703125 0.01953125 0.0244140625
0 0.93505859375 0.24169921875 0.0205078125 0.0263671875
0 0.7451171875 0.736328125 0.03515625 0.046875
0 0.7138671875 0.67431640625 0.029296875 0.0458984375
0 0.7421875 0.6064453125 0.029296875 0.041015625
0 0.69921875 0.55126953125 0.02734375 0.0400390625
0 0.79736328125 0.4931640625 0.0263671875 0.041015625
0 0.65625 0.51171875 0.02734375 0.041015625
0 0.62646484375 0.56396484375 0.0244140625 0.0302734375
0 0.828125 0.47265625 0.0234375 0.03125
0 0.75634765625 0.46435546875 0.0224609375 0.0322265625
0 0.81201171875 0.40966796875 0.0205078125 0.0244140625
0 0.75439453125 0.42333984375 0.0205078125 0.0283203125
0 0.8291015625 0.3818359375 0.01953125 0.025390625
0 0.8095703125 0.29931640625 0.01953125 0.0244140625
0 0.7685546875 0.33935546875 0.01953125 0.0283203125
0 0.525390625 0.7578125 0.03125 0.048828125
0 0.52880859375 0.66015625 0.0224609375 0.044921875
0 0.4521484375 0.6328125 0.03125 0.037109375
0 0.5185546875 0.6142578125 0.025390625 0.033203125
0 0.41162109375 0.72607421875 0.0361328125 0.0556640625
0 0.43212890625 0.81640625 0.0419921875 0.0234375
0 0.3154296875 0.70263671875 0.046875 0.0537109375
0 0.57373046875 0.5205078125 0.0283203125 0.033203125
0 0.49462890625 0.57861328125 0.0302734375 0.0380859375
0 0.47119140625 0.5078125 0.0263671875 0.03515625
0 0.5546875 0.4619140625 0.03125 0.0390625
0 0.4716796875 0.45361328125 0.0234375 0.0322265625
0 0.51171875 0.43359375 0.0234375 0.033203125
0 0.62646484375 0.431640625 0.0244140625 0.03515625
0 0.7138671875 0.44091796875 0.0234375 0.0322265625
0 0.4482421875 0.4306640625 0.0234375 0.029296875
0 0.69775390625 0.48046875 0.0244140625 0.025390625
0 0.6845703125 0.400390625 0.021484375 0.03125
0 0.7255859375 0.39404296875 0.021484375 0.0302734375
0 0.75439453125 0.39501953125 0.0224609375 0.0283203125
0 0.64453125 0.3720703125 0.021484375 0.02734375
0 0.6552734375 0.3564453125 0.01953125 0.0234375
0 0.60400390625 0.3935546875 0.0224609375 0.03125
0 0.599609375 0.3466796875 0.02734375 0.02734375
0 0.6064453125 0.30419921875 0.01953125 0.0263671875
0 0.5751953125 0.3642578125 0.01953125 0.025390625
0 0.5546875 0.3203125 0.01953125 0.02734375
0 0.2021484375 0.27978515625 0.01953125 0.0224609375
0 0.51416015625 0.34521484375 0.0205078125 0.0244140625
0 0.501953125 0.388671875 0.021484375 0.029296875
0 0.4189453125 0.3505859375 0.021484375 0.029296875
0 0.3994140625 0.3662109375 0.01953125 0.03125
0 0.33984375 0.30224609375 0.01953125 0.0224609375
0 0.337890625 0.3359375 0.01953125 0.02734375
0 0.302734375 0.341796875 0.021484375 0.02734375
0 0.34765625 0.3896484375 0.021484375 0.02734375
0 0.283203125 0.3876953125 0.0234375 0.029296875
0 0.28564453125 0.33349609375 0.0205078125 0.0302734375
0 0.40576171875 0.421875 0.0224609375 0.025390625
0 0.40771484375 0.44873046875 0.0205078125 0.0283203125
0 0.3916015625 0.45751953125 0.02734375 0.0400390625
0 0.34033203125 0.419921875 0.0224609375 0.03125
0 0.28076171875 0.4677734375 0.0302734375 0.03515625
0 0.345703125 0.54248046875 0.029296875 0.0380859375
0 0.3955078125 0.51953125 0.029296875 0.03515625
0 0.3662109375 0.6181640625 0.03515625 0.0546875
0 0.26513671875 0.52587890625 0.0302734375 0.0419921875
0 0.25537109375 0.48583984375 0.0224609375 0.0283203125
0 0.234375 0.62451171875 0.041015625 0.0458984375
0 0.19384765625 0.6005859375 0.0244140625 0.04296875
0 0.1533203125 0.7392578125 0.044921875 0.05078125
0 0.0478515625 0.7236328125 0.037109375 0.048828125
0 0.03955078125 0.62646484375 0.0361328125 0.0439453125
0 0.17431640625 0.4931640625 0.0302734375 0.037109375
0 0.076171875 0.4638671875 0.03125 0.0390625
0 0.13623046875 0.4912109375 0.0244140625 0.041015625
0 0.20068359375 0.42822265625 0.0263671875 0.0400390625
0 0.2421875 0.43603515625 0.025390625 0.0380859375
0 0.0771484375 0.4267578125 0.021484375 0.029296875
0 0.19775390625 0.3681640625 0.0283203125 0.037109375
0 0.22802734375 0.3759765625 0.0224609375 0.02734375
0 0.20556640625 0.333984375 0.0224609375 0.0234375
0 0.142578125 0.32568359375 0.021484375 0.0263671875
0 0.15283203125 0.388671875 0.0224609375 0.029296875
0 0.1591796875 0.3720703125 0.01953125 0.02734375
0 0.072265625 0.37451171875 0.029296875 0.0341796875
0 0.08203125 0.34765625 0.025390625 0.03125
0 0.04150390625 0.28515625 0.0205078125 0.02734375
0 0.052734375 0.27001953125 0.01953125 0.0224609375
0 0.11474609375 0.818359375 0.0458984375 0.01953125
