0 0.02978515625 0.56494140625 0.0595703125 0.0810546875
0 0.146484375 0.57177734375 0.041015625 0.0439453125
0 0.3408203125 0.50927734375 0.033203125 0.0419921875
0 0.384765625 0.49609375 0.0390625 0.052734375
0 0.484375 0.55908203125 0.09765625 0.1298828125
0 0.60498046875 0.486328125 0.0244140625 0.03515625
0 0.6513671875 0.560546875 0.091796875 0.138671875
0 0.81640625 0.52734375 0.05859375 0.076171875
0 0.853515625 0.45263671875 0.0234375 0.0419921875
0 0.53759765625 0.55078125 0.0341796875 0.048828125
