0 0.978515625 0.412023460411 0.04296875 0.0948191593353
0 0.82568359375 0.401759530792 0.0830078125 0.0899315738025
0 0.85986328125 0.345552297165 0.0556640625 0.0752688172043
0 0.94970703125 0.306451612903 0.0458984375 0.0518084066471
0 0.64697265625 0.291788856305 0.0263671875 0.0459433040078
0 0.64697265625 0.190127077224 0.0244140625 0.0244379276637
0 0.4697265625 0.41495601173 0.0703125 0.0928641251222
0 0.35791015625 0.41642228739 0.0966796875 0.109481915934
0 0.271484375 0.344574780059 0.048828125 0.0478983382209
0 0.23291015625 0.336754643206 0.0380859375 0.0459433040078
0 0.19287109375 0.310850439883 0.0224609375 0.0293255131965
0 0.1923828125 0.346041055718 0.025390625 0.0293255131965
0 0.15380859375 0.438416422287 0.0849609375 0.114369501466
0 0.1162109375 0.352883675464 0.0546875 0.0703812316716
0 0.013671875 0.322580645161 0.02734375 0.058651026393
0 0.33740234375 0.761974584555 0.0341796875 0.0537634408602
0 0.236328125 0.706256109482 0.0234375 0.0263929618768
0 0.0849609375 0.676930596285 0.01953125 0.0224828934506
