0 0.9248046875 0.7431640625 0.0234375 0.03125
0 0.95068359375 0.701171875 0.0224609375 0.03125
0 0.93310546875 0.6767578125 0.0224609375 0.03125
0 0.873046875 0.68798828125 0.021484375 0.0244140625
0 0.8681640625 0.7158203125 0.021484375 0.02734375
0 0.9794921875 0.62255859375 0.01953125 0.0263671875
0 0.890625 0.65234375 0.01953125 0.025390625
0 0.76708984375 0.73193359375 0.0224609375 0.0283203125
0 0.72509765625 0.7119140625 0.0205078125 0.02734375
0 0.78173828125 0.68603515625 0.0205078125 0.0244140625
0 0.826171875 0.6494140625 0.021484375 0.025390625
0 0.63232421875 0.8037109375 0.0205078125 0.01953125
0 0.65234375 0.76611328125 0.021484375 0.0263671875
0 0.7001953125 0.7353515625 0.0234375 0.03125
0 0.6748046875 0.7099609375 0.01953125 0.025390625
0 0.64306640625 0.68896484375 0.0205078125 0.0244140625
0 0.7021484375 0.63916015625 0.021484375 0.0283203125
0 0.697265625 0.61865234375 0.021484375 0.0244140625
0 0.7265625 0.59375 0.021484375 0.025390625
0 0.6025390625 0.72021484375 0.0234375 0.0283203125
0 0.57763671875 0.70849609375 0.0205078125 0.0224609375
0 0.5712890625 0.671875 0.01953125 0.025390625
0 0.6123046875 0.64453125 0.01953125 0.021484375
0 0.61181640625 0.6162109375 0.0205078125 0.025390625
0 0.6396484375 0.60888671875 0.01953125 0.0244140625
0 0.67578125 0.5654296875 0.01953125 0.025390625
0 0.63427734375 0.583984375 0.0205078125 0.0234375
0 0.5791015625 0.568359375 0.01953125 0.02734375
0 0.8291015625 0.58447265625 0.021484375 0.0263671875
0 0.7734375 0.5654296875 0.01953125 0.025390625
0 0.9072265625 0.5673828125 0.021484375 0.029296875
0 0.5380859375 0.77197265625 0.021484375 0.0302734375
0 0.4677734375 0.80126953125 0.021484375 0.0322265625
0 0.4072265625 0.802734375 0.021484375 0.02734375
0 0.33984375 0.79052734375 0.0234375 0.0263671875
0 0.302734375 0.763671875 0.025390625 0.025390625
0 0.3056640625 0.697265625 0.021484375 0.02734375
0 0.34375 0.6943359375 0.021484375 0.025390625
0 0.400390625 0.69921875 0.021484375 0.0234375
0 0.47265625 0.6923828125 0.01953125 0.0234375
0 0.5 0.69482421875 0.021484375 0.0263671875
0 0.443359375 0.662109375 0.0234375 0.025390625
0 0.388671875 0.6669921875 0.01953125 0.02734375
0 0.3447265625 0.625 0.021484375 0.02734375
0 0.404296875 0.6044921875 0.021484375 0.0234375
0 0.52880859375 0.63232421875 0.0224609375 0.0263671875
0 0.5537109375 0.61669921875 0.021484375 0.0283203125
0 0.2451171875 0.8203125 0.01953125 0.01953125
0 0.2236328125 0.77490234375 0.01953125 0.0263671875
0 0.18896484375 0.7822265625 0.0205078125 0.02734375
0 0.16748046875 0.79736328125 0.0224609375 0.0263671875
0 0.107421875 0.8154296875 0.025390625 0.029296875
0 0.27880859375 0.6923828125 0.0205078125 0.02734375
0 0.25634765625 0.724609375 0.0224609375 0.029296875
0 0.0361328125 0.81005859375 0.025390625 0.0322265625
0 0.04443359375 0.763671875 0.0244140625 0.02734375
0 0.01171875 0.75 0.0234375 0.029296875
0 0.03369140625 0.6904296875 0.0224609375 0.0234375
0 0.02783203125 0.66748046875 0.0205078125 0.0224609375
0 0.1005859375 0.6767578125 0.021484375 0.02734375
0 0.10986328125 0.74462890625 0.0205078125 0.0263671875
0 0.126953125 0.71240234375 0.021484375 0.0283203125
0 0.18603515625 0.7177734375 0.0205078125 0.02734375
0 0.236328125 0.712890625 0.01953125 0.02734375
0 0.20947265625 0.68408203125 0.0224609375 0.0283203125
0 0.23583984375 0.6806640625 0.0205078125 0.02734375
0 0.28369140625 0.6025390625 0.0224609375 0.02734375
0 0.21435546875 0.625 0.0224609375 0.029296875
0 0.158203125 0.63037109375 0.0234375 0.0263671875
0 0.04443359375 0.6015625 0.0205078125 0.02734375
0 0.0673828125 0.6103515625 0.01953125 0.033203125
0 0.10693359375 0.5888671875 0.0224609375 0.029296875
0 0.1484375 0.5986328125 0.021484375 0.0234375
0 0.2099609375 0.6015625 0.01953125 0.025390625
0 0.0234375 0.5576171875 0.0234375 0.029296875
0 0.0927734375 0.58203125 0.021484375 0.025390625
0 0.0654296875 0.5517578125 0.01953125 0.029296875
0 0.0166015625 0.48583984375 0.01953125 0.0244140625
0 0.05029296875 0.4921875 0.0224609375 0.029296875
0 0.166015625 0.5810546875 0.021484375 0.025390625
0 0.16259765625 0.5498046875 0.0224609375 0.025390625
0 0.13720703125 0.53662109375 0.0224609375 0.0244140625
0 0.11962890625 0.501953125 0.0224609375 0.025390625
0 0.20849609375 0.49951171875 0.0244140625 0.0302734375
0 0.01416015625 0.41748046875 0.0205078125 0.0263671875
0 0.115234375 0.43017578125 0.01953125 0.0244140625
0 0.11474609375 0.3955078125 0.0205078125 0.0234375
0 0.2216796875 0.56298828125 0.01953125 0.0263671875
0 0.279296875 0.5693359375 0.025390625 0.02734375
0 0.29736328125 0.5439453125 0.0205078125 0.029296875
0 0.33642578125 0.587890625 0.0205078125 0.02734375
0 0.2861328125 0.5185546875 0.01953125 0.0234375
0 0.33056640625 0.5068359375 0.0205078125 0.029296875
0 0.1953125 0.421875 0.021484375 0.025390625
0 0.29296875 0.44091796875 0.01953125 0.0263671875
0 0.26171875 0.41650390625 0.01953125 0.0263671875
0 0.328125 0.45654296875 0.01953125 0.0244140625
0 0.35791015625 0.48974609375 0.0224609375 0.0263671875
0 0.38720703125 0.5673828125 0.0205078125 0.025390625
0 0.4052734375 0.556640625 0.021484375 0.025390625
0 0.392578125 0.54931640625 0.01953125 0.0224609375
0 0.4296875 0.5791015625 0.0234375 0.02734375
0 0.43212890625 0.49658203125 0.0205078125 0.0283203125
0 0.447265625 0.419921875 0.01953125 0.029296875
0 0.40966796875 0.41552734375 0.0205078125 0.0263671875
0 0.47802734375 0.419921875 0.0205078125 0.025390625
0 0.52587890625 0.544921875 0.0224609375 0.025390625
0 0.60986328125 0.48291015625 0.0205078125 0.0263671875
0 0.73486328125 0.54833984375 0.0224609375 0.0263671875
0 0.712890625 0.49560546875 0.0234375 0.0283203125
0 0.68017578125 0.47021484375 0.0224609375 0.0263671875
0 0.62060546875 0.44287109375 0.0205078125 0.0224609375
0 0.5751953125 0.435546875 0.01953125 0.029296875
0 0.62353515625 0.41455078125 0.0205078125 0.0244140625
0 0.6875 0.439453125 0.01953125 0.0234375
0 0.78125 0.51904296875 0.021484375 0.0244140625
0 0.79296875 0.4775390625 0.01953125 0.025390625
0 0.849609375 0.4619140625 0.01953125 0.02734375
0 0.84619140625 0.51318359375 0.0205078125 0.0224609375
0 0.8525390625 0.4033203125 0.021484375 0.0234375
0 0.8798828125 0.4892578125 0.01953125 0.025390625
0 0.89599609375 0.515625 0.0205078125 0.025390625
0 0.923828125 0.5 0.01953125 0.025390625
0 0.92138671875 0.544921875 0.0205078125 0.0234375
0 0.96484375 0.58984375 0.0234375 0.03125
0 0.9814453125 0.52685546875 0.021484375 0.0263671875
0 0.96484375 0.44287109375 0.01953125 0.0263671875
0 0.9697265625 0.4052734375 0.01953125 0.021484375
0 0.9140625 0.4052734375 0.01953125 0.025390625
0 0.91064453125 0.3828125 0.0224609375 0.0234375
0 0.83935546875 0.37939453125 0.0224609375 0.0263671875
0 0.96435546875 0.3525390625 0.0205078125 0.021484375
0 0.974609375 0.34130859375 0.01953125 0.0244140625
0 0.845703125 0.35205078125 0.01953125 0.0263671875
0 0.8125 0.32958984375 0.01953125 0.0224609375
0 0.75927734375 0.3369140625 0.0205078125 0.02734375
0 0.71142578125 0.34619140625 0.0205078125 0.0283203125
0 0.68408203125 0.2822265625 0.0205078125 0.02734375
0 0.74072265625 0.2685546875 0.0205078125 0.025390625
0 0.76416015625 0.2421875 0.0205078125 0.025390625
0 0.88916015625 0.2216796875 0.0205078125 0.0234375
0 0.814453125 0.181640625 0.01953125 0.0234375
0 0.55859375 0.369140625 0.0234375 0.025390625
0 0.49267578125 0.36865234375 0.0224609375 0.0244140625
0 0.52880859375 0.29248046875 0.0205078125 0.0244140625
0 0.505859375 0.259765625 0.021484375 0.02734375
0 0.6103515625 0.30419921875 0.01953125 0.0244140625
0 0.61083984375 0.26025390625 0.0205078125 0.0244140625
0 0.53857421875 0.22021484375 0.0224609375 0.0244140625
0 0.5888671875 0.3916015625 0.021484375 0.0234375
0 0.45556640625 0.2939453125 0.0224609375 0.02734375
0 0.41748046875 0.27783203125 0.0224609375 0.0224609375
0 0.37744140625 0.298828125 0.0205078125 0.021484375
0 0.26953125 0.255859375 0.021484375 0.0234375
0 0.27880859375 0.21142578125 0.0205078125 0.0244140625
0 0.43017578125 0.35205078125 0.0205078125 0.0263671875
0 0.3349609375 0.38134765625 0.01953125 0.0224609375
0 0.337890625 0.35693359375 0.01953125 0.0224609375
0 0.16650390625 0.36865234375 0.0205078125 0.0263671875
0 0.10009765625 0.34033203125 0.0205078125 0.0244140625
0 0.22265625 0.28564453125 0.021484375 0.0244140625
0 0.23291015625 0.24755859375 0.0205078125 0.0205078125
0 0.126953125 0.22216796875 0.01953125 0.0224609375
0 0.0888671875 0.197265625 0.01953125 0.0234375
0 0.01708984375 0.34521484375 0.0263671875 0.0283203125
0 0.041015625 0.169921875 0.01953125 0.0234375
0 0.166015625 0.23095703125 0.01953125 0.0244140625
0 0.37451171875 0.8154296875 0.0244140625 0.03125
