0 0.0478515625 0.3857421875 0.0625 0.07421875
0 0.201171875 0.3330078125 0.05859375 0.06640625
0 0.365234375 0.4287109375 0.068359375 0.08984375
0 0.48388671875 0.3427734375 0.0498046875 0.06640625
0 0.2607421875 0.36279296875 0.02734375 0.0302734375
0 0.09423828125 0.3916015625 0.0302734375 0.03515625
0 0.125 0.39453125 0.02734375 0.03125
0 0.14306640625 0.38623046875 0.0224609375 0.0205078125
0 0.34228515625 0.36474609375 0.0263671875 0.0458984375
0 0.37255859375 0.38134765625 0.0244140625 0.0283203125
0 0.41845703125 0.373046875 0.0263671875 0.03125
0 0.5966796875 0.36572265625 0.03125 0.0458984375
0 0.6611328125 0.36376953125 0.03125 0.0458984375
0 0.76708984375 0.37353515625 0.0634765625 0.1025390625
0 0.8818359375 0.341796875 0.037109375 0.048828125
0 0.94775390625 0.3408203125 0.0283203125 0.03125
