0 0.7060546875 0.5693359375 0.033203125 0.044921875
0 0.70947265625 0.5244140625 0.0283203125 0.029296875
0 0.5556640625 0.5703125 0.044921875 0.048828125
0 0.49951171875 0.5634765625 0.0361328125 0.04296875
0 0.44580078125 0.58935546875 0.0341796875 0.0341796875
0 0.775390625 0.5361328125 0.029296875 0.0390625
0 0.552734375 0.4873046875 0.0234375 0.02734375
0 0.3134765625 0.58349609375 0.04296875 0.0498046875
0 0.15380859375 0.630859375 0.0498046875 0.05859375
0 0.2255859375 0.52978515625 0.0234375 0.0283203125
0 0.08935546875 0.53759765625 0.0224609375 0.0244140625
0 0.2568359375 0.48779296875 0.021484375 0.0244140625
0 0.35791015625 0.49609375 0.0263671875 0.03125
0 0.82177734375 0.50048828125 0.0302734375 0.0341796875
