0 0.04833984375 0.467253176931 0.0654296875 0.0938416422287
0 0.2333984375 0.425708699902 0.02734375 0.030303030303
0 0.32568359375 0.467253176931 0.0361328125 0.0508308895406
0 0.37939453125 0.412023460411 0.0498046875 0.0518084066471
0 0.43505859375 0.411045943304 0.0595703125 0.069403714565
0 0.5087890625 0.356793743891 0.0703125 0.103616813294
0 0.8349609375 0.490224828935 0.06640625 0.0909090909091
0 0.83203125 0.394428152493 0.052734375 0.0537634408602
0 0.76220703125 0.351417399804 0.0458984375 0.0615835777126
0 0.888671875 0.408113391984 0.046875 0.0576735092864
0 0.982421875 0.381231671554 0.03515625 0.0860215053763
0 0.82470703125 0.351906158358 0.0498046875 0.058651026393
0 0.88037109375 0.676441837732 0.0361328125 0.0332355816227
0 0.01806640625 0.405180840665 0.0302734375 0.0459433040078
