0 0.02294921875 0.73779296875 0.0283203125 0.0380859375
0 0.154296875 0.80615234375 0.037109375 0.0478515625
0 0.064453125 0.755859375 0.021484375 0.02734375
0 0.212890625 0.56201171875 0.03515625 0.0419921875
0 0.2626953125 0.73681640625 0.01953125 0.0283203125
0 0.38330078125 0.7470703125 0.0263671875 0.033203125
0 0.42822265625 0.70556640625 0.0205078125 0.0263671875
0 0.53515625 0.72998046875 0.0234375 0.0302734375
0 0.458984375 0.75048828125 0.021484375 0.0283203125
0 0.49169921875 0.7470703125 0.0283203125 0.03515625
0 0.51611328125 0.81103515625 0.0283203125 0.0380859375
0 0.53564453125 0.8037109375 0.0400390625 0.048828125
0 0.61962890625 0.7294921875 0.0224609375 0.02734375
0 0.56591796875 0.72412109375 0.0205078125 0.0322265625
0 0.57568359375 0.744140625 0.0283203125 0.03515625
0 0.66015625 0.802734375 0.025390625 0.03515625
0 0.6748046875 0.8056640625 0.037109375 0.048828125
0 0.67529296875 0.7568359375 0.0244140625 0.021484375
0 0.70556640625 0.77392578125 0.0283203125 0.0302734375
0 0.75146484375 0.74755859375 0.0283203125 0.0302734375
0 0.7705078125 0.78369140625 0.0234375 0.0322265625
0 0.82421875 0.75341796875 0.021484375 0.0263671875
0 0.85888671875 0.72119140625 0.0205078125 0.0263671875
0 0.91650390625 0.73779296875 0.0205078125 0.0283203125
0 0.98974609375 0.72021484375 0.0205078125 0.0283203125
0 0.97265625 0.7294921875 0.021484375 0.025390625
0 0.9677734375 0.767578125 0.03515625 0.044921875
0 0.9736328125 0.79638671875 0.033203125 0.0439453125
