0 0.40869140625 0.41845703125 0.0361328125 0.0595703125
0 0.50537109375 0.4072265625 0.0791015625 0.11328125
0 0.5751953125 0.4677734375 0.02734375 0.0390625
0 0.60400390625 0.43408203125 0.0205078125 0.0361328125
0 0.642578125 0.4228515625 0.01953125 0.03515625
0 0.65380859375 0.4443359375 0.0224609375 0.02734375
0 0.7470703125 0.46533203125 0.021484375 0.0263671875
0 0.0302734375 0.44677734375 0.03515625 0.0556640625
0 0.0751953125 0.45361328125 0.03125 0.0361328125
0 0.20849609375 0.4375 0.0537109375 0.064453125
0 0.33935546875 0.45751953125 0.0224609375 0.0224609375
