0 0.15478515625 0.439882697947 0.0478515625 0.0547409579668
0 0.22607421875 0.44183773216 0.0517578125 0.0508308895406
0 0.22705078125 0.506353861193 0.0478515625 0.0625610948192
0 0.37646484375 0.513196480938 0.0595703125 0.0645161290323
0 0.11083984375 0.565004887586 0.0791015625 0.0840664711632
0 0.13671875 0.708699902248 0.09765625 0.11339198436
0 0.3603515625 0.709188660802 0.115234375 0.130009775171
0 0.03662109375 0.670576735093 0.0732421875 0.105571847507
0 0.04296875 0.577223851417 0.05859375 0.0772238514174
0 0.06640625 0.488269794721 0.056640625 0.0654936461388
0 0.091796875 0.398338220919 0.033203125 0.0400782013685
0 0.056640625 0.39100684262 0.03125 0.0351906158358
0 0.48779296875 0.5 0.0791015625 0.0928641251222
0 0.68798828125 0.543988269795 0.0791015625 0.0948191593353
0 0.78369140625 0.66275659824 0.0556640625 0.0840664711632
0 0.58935546875 0.781036168133 0.0673828125 0.101661779081
0 0.27490234375 0.391984359726 0.0224609375 0.0254154447703
0 0.24755859375 0.376832844575 0.0244140625 0.0322580645161
0 0.197265625 0.394428152493 0.03125 0.0361681329423
0 0.177734375 0.367546432063 0.02734375 0.0312805474096
0 0.34912109375 0.422287390029 0.0458984375 0.058651026393
0 0.3564453125 0.371945259042 0.03515625 0.0400782013685
0 0.376953125 0.425708699902 0.037109375 0.0518084066471
0 0.40478515625 0.38660801564 0.0341796875 0.0478983382209
0 0.32421875 0.402248289345 0.03125 0.0400782013685
0 0.96875 0.514662756598 0.0625 0.0909090909091
0 0.7333984375 0.475073313783 0.056640625 0.0742913000978
0 0.6572265625 0.409090909091 0.05859375 0.0733137829912
0 0.69140625 0.393450635386 0.0390625 0.0537634408602
0 0.59814453125 0.371945259042 0.0205078125 0.0244379276637
0 0.48681640625 0.411045943304 0.0302734375 0.0381231671554
0 0.435546875 0.377321603128 0.025390625 0.0332355816227
0 0.72509765625 0.363636363636 0.0322265625 0.039100684262
0 0.74609375 0.365591397849 0.0234375 0.0371456500489
0 0.89013671875 0.384652981427 0.0439453125 0.0557184750733
0 0.607421875 0.341153470186 0.01953125 0.019550342131
0 0.58056640625 0.328934506354 0.0205078125 0.0224828934506
0 0.7294921875 0.405180840665 0.025390625 0.0381231671554
