0 0.2568359375 0.732649071359 0.087890625 0.112414467253
0 0.01513671875 0.619257086999 0.0302734375 0.0987292277615
0 0.0166015625 0.557673509286 0.033203125 0.0674486803519
0 0.10302734375 0.528836754643 0.0576171875 0.0782013685239
0 0.2607421875 0.648582600196 0.0390625 0.0596285434995
0 0.3095703125 0.625610948192 0.056640625 0.0762463343109
0 0.17724609375 0.55669599218 0.0380859375 0.0537634408602
0 0.13623046875 0.538123167155 0.0322265625 0.0478983382209
0 0.27685546875 0.546432062561 0.0302734375 0.0547409579668
0 0.359375 0.541544477028 0.041015625 0.0566959921799
0 0.4169921875 0.669599217986 0.04296875 0.080156402737
0 0.05908203125 0.511730205279 0.0341796875 0.0459433040078
0 0.0703125 0.490224828935 0.025390625 0.0439882697947
0 0.12841796875 0.439393939394 0.0205078125 0.0361681329423
0 0.33056640625 0.49853372434 0.0380859375 0.0508308895406
0 0.486328125 0.546432062561 0.044921875 0.0469208211144
0 0.46923828125 0.625122189638 0.0517578125 0.0752688172043
0 0.60498046875 0.574291300098 0.0439453125 0.0733137829912
0 0.57666015625 0.606549364614 0.0517578125 0.0791788856305
0 0.6826171875 0.537634408602 0.029296875 0.0449657869013
0 0.74267578125 0.515640273705 0.0244140625 0.0322580645161
0 0.83837890625 0.593841642229 0.0400390625 0.0654936461388
0 0.7998046875 0.515640273705 0.021484375 0.0342130987292
0 0.86181640625 0.575268817204 0.0322265625 0.0615835777126
0 0.8759765625 0.657869012708 0.072265625 0.0879765395894
0 0.79541015625 0.656402737048 0.0712890625 0.0615835777126
0 0.73681640625 0.709188660802 0.0439453125 0.112414467253
0 0.55224609375 0.66862170088 0.0869140625 0.0938416422287
0 0.8369140625 0.782013685239 0.09765625 0.101661779081
0 0.68115234375 0.64027370479 0.0400390625 0.0664711632454
0 0.76220703125 0.612903225806 0.0576171875 0.0703812316716
0 0.42138671875 0.514662756598 0.0458984375 0.069403714565
0 0.58251953125 0.478983382209 0.0263671875 0.039100684262
