0 0.83203125 0.6279296875 0.078125 0.087890625
0 0.896484375 0.56298828125 0.056640625 0.0634765625
0 0.6767578125 0.4931640625 0.02734375 0.033203125
0 0.55224609375 0.47021484375 0.0341796875 0.0361328125
0 0.5810546875 0.431640625 0.029296875 0.041015625
0 0.43603515625 0.51416015625 0.0419921875 0.0517578125
0 0.30419921875 0.431640625 0.0341796875 0.037109375
0 0.34375 0.42626953125 0.025390625 0.0302734375
0 0.208984375 0.4482421875 0.029296875 0.033203125
0 0.1630859375 0.52392578125 0.037109375 0.0498046875
0 0.45751953125 0.38720703125 0.0302734375 0.0380859375
0 0.5390625 0.42333984375 0.0234375 0.0380859375
0 0.57666015625 0.40283203125 0.0322265625 0.0380859375
0 0.77490234375 0.41259765625 0.0322265625 0.0341796875
0 0.98583984375 0.2978515625 0.0205078125 0.0234375
0 0.76220703125 0.32470703125 0.0205078125 0.0244140625
0 0.724609375 0.30419921875 0.021484375 0.0224609375
0 0.35205078125 0.3896484375 0.0205078125 0.025390625
0 0.2578125 0.3974609375 0.01953125 0.0234375
0 0.048828125 0.40673828125 0.0234375 0.0283203125
