0 0.54314516129 0.0514112903226 0.0306451612903 0.0358870967742
0 0.542741935484 0.163508064516 0.0258064516129 0.029435483871
0 0.512096774194 0.160685483871 0.0225806451613 0.0302419354839
0 0.691330645161 0.0604838709677 0.0165322580645 0.0209677419355
0 0.622782258065 0.564516129032 0.0278225806452 0.0362903225806
0 0.591129032258 0.565927419355 0.0129032258065 0.020564516129
0 0.647177419355 0.925201612903 0.0233870967742 0.0318548387097
0 0.603427419355 0.943346774194 0.0125 0.0157258064516
0 0.537298387097 0.933669354839 0.0108870967742 0.0149193548387
0 0.559274193548 0.928225806452 0.0104838709677 0.0145161290323
0 0.455040322581 0.958669354839 0.0358870967742 0.0383064516129
0 0.379637096774 0.978629032258 0.0366935483871 0.0427419354839
0 0.382459677419 0.920161290323 0.0149193548387 0.0217741935484
0 0.354032258065 0.938709677419 0.0153225806452 0.0193548387097
0 0.324596774194 0.953225806452 0.0161290322581 0.0233870967742
0 0.422177419355 0.92560483871 0.0104838709677 0.0125
0 0.402822580645 0.883467741935 0.0129032258065 0.016935483871
0 0.429838709677 0.88185483871 0.0120967741935 0.016935483871
