0 0.05517578125 0.594819159335 0.0869140625 0.11045943304
0 0.2626953125 0.509286412512 0.0703125 0.0879765395894
0 0.32177734375 0.500488758553 0.0595703125 0.0899315738025
0 0.38623046875 0.527859237537 0.0458984375 0.0606060606061
0 0.43408203125 0.511241446725 0.0517578125 0.0645161290323
0 0.39892578125 0.456500488759 0.0244140625 0.0312805474096
0 0.55712890625 0.506842619746 0.0302734375 0.0459433040078
0 0.6533203125 0.459433040078 0.03515625 0.0469208211144
0 0.2060546875 0.464809384164 0.029296875 0.0342130987292
0 0.01220703125 0.489247311828 0.0244140625 0.0420332355816
0 0.75634765625 0.454056695992 0.0341796875 0.0420332355816
0 0.45703125 0.450635386119 0.01953125 0.0273704789834
0 0.478515625 0.456500488759 0.021484375 0.0273704789834
0 0.89990234375 0.458455522972 0.0283203125 0.0312805474096
0 0.919921875 0.444281524927 0.025390625 0.0322580645161
0 0.83642578125 0.445259042033 0.0302734375 0.030303030303
0 0.783203125 0.460410557185 0.029296875 0.039100684262
0 0.701171875 0.445259042033 0.0234375 0.0244379276637
0 0.37255859375 0.452590420332 0.0244140625 0.0293255131965
