0 0.8701171875 0.29833984375 0.06640625 0.0751953125
0 0.76708984375 0.34716796875 0.0751953125 0.0849609375
0 0.7587890625 0.2470703125 0.056640625 0.068359375
0 0.60498046875 0.30615234375 0.0712890625 0.0732421875
0 0.43310546875 0.34765625 0.0869140625 0.099609375
0 0.52685546875 0.27197265625 0.0673828125 0.0751953125
0 0.34912109375 0.2998046875 0.0693359375 0.08203125
0 0.3037109375 0.28466796875 0.060546875 0.0771484375
0 0.08154296875 0.35986328125 0.0419921875 0.0849609375
0 0.05126953125 0.21875 0.0595703125 0.080078125
0 0.15478515625 0.40625 0.0830078125 0.095703125
