0 0.3955078125 0.645650048876 0.021484375 0.030303030303
0 0.55322265625 0.638318670577 0.0244140625 0.0312805474096
0 0.35986328125 0.640762463343 0.0224609375 0.0244379276637
0 0.330078125 0.647116324536 0.01953125 0.0215053763441
0 0.25830078125 0.636363636364 0.0244140625 0.0273704789834
0 0.18896484375 0.60899315738 0.0498046875 0.0430107526882
0 0.07470703125 0.619257086999 0.0244140625 0.0244379276637
0 0.0986328125 0.609481915934 0.01953125 0.0224828934506
0 0.0234375 0.584555229717 0.037109375 0.0430107526882
0 0.400390625 0.621700879765 0.021484375 0.0215053763441
0 0.77734375 0.652981427175 0.02734375 0.0254154447703
0 0.8251953125 0.660312805474 0.02734375 0.0263929618768
0 0.916015625 0.649071358749 0.03515625 0.0371456500489
0 0.72607421875 0.647116324536 0.0224609375 0.0254154447703
0 0.78369140625 0.628054740958 0.0205078125 0.0224828934506
0 0.8017578125 0.642717497556 0.021484375 0.0224828934506
0 0.86279296875 0.64173998045 0.0263671875 0.0263929618768
0 0.02197265625 0.555718475073 0.0302734375 0.0342130987292
