0 0.9658203125 0.53076171875 0.05859375 0.0634765625
0 0.916015625 0.51025390625 0.046875 0.0673828125
0 0.7412109375 0.474609375 0.046875 0.056640625
0 0.775390625 0.58740234375 0.05859375 0.0712890625
0 0.58447265625 0.52392578125 0.0576171875 0.0673828125
0 0.6494140625 0.51318359375 0.0546875 0.0634765625
0 0.44677734375 0.57080078125 0.0673828125 0.0751953125
0 0.36572265625 0.49267578125 0.0537109375 0.0634765625
0 0.46826171875 0.48291015625 0.0380859375 0.0380859375
0 0.42578125 0.51220703125 0.01953125 0.0244140625
0 0.31103515625 0.47998046875 0.0361328125 0.0458984375
0 0.13671875 0.50732421875 0.07421875 0.0791015625
0 0.09033203125 0.53759765625 0.0341796875 0.0498046875
0 0.232421875 0.53369140625 0.04296875 0.0478515625
