0 0.88232421875 0.649071358749 0.0615234375 0.0703812316716
0 0.69140625 0.781524926686 0.076171875 0.0869990224829
0 0.6015625 0.765395894428 0.046875 0.0566959921799
0 0.59814453125 0.667644183773 0.0341796875 0.0508308895406
0 0.63427734375 0.653470185728 0.0302734375 0.0342130987292
0 0.64599609375 0.631476050831 0.0283203125 0.039100684262
0 0.6591796875 0.401270772239 0.029296875 0.0342130987292
0 0.40966796875 0.394428152493 0.0869140625 0.114369501466
0 0.44140625 0.399315738025 0.037109375 0.0596285434995
0 0.0380859375 0.397849462366 0.0390625 0.0469208211144
