0 0.9453125 0.391495601173 0.03515625 0.0420332355816
0 0.97705078125 0.360215053763 0.0244140625 0.030303030303
0 0.94580078125 0.328445747801 0.0224609375 0.0273704789834
0 0.923828125 0.375366568915 0.021484375 0.0293255131965
0 0.857421875 0.366080156403 0.0234375 0.0400782013685
0 0.7802734375 0.352394916911 0.021484375 0.0244379276637
0 0.71826171875 0.383186705767 0.0380859375 0.0430107526882
0 0.6474609375 0.369501466276 0.01953125 0.0254154447703
0 0.43994140625 0.424242424242 0.0283203125 0.0234604105572
0 0.3251953125 0.401270772239 0.033203125 0.0381231671554
0 0.18701171875 0.425708699902 0.0302734375 0.0224828934506
0 0.24365234375 0.396383186706 0.0244140625 0.0322580645161
