0 0.236328125 0.6642228739 0.029296875 0.0342130987292
0 0.1953125 0.780058651026 0.056640625 0.0703812316716
0 0.24853515625 0.744379276637 0.0439453125 0.0557184750733
0 0.1396484375 0.686217008798 0.025390625 0.0351906158358
0 0.8505859375 0.674975562072 0.021484375 0.030303030303
0 0.73291015625 0.734604105572 0.0400390625 0.0420332355816
0 0.54833984375 0.744868035191 0.0615234375 0.0879765395894
0 0.9072265625 0.707233626588 0.01953125 0.0244379276637
0 0.14453125 0.766862170088 0.0390625 0.0576735092864
0 0.77490234375 0.80449657869 0.0419921875 0.058651026393
