0 0.11572265625 0.796875 0.0458984375 0.04296875
0 0.3525390625 0.75341796875 0.033203125 0.0380859375
0 0.24560546875 0.787109375 0.0419921875 0.041015625
0 0.2236328125 0.6923828125 0.03125 0.037109375
0 0.2236328125 0.7275390625 0.033203125 0.03515625
0 0.15087890625 0.66943359375 0.0302734375 0.0322265625
0 0.1640625 0.66259765625 0.0234375 0.0361328125
0 0.0517578125 0.673828125 0.033203125 0.02734375
0 0.0107421875 0.63818359375 0.021484375 0.0380859375
0 0.099609375 0.6103515625 0.0234375 0.033203125
0 0.3408203125 0.6279296875 0.01953125 0.03125
0 0.2509765625 0.59375 0.0234375 0.03125
0 0.1357421875 0.60986328125 0.02734375 0.0322265625
0 0.16650390625 0.63818359375 0.0244140625 0.0302734375
0 0.447265625 0.6865234375 0.029296875 0.0390625
0 0.38623046875 0.6259765625 0.0263671875 0.029296875
0 0.466796875 0.5986328125 0.021484375 0.029296875
0 0.39404296875 0.74560546875 0.0322265625 0.0439453125
0 0.50146484375 0.751953125 0.0283203125 0.03515625
0 0.47265625 0.806640625 0.033203125 0.0390625
0 0.3232421875 0.57421875 0.0234375 0.025390625
0 0.3603515625 0.5576171875 0.0234375 0.0234375
0 0.296875 0.59033203125 0.029296875 0.0283203125
0 0.29638671875 0.541015625 0.0224609375 0.02734375
0 0.27392578125 0.63818359375 0.0244140625 0.0341796875
0 0.56103515625 0.7080078125 0.0302734375 0.0390625
0 0.60107421875 0.69140625 0.0244140625 0.03515625
0 0.5 0.6455078125 0.01953125 0.033203125
0 0.06640625 0.546875 0.0234375 0.02734375
0 0.12841796875 0.5361328125 0.0263671875 0.03515625
0 0.19921875 0.5048828125 0.021484375 0.025390625
0 0.19970703125 0.529296875 0.0244140625 0.025390625
0 0.185546875 0.5751953125 0.02734375 0.03125
0 0.2314453125 0.568359375 0.025390625 0.025390625
0 0.02294921875 0.5703125 0.0244140625 0.037109375
0 0.115234375 0.46142578125 0.021484375 0.0224609375
0 0.208984375 0.47119140625 0.01953125 0.0244140625
0 0.24658203125 0.4765625 0.0205078125 0.02734375
0 0.28369140625 0.47265625 0.0205078125 0.0234375
0 0.3349609375 0.46484375 0.01953125 0.01953125
0 0.3232421875 0.52001953125 0.01953125 0.0224609375
0 0.1357421875 0.75341796875 0.021484375 0.0361328125
0 0.5244140625 0.5537109375 0.0234375 0.03125
0 0.46875 0.48779296875 0.01953125 0.0244140625
0 0.494140625 0.48095703125 0.01953125 0.0244140625
0 0.37451171875 0.44873046875 0.0205078125 0.0205078125
0 0.431640625 0.4892578125 0.01953125 0.0234375
0 0.494140625 0.52587890625 0.021484375 0.0263671875
0 0.40283203125 0.55859375 0.0205078125 0.02734375
0 0.62939453125 0.8115234375 0.0302734375 0.041015625
0 0.5400390625 0.78369140625 0.029296875 0.0361328125
0 0.80126953125 0.78662109375 0.0322265625 0.0361328125
0 0.78369140625 0.634765625 0.0244140625 0.029296875
0 0.85888671875 0.62451171875 0.0283203125 0.0322265625
0 0.87353515625 0.7314453125 0.0263671875 0.03515625
0 0.71630859375 0.65966796875 0.0224609375 0.0322265625
0 0.95458984375 0.7451171875 0.0302734375 0.033203125
0 0.98876953125 0.68701171875 0.0224609375 0.0380859375
0 0.89990234375 0.67236328125 0.0244140625 0.0302734375
0 0.77783203125 0.67431640625 0.0244140625 0.0322265625
0 0.7373046875 0.68408203125 0.025390625 0.0361328125
0 0.9453125 0.64599609375 0.01953125 0.0341796875
0 0.71142578125 0.564453125 0.0205078125 0.021484375
0 0.2919921875 0.79248046875 0.0234375 0.0400390625
0 0.2939453125 0.74658203125 0.03125 0.0439453125
