0 0.19580078125 0.35826001955 0.0205078125 0.0400782013685
0 0.1533203125 0.352883675464 0.02734375 0.0527859237537
0 0.669921875 0.724828934506 0.0234375 0.0322580645161
0 0.7919921875 0.743401759531 0.021484375 0.0205278592375
0 0.71875 0.575757575758 0.021484375 0.0410557184751
0 0.68359375 0.428641251222 0.0234375 0.0361681329423
0 0.72412109375 0.435483870968 0.0205078125 0.0361681329423
0 0.5908203125 0.305474095797 0.03125 0.0635386119257
0 0.34765625 0.284946236559 0.037109375 0.0654936461388
0 0.79150390625 0.280058651026 0.0263671875 0.0518084066471
0 0.50537109375 0.440860215054 0.0927734375 0.130987292278
0 0.962890625 0.260997067449 0.021484375 0.0293255131965
