0 0.2470703125 0.47216796875 0.048828125 0.0693359375
0 0.33837890625 0.44580078125 0.0205078125 0.0322265625
0 0.3916015625 0.435546875 0.01953125 0.0234375
0 0.13525390625 0.43994140625 0.0400390625 0.0478515625
0 0.1015625 0.4580078125 0.02734375 0.03515625
0 0.390625 0.56640625 0.109375 0.142578125
0 0.5009765625 0.50927734375 0.076171875 0.1064453125
0 0.568359375 0.48486328125 0.05078125 0.0556640625
0 0.67578125 0.5078125 0.078125 0.091796875
0 0.58837890625 0.43798828125 0.0224609375 0.0302734375
0 0.46240234375 0.4462890625 0.0458984375 0.07421875
0 0.97705078125 0.4931640625 0.0458984375 0.060546875
0 0.1943359375 0.4423828125 0.01953125 0.01953125
