0 0.0244140625 0.360215053763 0.048828125 0.0615835777126
0 0.119140625 0.368035190616 0.046875 0.0576735092864
0 0.2041015625 0.377810361681 0.041015625 0.0518084066471
0 0.263671875 0.363147605083 0.02734375 0.0381231671554
0 0.29638671875 0.375855327468 0.0263671875 0.0322580645161
0 0.3447265625 0.36412512219 0.041015625 0.049853372434
0 0.44091796875 0.372434017595 0.0341796875 0.0430107526882
0 0.52880859375 0.365591397849 0.0302734375 0.0449657869013
0 0.58642578125 0.366568914956 0.0341796875 0.0449657869013
0 0.61767578125 0.376832844575 0.0224609375 0.0342130987292
0 0.67236328125 0.379276637341 0.0380859375 0.0351906158358
0 0.73583984375 0.406647116325 0.0283203125 0.039100684262
0 0.787109375 0.398338220919 0.029296875 0.0400782013685
0 0.85107421875 0.380254154448 0.0322265625 0.0351906158358
0 0.93359375 0.384164222874 0.02734375 0.0371456500489
