0 0.84765625 0.693359375 0.01953125 0.025390625
0 0.88623046875 0.84814453125 0.0244140625 0.0419921875
0 0.98779296875 0.76513671875 0.0244140625 0.0341796875
0 0.19921875 0.642578125 0.01953125 0.021484375
0 0.0146484375 0.6708984375 0.01953125 0.025390625
0 0.21533203125 0.7158203125 0.0224609375 0.0234375
0 0.169921875 0.80615234375 0.01953125 0.0224609375
0 0.17041015625 0.8603515625 0.0361328125 0.02734375
0 0.50830078125 0.7744140625 0.0263671875 0.03515625
0 0.27099609375 0.7392578125 0.0244140625 0.037109375
0 0.337890625 0.71484375 0.0234375 0.033203125
0 0.322265625 0.7900390625 0.03515625 0.046875
0 0.61865234375 0.732421875 0.0244140625 0.03125
0 0.56005859375 0.84130859375 0.0302734375 0.0400390625
