0 0.05859375 0.39990234375 0.02734375 0.0302734375
0 0.205078125 0.37646484375 0.01953125 0.0263671875
0 0.28857421875 0.35546875 0.0205078125 0.02734375
0 0.31689453125 0.3720703125 0.0322265625 0.0390625
0 0.37744140625 0.33984375 0.0302734375 0.04296875
0 0.4560546875 0.29248046875 0.07421875 0.0810546875
0 0.552734375 0.27099609375 0.041015625 0.0576171875
0 0.38134765625 0.44970703125 0.0419921875 0.0634765625
0 0.4423828125 0.4462890625 0.05859375 0.0703125
0 0.77783203125 0.29736328125 0.0595703125 0.1005859375
0 0.9765625 0.2802734375 0.046875 0.06640625
