0 0.75422626788 0.584525357607 0.0156046814044 0.0208062418726
0 0.775682704811 0.630039011704 0.0156046814044 0.0221066319896
0 0.759752925878 0.64466840052 0.0149544863459 0.0214564369311
0 0.706436931079 0.638166449935 0.018855656697 0.01755526658
0 0.63589076723 0.609232769831 0.0208062418726 0.0260078023407
0 0.602080624187 0.630689206762 0.0260078023407 0.0299089726918
0 0.731469440832 0.587451235371 0.0143042912874 0.020156046814
0 0.603706111834 0.541287386216 0.0162548764629 0.0214564369311
0 0.630689206762 0.514629388817 0.0143042912874 0.018855656697
0 0.591027308192 0.482769830949 0.0130039011704 0.0162548764629
0 0.477243172952 0.581924577373 0.0208062418726 0.0260078023407
0 0.409947984395 0.578673602081 0.018855656697 0.0299089726918
0 0.360858257477 0.598504551365 0.0286085825748 0.0383615084525
0 0.458062418726 0.532184655397 0.0149544863459 0.0240572171651
0 0.492197659298 0.526983094928 0.0156046814044 0.0227568270481
0 0.331274382315 0.5 0.0136540962289 0.0208062418726
0 0.249349804941 0.584525357607 0.0266579973992 0.0325097529259
0 0.286736020806 0.587451235371 0.0247074122237 0.0331599479844
0 0.192132639792 0.526007802341 0.018855656697 0.0260078023407
0 0.276007802341 0.431729518856 0.0149544863459 0.0208062418726
0 0.66644993498 0.422626788036 0.0130039011704 0.0182054616385
0 0.21066319896 0.310468140442 0.0156046814044 0.018855656697
0 0.21066319896 0.310468140442 0.0156046814044 0.018855656697
0 0.222691807542 0.715864759428 0.0370611183355 0.0442132639792
0 0.550390117035 0.664824447334 0.0149544863459 0.0279583875163
