0 0.98779296875 0.304985337243 0.0244140625 0.0469208211144
0 0.98828125 0.259530791789 0.0234375 0.030303030303
0 0.9404296875 0.338220918866 0.048828125 0.0547409579668
0 0.87451171875 0.33284457478 0.0517578125 0.0674486803519
0 0.83935546875 0.294721407625 0.0712890625 0.0674486803519
0 0.89306640625 0.274193548387 0.0361328125 0.0400782013685
0 0.78564453125 0.320625610948 0.0615234375 0.0723362658847
0 0.7412109375 0.332355816227 0.0390625 0.0508308895406
0 0.697265625 0.318670576735 0.060546875 0.0879765395894
0 0.6015625 0.287390029326 0.05078125 0.0645161290323
0 0.60498046875 0.347018572825 0.0517578125 0.0625610948192
0 0.53564453125 0.317204301075 0.0556640625 0.0713587487781
0 0.376953125 0.359237536657 0.05859375 0.0713587487781
0 0.40087890625 0.320136852395 0.0380859375 0.0518084066471
0 0.33447265625 0.397360703812 0.0615234375 0.0713587487781
0 0.29931640625 0.297653958944 0.0439453125 0.0518084066471
0 0.318359375 0.349462365591 0.044921875 0.0478983382209
0 0.2763671875 0.381720430108 0.05078125 0.0733137829912
0 0.20849609375 0.380254154448 0.0595703125 0.0723362658847
0 0.166015625 0.356304985337 0.05078125 0.0615835777126
0 0.12353515625 0.400782013685 0.0634765625 0.0762463343109
0 0.34375 0.303519061584 0.02734375 0.0322580645161
0 0.021484375 0.354349951124 0.04296875 0.0752688172043
