0 0.68798828125 0.50146484375 0.0966796875 0.0986328125
0 0.8701171875 0.2392578125 0.091796875 0.12890625
0 0.158203125 0.32080078125 0.056640625 0.0576171875
0 0.42626953125 0.5224609375 0.0537109375 0.080078125
0 0.52587890625 0.45263671875 0.0869140625 0.1142578125
0 0.240234375 0.52490234375 0.0390625 0.0478515625
0 0.2958984375 0.57958984375 0.04296875 0.0615234375
0 0.373046875 0.5361328125 0.0390625 0.0390625
0 0.06982421875 0.79052734375 0.0498046875 0.0576171875
0 0.01220703125 0.53173828125 0.0244140625 0.0537109375
0 0.95263671875 0.5107421875 0.0244140625 0.03515625
0 0.01708984375 0.681640625 0.0341796875 0.060546875
