0 0.0458984375 0.352883675464 0.03125 0.0293255131965
0 0.1298828125 0.325024437928 0.029296875 0.0381231671554
0 0.1640625 0.274193548387 0.046875 0.0557184750733
0 0.2294921875 0.278592375367 0.033203125 0.0430107526882
0 0.416015625 0.390518084066 0.037109375 0.0439882697947
0 0.33544921875 0.717986314761 0.0439453125 0.0244379276637
0 0.74560546875 0.2761485826 0.0439453125 0.0557184750733
0 0.8779296875 0.279569892473 0.025390625 0.0332355816227
0 0.943359375 0.287390029326 0.048828125 0.058651026393
0 0.98388671875 0.300097751711 0.0322265625 0.039100684262
