0 0.0234375 0.49560546875 0.037109375 0.0673828125
0 0.212890625 0.42822265625 0.078125 0.1064453125
0 0.494140625 0.42822265625 0.083984375 0.1142578125
0 0.607421875 0.4970703125 0.05859375 0.080078125
0 0.63671875 0.49755859375 0.025390625 0.0419921875
0 0.6923828125 0.5283203125 0.01953125 0.0234375
0 0.76318359375 0.49853515625 0.0712890625 0.0908203125
0 0.724609375 0.53662109375 0.02734375 0.0361328125
0 0.80517578125 0.52880859375 0.0224609375 0.0361328125
0 0.86083984375 0.517578125 0.0458984375 0.05078125
0 0.97802734375 0.505859375 0.0439453125 0.056640625
