0 0.12353515625 0.62744140625 0.0263671875 0.0302734375
0 0.20458984375 0.63330078125 0.0263671875 0.0302734375
0 0.13134765625 0.56494140625 0.0244140625 0.0283203125
0 0.22119140625 0.55419921875 0.0224609375 0.0263671875
0 0.28466796875 0.56103515625 0.0244140625 0.0283203125
0 0.33056640625 0.52294921875 0.0205078125 0.0244140625
0 0.37939453125 0.63671875 0.0263671875 0.02734375
0 0.26611328125 0.65185546875 0.0244140625 0.0244140625
0 0.26416015625 0.72314453125 0.0224609375 0.0263671875
0 0.11181640625 0.52978515625 0.0263671875 0.0283203125
0 0.2216796875 0.4775390625 0.021484375 0.025390625
0 0.8203125 0.6572265625 0.02734375 0.029296875
0 0.8857421875 0.70947265625 0.01953125 0.0205078125
0 0.732421875 0.68359375 0.029296875 0.029296875
0 0.7197265625 0.65869140625 0.021484375 0.0224609375
0 0.66845703125 0.5849609375 0.0224609375 0.02734375
0 0.81689453125 0.55224609375 0.0224609375 0.0283203125
0 0.97314453125 0.5478515625 0.0224609375 0.029296875
0 0.51171875 0.40234375 0.064453125 0.078125
0 0.45654296875 0.6025390625 0.0224609375 0.025390625
0 0.65380859375 0.45947265625 0.0224609375 0.0224609375
0 0.7314453125 0.44384765625 0.01953125 0.0224609375
0 0.8671875 0.48583984375 0.0234375 0.0283203125
0 0.462890625 0.41796875 0.01953125 0.021484375
0 0.634765625 0.4091796875 0.01953125 0.021484375
0 0.0341796875 0.56298828125 0.02734375 0.0302734375
0 0.44287109375 0.76318359375 0.0244140625 0.0283203125
0 0.02490234375 0.51171875 0.0205078125 0.033203125
0 0.03369140625 0.48193359375 0.0205078125 0.0244140625
0 0.42041015625 0.40478515625 0.0205078125 0.0263671875
0 0.9482421875 0.3984375 0.01953125 0.021484375
0 0.79638671875 0.58642578125 0.0224609375 0.0283203125
0 0.900390625 0.46435546875 0.0234375 0.0283203125
0 0.95458984375 0.35791015625 0.0205078125 0.0224609375
