0 0.1279296875 0.4501953125 0.021484375 0.029296875
0 0.1611328125 0.44384765625 0.02734375 0.0283203125
0 0.25732421875 0.45751953125 0.0244140625 0.0302734375
0 0.38427734375 0.42919921875 0.0302734375 0.0283203125
0 0.4775390625 0.43017578125 0.02734375 0.0380859375
0 0.53857421875 0.43115234375 0.0205078125 0.0302734375
0 0.60009765625 0.44970703125 0.0263671875 0.0341796875
0 0.66943359375 0.44921875 0.0224609375 0.029296875
0 0.7265625 0.443359375 0.02734375 0.033203125
0 0.7783203125 0.4267578125 0.0234375 0.03125
0 0.8056640625 0.44189453125 0.029296875 0.0322265625
0 0.98681640625 0.44140625 0.0244140625 0.02734375
