0 0.5390625 0.356304985337 0.01953125 0.0205278592375
0 0.49560546875 0.350439882698 0.0205078125 0.0205278592375
0 0.41650390625 0.406647116325 0.0322265625 0.0332355816227
0 0.66357421875 0.399315738025 0.0283203125 0.0244379276637
0 0.76513671875 0.387096774194 0.0224609375 0.0293255131965
0 0.6865234375 0.395894428152 0.01953125 0.019550342131
0 0.80224609375 0.422776148583 0.0400390625 0.0478983382209
0 0.8251953125 0.393939393939 0.02734375 0.0371456500489
0 0.873046875 0.372434017595 0.025390625 0.0312805474096
0 0.84130859375 0.436950146628 0.0302734375 0.0410557184751
0 0.94091796875 0.401759530792 0.0244140625 0.0273704789834
0 0.9189453125 0.422776148583 0.033203125 0.0400782013685
0 0.9697265625 0.433040078201 0.033203125 0.0410557184751
0 0.93994140625 0.512218963832 0.0595703125 0.0762463343109
0 0.87646484375 0.5596285435 0.0634765625 0.069403714565
0 0.7705078125 0.642717497556 0.1015625 0.126099706745
0 0.6982421875 0.540566959922 0.044921875 0.0527859237537
0 0.7841796875 0.499022482893 0.037109375 0.0400782013685
0 0.6123046875 0.421309872923 0.025390625 0.0351906158358
0 0.6513671875 0.450146627566 0.03515625 0.0518084066471
0 0.58056640625 0.437927663734 0.0302734375 0.0351906158358
0 0.47216796875 0.454056695992 0.0380859375 0.0420332355816
0 0.509765625 0.552785923754 0.080078125 0.104594330401
0 0.3310546875 0.541055718475 0.0625 0.0733137829912
0 0.1630859375 0.569403714565 0.05859375 0.0733137829912
0 0.14453125 0.455034213099 0.048828125 0.0674486803519
0 0.140625 0.390029325513 0.03125 0.0371456500489
0 0.20947265625 0.411534701857 0.0361328125 0.0410557184751
0 0.2822265625 0.41495601173 0.041015625 0.0459433040078
0 0.306640625 0.397360703812 0.025390625 0.0322580645161
0 0.33447265625 0.390518084066 0.0302734375 0.0342130987292
0 0.07275390625 0.418377321603 0.0283203125 0.0449657869013
0 0.015625 0.406647116325 0.03125 0.0449657869013
0 0.0654296875 0.376344086022 0.0234375 0.0273704789834
