0 0.04052734375 0.488758553275 0.0302734375 0.0430107526882
0 0.09033203125 0.505376344086 0.0283203125 0.0312805474096
0 0.14111328125 0.502443792766 0.0205078125 0.0293255131965
0 0.23876953125 0.505865102639 0.0205078125 0.030303030303
0 0.2685546875 0.506842619746 0.03125 0.0381231671554
0 0.2978515625 0.514173998045 0.03125 0.0351906158358
0 0.35009765625 0.486314760508 0.0244140625 0.0283479960899
0 0.43701171875 0.435483870968 0.0205078125 0.0244379276637
0 0.419921875 0.492668621701 0.01953125 0.0312805474096
0 0.74755859375 0.452101661779 0.0224609375 0.0205278592375
0 0.9326171875 0.418866080156 0.01953125 0.0244379276637
0 0.4609375 0.488758553275 0.0234375 0.0254154447703
