0 0.62158203125 0.48388671875 0.0458984375 0.0458984375
0 0.74755859375 0.58203125 0.0576171875 0.052734375
0 0.44189453125 0.47021484375 0.0380859375 0.0673828125
0 0.26416015625 0.4599609375 0.0419921875 0.0546875
0 0.1484375 0.46630859375 0.033203125 0.0400390625
0 0.07080078125 0.43212890625 0.0361328125 0.0380859375
0 0.009765625 0.45166015625 0.01953125 0.0263671875
0 0.9814453125 0.15087890625 0.037109375 0.0517578125
0 0.61962890625 0.248046875 0.0205078125 0.02734375
0 0.0712890625 0.27685546875 0.025390625 0.0244140625
