0 0.809895833333 0.656901041667 0.0221354166667 0.0260416666667
0 0.756184895833 0.638997395833 0.0266927083333 0.0266927083333
0 0.587890625 0.4423828125 0.0755208333333 0.0852864583333
0 0.368815104167 0.522786458333 0.064453125 0.0729166666667
0 0.2607421875 0.549153645833 0.0149739583333 0.0188802083333
0 0.188151041667 0.805989583333 0.0403645833333 0.0455729166667
0 0.653645833333 0.1025390625 0.0286458333333 0.0345052083333
0 0.417317708333 0.146484375 0.046875 0.0598958333333
0 0.17578125 0.485677083333 0.0182291666667 0.02734375
0 0.175455729167 0.694661458333 0.017578125 0.0377604166667
0 0.422526041667 0.519205729167 0.0208333333333 0.025390625
