0 0.444970414201 0.306213017751 0.0544378698225 0.0656804733728
0 0.299112426036 0.260650887574 0.0207100591716 0.0266272189349
0 0.342307692308 0.224556213018 0.0278106508876 0.0313609467456
0 0.377810650888 0.216272189349 0.0242603550296 0.0278106508876
0 0.386094674556 0.170710059172 0.0159763313609 0.0159763313609
0 0.340236686391 0.15798816568 0.0201183431953 0.0224852071006
0 0.319526627219 0.186094674556 0.0177514792899 0.0207100591716
0 0.209467455621 0.265976331361 0.0201183431953 0.0230769230769
0 0.494378698225 0.244082840237 0.0230769230769 0.0254437869822
0 0.43875739645 0.219230769231 0.0230769230769 0.0254437869822
0 0.72426035503 0.22899408284 0.0177514792899 0.0177514792899
0 0.685798816568 0.677514792899 0.0603550295858 0.0579881656805
