0 0.01708984375 0.3408203125 0.0341796875 0.04296875
0 0.13232421875 0.29150390625 0.0302734375 0.0361328125
0 0.2001953125 0.33642578125 0.064453125 0.0732421875
0 0.3671875 0.37646484375 0.044921875 0.0537109375
0 0.3310546875 0.3408203125 0.029296875 0.033203125
0 0.37353515625 0.3232421875 0.0224609375 0.025390625
0 0.4677734375 0.31884765625 0.056640625 0.0654296875
0 0.59033203125 0.3232421875 0.0419921875 0.056640625
0 0.50439453125 0.30712890625 0.0361328125 0.0478515625
0 0.69189453125 0.333984375 0.0361328125 0.046875
0 0.7919921875 0.3583984375 0.0390625 0.048828125
0 0.84228515625 0.330078125 0.0517578125 0.056640625
0 0.93212890625 0.3408203125 0.0439453125 0.046875
0 0.90185546875 0.31591796875 0.0322265625 0.0400390625
0 0.2353515625 0.32763671875 0.02734375 0.0380859375
0 0.4326171875 0.3623046875 0.0234375 0.029296875
