0 0.4853515625 0.7626953125 0.07421875 0.0859375
0 0.35693359375 0.75927734375 0.0791015625 0.1240234375
0 0.2998046875 0.6455078125 0.0546875 0.07421875
0 0.81494140625 0.70703125 0.0361328125 0.046875
0 0.93798828125 0.564453125 0.0380859375 0.046875
0 0.88916015625 0.5498046875 0.0400390625 0.048828125
0 0.81982421875 0.513671875 0.0361328125 0.044921875
0 0.8681640625 0.45263671875 0.029296875 0.0380859375
0 0.966796875 0.4423828125 0.03125 0.033203125
0 0.8974609375 0.40576171875 0.025390625 0.0322265625
0 0.8173828125 0.43310546875 0.02734375 0.0341796875
0 0.82958984375 0.44970703125 0.0263671875 0.0283203125
0 0.7373046875 0.4013671875 0.025390625 0.03125
0 0.73828125 0.53076171875 0.048828125 0.0576171875
0 0.71435546875 0.50048828125 0.0322265625 0.0400390625
0 0.68896484375 0.419921875 0.0263671875 0.0234375
0 0.6982421875 0.443359375 0.03125 0.02734375
0 0.6611328125 0.39794921875 0.02734375 0.0322265625
0 0.66845703125 0.5361328125 0.0498046875 0.056640625
0 0.591796875 0.4892578125 0.041015625 0.052734375
0 0.58447265625 0.443359375 0.0283203125 0.03125
0 0.546875 0.47021484375 0.03125 0.0361328125
0 0.533203125 0.556640625 0.041015625 0.046875
0 0.44580078125 0.51953125 0.0439453125 0.046875
0 0.46435546875 0.44873046875 0.0283203125 0.0361328125
0 0.4287109375 0.453125 0.025390625 0.033203125
0 0.41552734375 0.54296875 0.0458984375 0.05078125
0 0.283203125 0.52587890625 0.029296875 0.0419921875
0 0.19287109375 0.50927734375 0.0419921875 0.0537109375
0 0.25537109375 0.4697265625 0.0361328125 0.03515625
0 0.20458984375 0.44287109375 0.0302734375 0.0380859375
0 0.30029296875 0.4501953125 0.0283203125 0.03125
0 0.3876953125 0.42626953125 0.0234375 0.0263671875
0 0.34375 0.404296875 0.029296875 0.033203125
0 0.2548828125 0.423828125 0.02734375 0.029296875
0 0.2626953125 0.40966796875 0.0234375 0.0322265625
0 0.30712890625 0.39599609375 0.0205078125 0.0224609375
0 0.2041015625 0.40771484375 0.029296875 0.0263671875
0 0.1884765625 0.373046875 0.021484375 0.0234375
0 0.10205078125 0.42431640625 0.0283203125 0.0361328125
0 0.123046875 0.38232421875 0.0234375 0.0263671875
0 0.10107421875 0.376953125 0.0244140625 0.029296875
0 0.04638671875 0.3408203125 0.0205078125 0.021484375
