0 0.97900390625 0.403714565005 0.0302734375 0.058651026393
0 0.92822265625 0.373411534702 0.0419921875 0.0527859237537
0 0.88671875 0.340175953079 0.048828125 0.058651026393
0 0.84130859375 0.315249266862 0.0263671875 0.049853372434
0 0.82080078125 0.356304985337 0.0439453125 0.0518084066471
0 0.654296875 0.354838709677 0.048828125 0.0566959921799
0 0.58544921875 0.36412512219 0.0517578125 0.0576735092864
0 0.60107421875 0.342619745846 0.0478515625 0.0596285434995
0 0.5302734375 0.357771260997 0.048828125 0.0527859237537
0 0.44189453125 0.378787878788 0.0478515625 0.0518084066471
0 0.470703125 0.396871945259 0.041015625 0.0527859237537
0 0.30810546875 0.346529814272 0.0419921875 0.0635386119257
0 0.2197265625 0.33137829912 0.044921875 0.0547409579668
0 0.140625 0.325513196481 0.044921875 0.0625610948192
0 0.16796875 0.347018572825 0.046875 0.0527859237537
0 0.03076171875 0.341153470186 0.0400390625 0.0508308895406
0 0.40576171875 0.373411534702 0.0498046875 0.0645161290323
0 0.7236328125 0.363147605083 0.033203125 0.0596285434995
