0 0.5126953125 0.438905180841 0.02734375 0.0293255131965
0 0.53857421875 0.41348973607 0.0224609375 0.0273704789834
0 0.58154296875 0.47458455523 0.0400390625 0.0459433040078
0 0.4638671875 0.434017595308 0.025390625 0.0293255131965
0 0.47216796875 0.402737047898 0.0224609375 0.0273704789834
0 0.5283203125 0.401759530792 0.021484375 0.0234604105572
0 0.51123046875 0.539100684262 0.0576171875 0.0713587487781
0 0.486328125 0.486314760508 0.046875 0.0557184750733
0 0.43701171875 0.646627565982 0.0986328125 0.11045943304
0 0.33984375 0.507331378299 0.0546875 0.0664711632454
0 0.21826171875 0.504398826979 0.0478515625 0.0606060606061
0 0.18115234375 0.577223851417 0.0517578125 0.0674486803519
0 0.24853515625 0.700879765396 0.0654296875 0.0664711632454
0 0.0791015625 0.242424242424 0.048828125 0.0606060606061
0 0.03125 0.189149560117 0.025390625 0.030303030303
0 0.28076171875 0.433528836755 0.0224609375 0.0283479960899
0 0.26025390625 0.403225806452 0.0205078125 0.0224828934506
0 0.20556640625 0.437927663734 0.0419921875 0.0488758553275
0 0.3818359375 0.426197458456 0.029296875 0.0293255131965
0 0.94873046875 0.673998044966 0.0810546875 0.0830889540567
0 0.943359375 0.540078201369 0.056640625 0.0576735092864
0 0.9892578125 0.450146627566 0.021484375 0.0263929618768
0 0.9716796875 0.41642228739 0.02734375 0.0312805474096
0 0.84375 0.506353861193 0.05859375 0.0762463343109
0 0.623046875 0.425708699902 0.01953125 0.0263929618768
