0 0.09619140625 0.4345703125 0.0400390625 0.037109375
0 0.07958984375 0.30517578125 0.0263671875 0.0283203125
0 0.19189453125 0.39013671875 0.0205078125 0.0224609375
0 0.52783203125 0.53466796875 0.0908203125 0.1005859375
0 0.8671875 0.37353515625 0.029296875 0.0341796875
0 0.8857421875 0.37255859375 0.01953125 0.0263671875
0 0.9072265625 0.37353515625 0.021484375 0.0283203125
0 0.81982421875 0.388671875 0.0205078125 0.01953125
0 0.830078125 0.45849609375 0.05078125 0.0419921875
0 0.66162109375 0.43408203125 0.0439453125 0.0458984375
0 0.90234375 0.51953125 0.072265625 0.0625
0 0.45947265625 0.3984375 0.0302734375 0.03125
0 0.39892578125 0.43896484375 0.0634765625 0.0732421875
0 0.3427734375 0.3984375 0.01953125 0.021484375
0 0.06884765625 0.771484375 0.1376953125 0.15625
0 0.0126953125 0.31982421875 0.01953125 0.0322265625
0 0.1171875 0.60400390625 0.09375 0.1064453125
0 0.2080078125 0.44091796875 0.044921875 0.0419921875
