0 0.01220703125 0.3623046875 0.0244140625 0.041015625
0 0.1865234375 0.31689453125 0.048828125 0.0615234375
0 0.23779296875 0.30517578125 0.0517578125 0.0673828125
0 0.4189453125 0.3369140625 0.02734375 0.041015625
0 0.4599609375 0.34716796875 0.029296875 0.0400390625
0 0.49365234375 0.3193359375 0.0400390625 0.052734375
0 0.6455078125 0.3193359375 0.041015625 0.060546875
0 0.69189453125 0.30615234375 0.0537109375 0.0771484375
0 0.82373046875 0.2939453125 0.0439453125 0.060546875
0 0.87744140625 0.3330078125 0.0380859375 0.052734375
0 0.9248046875 0.35107421875 0.029296875 0.0400390625
0 0.98193359375 0.357421875 0.0205078125 0.060546875
0 0.7587890625 0.35302734375 0.021484375 0.0322265625
