0 0.96630859375 0.392578125 0.0673828125 0.09375
0 0.837890625 0.39697265625 0.0390625 0.0517578125
0 0.76806640625 0.37890625 0.0439453125 0.05078125
0 0.650390625 0.3876953125 0.05078125 0.0625
0 0.609375 0.3837890625 0.029296875 0.04296875
0 0.5341796875 0.38671875 0.0390625 0.046875
0 0.43505859375 0.3740234375 0.0380859375 0.052734375
0 0.49462890625 0.38623046875 0.0205078125 0.0283203125
0 0.39404296875 0.3759765625 0.0283203125 0.033203125
0 0.27490234375 0.4130859375 0.0419921875 0.052734375
0 0.30908203125 0.41259765625 0.0302734375 0.0419921875
0 0.21435546875 0.38427734375 0.0224609375 0.0263671875
0 0.16650390625 0.384765625 0.0244140625 0.029296875
0 0.10693359375 0.47607421875 0.0791015625 0.0888671875
0 0.091796875 0.39013671875 0.033203125 0.0439453125
0 0.07666015625 0.396484375 0.0224609375 0.03125
0 0.2470703125 0.40966796875 0.02734375 0.0341796875
0 0.0390625 0.4248046875 0.02734375 0.03515625
