0 0.9423828125 0.373900293255 0.04296875 0.0400782013685
0 0.865234375 0.400782013685 0.037109375 0.039100684262
0 0.83154296875 0.390029325513 0.0302734375 0.0293255131965
0 0.78271484375 0.419843597263 0.0322265625 0.0342130987292
0 0.7333984375 0.42082111437 0.029296875 0.030303030303
0 0.7041015625 0.397849462366 0.025390625 0.0273704789834
0 0.76708984375 0.568914956012 0.0205078125 0.0234604105572
0 0.65869140625 0.554740957967 0.0263671875 0.030303030303
0 0.59326171875 0.507331378299 0.0283203125 0.0332355816227
0 0.54541015625 0.477028347996 0.0205078125 0.0234604105572
0 0.59423828125 0.413978494624 0.0224609375 0.030303030303
0 0.67333984375 0.395894428152 0.0263671875 0.0293255131965
0 0.537109375 0.422776148583 0.0234375 0.0263929618768
0 0.5146484375 0.533724340176 0.01953125 0.0215053763441
0 0.4775390625 0.492179863148 0.025390625 0.0361681329423
0 0.45068359375 0.456011730205 0.0263671875 0.0283479960899
0 0.439453125 0.401270772239 0.021484375 0.0244379276637
0 0.38330078125 0.432551319648 0.0205078125 0.0263929618768
0 0.3798828125 0.407624633431 0.01953125 0.0215053763441
0 0.34716796875 0.413978494624 0.0224609375 0.0283479960899
0 0.37451171875 0.508308895406 0.0244140625 0.0273704789834
0 0.27880859375 0.498044965787 0.0283203125 0.0361681329423
0 0.27685546875 0.419843597263 0.0244140625 0.0283479960899
0 0.2314453125 0.424242424242 0.02734375 0.0293255131965
0 0.173828125 0.421798631476 0.02734375 0.0263929618768
0 0.18359375 0.493646138807 0.033203125 0.039100684262
0 0.1005859375 0.398338220919 0.025390625 0.030303030303
0 0.0888671875 0.510263929619 0.029296875 0.0410557184751
0 0.041015625 0.367546432063 0.03125 0.0371456500489
0 0.01708984375 0.386119257087 0.0322265625 0.0430107526882
0 0.64404296875 0.407135874878 0.0205078125 0.0224828934506
