0 0.22119140625 0.432062561095 0.0380859375 0.0410557184751
0 0.263671875 0.416911045943 0.03515625 0.0400782013685
0 0.3095703125 0.337732160313 0.041015625 0.0518084066471
0 0.37060546875 0.380742913001 0.0322265625 0.0439882697947
0 0.42578125 0.387585532747 0.037109375 0.0459433040078
0 0.46728515625 0.36119257087 0.0400390625 0.0459433040078
0 0.50341796875 0.402248289345 0.0341796875 0.0439882697947
0 0.5576171875 0.3880742913 0.037109375 0.0430107526882
0 0.37548828125 0.538123167155 0.0341796875 0.0381231671554
0 0.41943359375 0.493646138807 0.0341796875 0.0410557184751
0 0.4921875 0.487781036168 0.033203125 0.0430107526882
0 0.5478515625 0.4477028348 0.03515625 0.0430107526882
