0 0.07861328125 0.472140762463 0.0244140625 0.0254154447703
0 0.134765625 0.449169110459 0.021484375 0.0263929618768
0 0.1513671875 0.413000977517 0.025390625 0.0283479960899
0 0.208984375 0.431085043988 0.0234375 0.0293255131965
0 0.279296875 0.436950146628 0.025390625 0.0273704789834
0 0.25732421875 0.396383186706 0.0244140625 0.0244379276637
0 0.33837890625 0.411534701857 0.0205078125 0.0254154447703
0 0.3564453125 0.390029325513 0.021484375 0.0234604105572
0 0.3876953125 0.389051808407 0.021484375 0.0234604105572
0 0.45703125 0.367057673509 0.021484375 0.0263929618768
0 0.396484375 0.483870967742 0.021484375 0.0234604105572
0 0.3486328125 0.487781036168 0.01953125 0.0234604105572
0 0.30615234375 0.479960899316 0.0205078125 0.0234604105572
0 0.44970703125 0.541055718475 0.0244140625 0.0283479960899
0 0.29150390625 0.597751710655 0.0283203125 0.030303030303
0 0.4990234375 0.400782013685 0.021484375 0.0234604105572
0 0.5537109375 0.372434017595 0.021484375 0.0234604105572
0 0.576171875 0.377321603128 0.01953125 0.019550342131
0 0.607421875 0.365591397849 0.01953125 0.0254154447703
0 0.642578125 0.362170087977 0.021484375 0.0263929618768
0 0.7080078125 0.369990224829 0.01953125 0.0224828934506
0 0.69189453125 0.356304985337 0.0224609375 0.0224828934506
0 0.7373046875 0.346529814272 0.01953125 0.0205278592375
0 0.91015625 0.328934506354 0.021484375 0.0263929618768
0 0.89111328125 0.454056695992 0.0302734375 0.030303030303
0 0.96435546875 0.4403714565 0.0302734375 0.0322580645161
0 0.75927734375 0.49706744868 0.0224609375 0.0283479960899
0 0.6806640625 0.502443792766 0.021484375 0.0254154447703
0 0.59716796875 0.518084066471 0.0224609375 0.0254154447703
0 0.54150390625 0.530303030303 0.0244140625 0.0283479960899
0 0.82958984375 0.429618768328 0.0224609375 0.0263929618768
