0 0.76708984375 0.47802734375 0.0205078125 0.0263671875
0 0.73291015625 0.49853515625 0.0205078125 0.0244140625
0 0.68505859375 0.48486328125 0.0205078125 0.0244140625
0 0.6201171875 0.4892578125 0.021484375 0.025390625
0 0.6630859375 0.56103515625 0.01953125 0.0205078125
0 0.56396484375 0.52783203125 0.0205078125 0.0205078125
0 0.5673828125 0.45947265625 0.0234375 0.0263671875
0 0.49462890625 0.46142578125 0.0244140625 0.0263671875
0 0.4501953125 0.4814453125 0.021484375 0.025390625
0 0.39453125 0.47607421875 0.01953125 0.0224609375
0 0.3427734375 0.50634765625 0.01953125 0.0244140625
0 0.2880859375 0.5205078125 0.01953125 0.0234375
0 0.25390625 0.4912109375 0.01953125 0.025390625
0 0.208984375 0.4384765625 0.01953125 0.0234375
0 0.1337890625 0.46533203125 0.01953125 0.0224609375
0 0.3251953125 0.44970703125 0.0234375 0.0244140625
