0 0.10400390625 0.3173828125 0.0478515625 0.048828125
0 0.2333984375 0.33740234375 0.046875 0.0498046875
0 0.3564453125 0.345703125 0.044921875 0.046875
0 0.458984375 0.298828125 0.046875 0.048828125
0 0.5966796875 0.31005859375 0.046875 0.0517578125
0 0.6591796875 0.33544921875 0.044921875 0.0498046875
0 0.63818359375 0.4814453125 0.0458984375 0.0546875
0 0.5205078125 0.3798828125 0.044921875 0.048828125
0 0.42138671875 0.4619140625 0.0498046875 0.056640625
0 0.24560546875 0.46923828125 0.0478515625 0.0517578125
0 0.80419921875 0.3154296875 0.0458984375 0.04296875
0 0.80859375 0.45947265625 0.046875 0.0517578125
0 0.853515625 0.5244140625 0.033203125 0.029296875
0 0.90966796875 0.44287109375 0.0380859375 0.0400390625
