0 0.23583984375 0.49706744868 0.0517578125 0.0576735092864
0 0.376953125 0.508797653959 0.05078125 0.0615835777126
0 0.5595703125 0.508797653959 0.05078125 0.0654936461388
0 0.74462890625 0.495112414467 0.0517578125 0.0733137829912
0 0.1572265625 0.333333333333 0.056640625 0.0742913000978
0 0.28662109375 0.348973607038 0.0537109375 0.080156402737
0 0.39453125 0.36412512219 0.046875 0.0596285434995
0 0.546875 0.342619745846 0.048828125 0.069403714565
0 0.66357421875 0.346041055718 0.0478515625 0.058651026393
0 0.76611328125 0.328934506354 0.0556640625 0.0635386119257
0 0.83984375 0.376344086022 0.052734375 0.0625610948192
