0 0.61865234375 0.51318359375 0.0576171875 0.0537109375
0 0.50830078125 0.5029296875 0.0615234375 0.06640625
0 0.3271484375 0.5263671875 0.052734375 0.060546875
0 0.16796875 0.53369140625 0.0625 0.0654296875
0 0.21630859375 0.41943359375 0.0439453125 0.0419921875
0 0.3837890625 0.384765625 0.044921875 0.041015625
0 0.52783203125 0.21630859375 0.0478515625 0.0537109375
0 0.6669921875 0.31640625 0.044921875 0.048828125
0 0.79345703125 0.306640625 0.0498046875 0.05078125
0 0.9013671875 0.4609375 0.0625 0.060546875
0 0.75634765625 0.4736328125 0.0576171875 0.06640625
