0 0.86083984375 0.52392578125 0.0224609375 0.0224609375
0 0.42236328125 0.5625 0.0205078125 0.0234375
0 0.1611328125 0.412109375 0.033203125 0.033203125
0 0.228515625 0.41650390625 0.02734375 0.0341796875
0 0.34912109375 0.4287109375 0.0244140625 0.033203125
0 0.39697265625 0.44091796875 0.0244140625 0.0302734375
0 0.439453125 0.43017578125 0.025390625 0.0283203125
0 0.45361328125 0.46923828125 0.0244140625 0.0283203125
0 0.5126953125 0.44091796875 0.01953125 0.0244140625
0 0.63427734375 0.396484375 0.0361328125 0.0390625
0 0.701171875 0.4228515625 0.033203125 0.03515625
0 0.80859375 0.41943359375 0.0234375 0.0283203125
0 0.85302734375 0.39697265625 0.0283203125 0.0322265625
0 0.79833984375 0.47900390625 0.0244140625 0.0263671875
