0 0.85498046875 0.412512218964 0.0283203125 0.0293255131965
0 0.80224609375 0.335288367546 0.0263671875 0.0293255131965
0 0.77587890625 0.267350928641 0.0263671875 0.0342130987292
0 0.71435546875 0.35972629521 0.0263671875 0.0254154447703
0 0.75537109375 0.441348973607 0.0244140625 0.0322580645161
0 0.62646484375 0.412512218964 0.0283203125 0.0351906158358
0 0.62939453125 0.345063538612 0.0244140625 0.0293255131965
0 0.6650390625 0.308406647116 0.01953125 0.0244379276637
0 0.693359375 0.289345063539 0.025390625 0.0312805474096
0 0.587890625 0.298142717498 0.0234375 0.0273704789834
0 0.55712890625 0.346041055718 0.0263671875 0.0293255131965
0 0.49658203125 0.41642228739 0.0263671875 0.0312805474096
0 0.47021484375 0.339687194526 0.0283203125 0.030303030303
0 0.501953125 0.299120234604 0.025390625 0.0293255131965
0 0.43310546875 0.302541544477 0.0263671875 0.0283479960899
0 0.36962890625 0.269305962854 0.0263671875 0.030303030303
0 0.37451171875 0.323069403715 0.0322265625 0.0381231671554
0 0.31689453125 0.296187683284 0.0244140625 0.0293255131965
0 0.27978515625 0.32991202346 0.0283203125 0.030303030303
0 0.26708984375 0.413978494624 0.0263671875 0.0322580645161
0 0.20947265625 0.331867057674 0.0263671875 0.030303030303
0 0.20703125 0.279569892473 0.029296875 0.0332355816227
0 0.162109375 0.421798631476 0.02734375 0.0322580645161
0 0.37744140625 0.417399804497 0.0263671875 0.0312805474096
0 0.390625 0.490224828935 0.02734375 0.0322580645161
0 0.8603515625 0.53128054741 0.03125 0.0381231671554
0 0.865234375 0.596285434995 0.033203125 0.0351906158358
0 0.77490234375 0.599706744868 0.0341796875 0.0361681329423
0 0.6708984375 0.573802541544 0.029296875 0.0312805474096
0 0.73193359375 0.543010752688 0.0283203125 0.0283479960899
0 0.5703125 0.61339198436 0.033203125 0.0361681329423
0 0.54443359375 0.517106549365 0.0302734375 0.0332355816227
0 0.470703125 0.524926686217 0.029296875 0.0312805474096
0 0.42724609375 0.604105571848 0.0302734375 0.0312805474096
0 0.2998046875 0.590909090909 0.03515625 0.0361681329423
0 0.2734375 0.522482893451 0.02734375 0.0283479960899
0 0.1611328125 0.592864125122 0.03515625 0.0342130987292
0 0.12939453125 0.538611925709 0.0302734375 0.0332355816227
