0 0.21337890625 0.32275390625 0.0439453125 0.0498046875
0 0.33740234375 0.3466796875 0.0380859375 0.044921875
0 0.458984375 0.28076171875 0.037109375 0.0458984375
0 0.55859375 0.3037109375 0.037109375 0.04296875
0 0.37451171875 0.47998046875 0.0400390625 0.0478515625
0 0.2353515625 0.45556640625 0.041015625 0.0478515625
0 0.673828125 0.39208984375 0.03515625 0.0400390625
0 0.79443359375 0.37158203125 0.0439453125 0.0478515625
0 0.78125 0.4775390625 0.03515625 0.048828125
0 0.662109375 0.484375 0.041015625 0.05078125
