0 0.03125 0.2880859375 0.03515625 0.046875
0 0.041015625 0.248046875 0.02734375 0.0390625
0 0.1162109375 0.35546875 0.03515625 0.05078125
0 0.1513671875 0.294921875 0.033203125 0.0390625
0 0.162109375 0.25244140625 0.033203125 0.0400390625
0 0.27294921875 0.2646484375 0.0361328125 0.048828125
0 0.3408203125 0.29150390625 0.04296875 0.0517578125
0 0.36865234375 0.3173828125 0.0322265625 0.044921875
0 0.42138671875 0.2548828125 0.0341796875 0.041015625
0 0.58447265625 0.3203125 0.0400390625 0.04296875
0 0.6552734375 0.3193359375 0.0390625 0.041015625
0 0.85205078125 0.30517578125 0.0419921875 0.0458984375
0 0.5546875 0.27099609375 0.03125 0.0380859375
0 0.908203125 0.3681640625 0.029296875 0.037109375
0 0.53564453125 0.26416015625 0.0302734375 0.0341796875
