0 0.2705078125 0.32373046875 0.044921875 0.0458984375
0 0.31494140625 0.27587890625 0.0361328125 0.0419921875
0 0.44189453125 0.3095703125 0.0419921875 0.052734375
0 0.623046875 0.32177734375 0.037109375 0.0478515625
0 0.65185546875 0.30224609375 0.0283203125 0.0400390625
0 0.71484375 0.31005859375 0.03515625 0.0380859375
0 0.763671875 0.2529296875 0.03515625 0.041015625
0 0.78759765625 0.33984375 0.0361328125 0.044921875
0 0.9267578125 0.32666015625 0.044921875 0.0576171875
0 0.978515625 0.3310546875 0.02734375 0.033203125
0 0.48828125 0.49951171875 0.05078125 0.0634765625
0 0.07568359375 0.3359375 0.0419921875 0.046875
0 0.6376953125 0.1552734375 0.0234375 0.0234375
