0 0.2255859375 0.477517106549 0.044921875 0.0557184750733
0 0.30322265625 0.466275659824 0.0498046875 0.0547409579668
0 0.34716796875 0.522971652004 0.0361328125 0.0449657869013
0 0.4873046875 0.47018572825 0.04296875 0.0488758553275
0 0.56982421875 0.543010752688 0.0419921875 0.049853372434
0 0.6923828125 0.555718475073 0.041015625 0.0459433040078
0 0.75048828125 0.436950146628 0.0498046875 0.0547409579668
0 0.62060546875 0.457966764418 0.0498046875 0.0615835777126
0 0.6240234375 0.381720430108 0.037109375 0.0439882697947
0 0.76513671875 0.318181818182 0.0380859375 0.0400782013685
0 0.8837890625 0.337732160313 0.03515625 0.0439882697947
0 0.80126953125 0.248289345064 0.0419921875 0.0469208211144
0 0.65478515625 0.30889540567 0.0419921875 0.0430107526882
0 0.60595703125 0.272238514174 0.0380859375 0.0439882697947
0 0.5478515625 0.30156402737 0.03515625 0.0420332355816
0 0.458984375 0.277126099707 0.025390625 0.0342130987292
0 0.376953125 0.304007820137 0.0390625 0.0488758553275
0 0.4091796875 0.260019550342 0.041015625 0.0449657869013
