0 0.1103515625 0.34033203125 0.046875 0.0458984375
0 0.25341796875 0.2734375 0.0419921875 0.04296875
0 0.3984375 0.27587890625 0.0390625 0.0498046875
0 0.53662109375 0.2490234375 0.0419921875 0.052734375
0 0.67236328125 0.2890625 0.0380859375 0.04296875
0 0.79443359375 0.31640625 0.0361328125 0.044921875
0 0.8857421875 0.376953125 0.03515625 0.037109375
0 0.90087890625 0.4599609375 0.0439453125 0.048828125
0 0.80810546875 0.5234375 0.0400390625 0.04296875
0 0.68359375 0.51123046875 0.04296875 0.0458984375
0 0.15283203125 0.44189453125 0.0458984375 0.0458984375
0 0.2744140625 0.505859375 0.046875 0.05078125
0 0.41796875 0.521484375 0.041015625 0.041015625
0 0.54052734375 0.52734375 0.0380859375 0.041015625
