0 0.267578125 0.492179863148 0.01953125 0.0224828934506
0 0.2216796875 0.467253176931 0.01953125 0.0234604105572
0 0.0703125 0.481427174976 0.01953125 0.0263929618768
0 0.6748046875 0.381231671554 0.01953125 0.0215053763441
0 0.77490234375 0.398826979472 0.0205078125 0.0215053763441
0 0.96435546875 0.465298142717 0.0205078125 0.019550342131
0 0.97314453125 0.495601173021 0.0205078125 0.0234604105572
0 0.74755859375 0.490224828935 0.0205078125 0.0205278592375
0 0.57275390625 0.596774193548 0.0224609375 0.0244379276637
0 0.67822265625 0.603128054741 0.0205078125 0.0254154447703
0 0.470703125 0.489736070381 0.01953125 0.0234604105572
0 0.390625 0.492179863148 0.01953125 0.0224828934506
0 0.36376953125 0.50293255132 0.0205078125 0.0244379276637
0 0.3212890625 0.478494623656 0.01953125 0.0224828934506
