0 0.76806640625 0.57080078125 0.0283203125 0.0341796875
0 0.11865234375 0.705078125 0.0244140625 0.04296875
0 0.2060546875 0.62646484375 0.044921875 0.0419921875
0 0.185546875 0.55322265625 0.03515625 0.0419921875
0 0.0888671875 0.61572265625 0.033203125 0.0439453125
0 0.05712890625 0.5654296875 0.0380859375 0.0390625
0 0.3623046875 0.58984375 0.037109375 0.0390625
0 0.32470703125 0.560546875 0.0361328125 0.04296875
0 0.431640625 0.5791015625 0.0390625 0.04296875
0 0.5703125 0.50537109375 0.140625 0.1494140625
0 0.95947265625 0.5869140625 0.0341796875 0.037109375
0 0.8818359375 0.54248046875 0.03515625 0.0419921875
0 0.79833984375 0.58740234375 0.0361328125 0.0361328125
