0 0.13134765625 0.233626588465 0.0478515625 0.0508308895406
0 0.25634765625 0.227761485826 0.0458984375 0.0527859237537
0 0.36669921875 0.22531769306 0.0400390625 0.0459433040078
0 0.45703125 0.244868035191 0.046875 0.0557184750733
0 0.70166015625 0.24926686217 0.0419921875 0.0547409579668
0 0.85107421875 0.251221896383 0.0439453125 0.0547409579668
0 0.427734375 0.369501466276 0.044921875 0.0527859237537
0 0.2880859375 0.480938416422 0.044921875 0.0566959921799
0 0.60205078125 0.41348973607 0.0439453125 0.0547409579668
0 0.7060546875 0.412512218964 0.04296875 0.0527859237537
0 0.85546875 0.421309872923 0.056640625 0.058651026393
0 0.5302734375 0.637829912023 0.060546875 0.0654936461388
0 0.67138671875 0.631964809384 0.0556640625 0.0674486803519
