0 0.13525390625 0.39794921875 0.0751953125 0.0986328125
0 0.3056640625 0.4677734375 0.07421875 0.083984375
0 0.42822265625 0.41455078125 0.0478515625 0.0615234375
0 0.20654296875 0.349609375 0.0263671875 0.029296875
0 0.28271484375 0.36279296875 0.0283203125 0.0283203125
0 0.345703125 0.34814453125 0.01953125 0.0224609375
0 0.36865234375 0.3740234375 0.0244140625 0.02734375
0 0.4140625 0.34765625 0.01953125 0.02734375
0 0.46630859375 0.35107421875 0.0205078125 0.0283203125
0 0.55712890625 0.33154296875 0.0224609375 0.0302734375
0 0.55517578125 0.400390625 0.0302734375 0.04296875
0 0.490234375 0.4169921875 0.02734375 0.033203125
0 0.6455078125 0.43115234375 0.048828125 0.0556640625
0 0.7529296875 0.3564453125 0.04296875 0.068359375
0 0.27294921875 0.4404296875 0.0458984375 0.048828125
