0 0.33740234375 0.42138671875 0.0205078125 0.0224609375
0 0.3056640625 0.42529296875 0.01953125 0.0224609375
0 0.2734375 0.38232421875 0.021484375 0.0244140625
0 0.2373046875 0.39892578125 0.01953125 0.0244140625
0 0.19921875 0.4091796875 0.021484375 0.025390625
0 0.26220703125 0.50830078125 0.0224609375 0.0263671875
0 0.1533203125 0.40869140625 0.021484375 0.0244140625
0 0.1162109375 0.3916015625 0.0234375 0.02734375
0 0.078125 0.3876953125 0.025390625 0.029296875
0 0.0283203125 0.38818359375 0.02734375 0.0341796875
0 0.2763671875 0.6005859375 0.021484375 0.01953125
0 0.5234375 0.4189453125 0.021484375 0.025390625
0 0.54345703125 0.38671875 0.0205078125 0.025390625
0 0.43701171875 0.5234375 0.0205078125 0.02734375
0 0.38623046875 0.541015625 0.0205078125 0.021484375
0 0.4404296875 0.392578125 0.01953125 0.0234375
0 0.37744140625 0.40234375 0.0205078125 0.021484375
0 0.34765625 0.3681640625 0.01953125 0.021484375
0 0.94189453125 0.42431640625 0.0263671875 0.0322265625
0 0.908203125 0.51123046875 0.01953125 0.0205078125
0 0.8740234375 0.4814453125 0.029296875 0.03125
0 0.86865234375 0.52392578125 0.0224609375 0.0205078125
0 0.81640625 0.4248046875 0.021484375 0.029296875
0 0.7578125 0.43408203125 0.0234375 0.0283203125
0 0.76611328125 0.40576171875 0.0205078125 0.0224609375
0 0.73388671875 0.39013671875 0.0224609375 0.0263671875
0 0.70703125 0.4345703125 0.021484375 0.029296875
0 0.681640625 0.3974609375 0.021484375 0.02734375
0 0.67822265625 0.4580078125 0.0205078125 0.0234375
0 0.66845703125 0.5244140625 0.0244140625 0.029296875
0 0.62353515625 0.4794921875 0.0205078125 0.025390625
0 0.6318359375 0.41748046875 0.01953125 0.0244140625
0 0.6025390625 0.42138671875 0.021484375 0.0244140625
