0 0.85400390625 0.359375 0.0302734375 0.03125
0 0.81005859375 0.34912109375 0.0283203125 0.0322265625
0 0.62548828125 0.41162109375 0.0244140625 0.0283203125
0 0.6015625 0.55078125 0.0234375 0.0234375
0 0.52587890625 0.47216796875 0.0244140625 0.0322265625
0 0.58740234375 0.41455078125 0.0244140625 0.0302734375
0 0.462890625 0.39111328125 0.02734375 0.0341796875
0 0.3916015625 0.5009765625 0.02734375 0.037109375
0 0.26806640625 0.4404296875 0.0224609375 0.02734375
0 0.23779296875 0.3818359375 0.0283203125 0.029296875
0 0.16796875 0.30517578125 0.0234375 0.0283203125
0 0.1552734375 0.3544921875 0.0234375 0.025390625
