0 0.205882352941 0.726827430294 0.0180995475113 0.0203466465712
0 0.389140271493 0.786737000754 0.0211161387632 0.0241145440844
0 0.314856711916 0.785229841748 0.0188536953243 0.0256217030897
0 0.247360482655 0.790504898267 0.0211161387632 0.0256217030897
0 0.78544494721 0.254709871891 0.0324283559578 0.0376789751319
0 0.732654600302 0.236247174077 0.0294117647059 0.035418236624
0 0.698340874811 0.28296910324 0.0301659125189 0.035418236624
0 0.649321266968 0.227581009797 0.0331825037707 0.0331574981161
0 0.691930618401 0.191032403919 0.0279034690799 0.0293896006029
0 0.643665158371 0.198944988696 0.0309200603318 0.0316503391108
0 0.6104826546 0.197437829691 0.026395173454 0.0331574981161
0 0.586349924585 0.177844762622 0.026395173454 0.0286360211002
0 0.634992458522 0.151092690279 0.0180995475113 0.0203466465712
0 0.663273001508 0.155237377543 0.0218702865762 0.0301431801055
0 0.626696832579 0.122456669179 0.025641025641 0.0278824415976
0 0.552790346908 0.224566691786 0.027149321267 0.0331574981161
0 0.570512820513 0.276186887717 0.0279034690799 0.0339110776187
0 0.487179487179 0.221929163527 0.0286576168929 0.0369253956292
0 0.510558069382 0.170685757347 0.027149321267 0.0308967596081
0 0.530165912519 0.175207234363 0.0211161387632 0.0293896006029
0 0.455505279035 0.134137151469 0.025641025641 0.0301431801055
0 0.447963800905 0.218914845516 0.0301659125189 0.0308967596081
0 0.428733031674 0.188394875659 0.0218702865762 0.0286360211002
0 0.398567119155 0.185003767898 0.0233785822021 0.0233609645818
0 0.398567119155 0.22569706104 0.0279034690799 0.0308967596081
0 0.40874811463 0.281085154484 0.0316742081448 0.0361718161266
0 0.336349924585 0.239261492087 0.027149321267 0.0324039186134
0 0.360105580694 0.209118311982 0.0248868778281 0.0293896006029
0 0.339743589744 0.175960813866 0.0233785822021 0.0263752825923
0 0.355957767722 0.125470987189 0.0241327300151 0.0293896006029
0 0.2907239819 0.251695553881 0.0309200603318 0.0346646571213
0 0.271116138763 0.188394875659 0.026395173454 0.0316503391108
0 0.235294117647 0.223813112283 0.025641025641 0.0316503391108
0 0.207390648567 0.22569706104 0.0316742081448 0.0369253956292
0 0.307692307692 0.389977392615 0.0286576168929 0.0384325546345
0 0.254524886878 0.389600602864 0.0279034690799 0.0286360211002
0 0.210030165913 0.388093443858 0.0279034690799 0.0331574981161
0 0.561085972851 0.38847023361 0.0301659125189 0.0384325546345
0 0.768099547511 0.652599849284 0.0203619909502 0.0256217030897
0 0.746983408748 0.649585531274 0.0188536953243 0.0226073850791
0 0.733785822021 0.692539562924 0.0180995475113 0.0241145440844
0 0.682880844646 0.685003767898 0.0173453996983 0.0226073850791
0 0.677601809955 0.649585531274 0.0188536953243 0.0241145440844
0 0.634615384615 0.666917859834 0.0218702865762 0.0226073850791
0 0.614253393665 0.654483798041 0.0173453996983 0.0233609645818
0 0.581825037707 0.650715900528 0.0188536953243 0.0233609645818
0 0.553167420814 0.673700075358 0.0218702865762 0.0211002260739
0 0.54185520362 0.635644310475 0.0188536953243 0.0218538055765
0 0.740950226244 0.797663903542 0.0203619909502 0.024868123587
0 0.68137254902 0.801431801055 0.0203619909502 0.0233609645818
0 0.610105580694 0.793896006029 0.0211161387632 0.0278824415976
0 0.507918552036 0.777694046722 0.0248868778281 0.0241145440844
0 0.463046757164 0.788244159759 0.0211161387632 0.027128862095
0 0.497360482655 0.646571213263 0.0188536953243 0.0241145440844
0 0.467571644042 0.638658628485 0.0165912518854 0.024868123587
0 0.446832579186 0.647324792766 0.0188536953243 0.0241145440844
0 0.421191553544 0.67143933685 0.0173453996983 0.0226073850791
0 0.391779788839 0.653353428787 0.0203619909502 0.0256217030897
0 0.354449472097 0.633760361718 0.0196078431373 0.0226073850791
0 0.357843137255 0.666917859834 0.0218702865762 0.0226073850791
0 0.322398190045 0.671816126601 0.0203619909502 0.0233609645818
0 0.297511312217 0.664280331575 0.0158371040724 0.0218538055765
0 0.279034690799 0.663526752072 0.0211161387632 0.0233609645818
0 0.22322775264 0.669555388093 0.0165912518854 0.0218538055765
0 0.190799396682 0.661642803316 0.0211161387632 0.0211002260739
