0 0.78173828125 0.380859375 0.0400390625 0.046875
0 0.8544921875 0.31982421875 0.044921875 0.0517578125
0 0.5966796875 0.08837890625 0.041015625 0.0458984375
0 0.55810546875 0.1875 0.0341796875 0.044921875
0 0.455078125 0.12548828125 0.0390625 0.0439453125
0 0.38916015625 0.1953125 0.0380859375 0.04296875
0 0.27685546875 0.28564453125 0.0361328125 0.0478515625
0 0.49169921875 0.5732421875 0.0419921875 0.044921875
0 0.4052734375 0.42724609375 0.0390625 0.0458984375
0 0.16162109375 0.32275390625 0.0341796875 0.0400390625
0 0.71875 0.6435546875 0.037109375 0.037109375
