0 0.44775390625 0.24755859375 0.0322265625 0.0380859375
0 0.37646484375 0.25927734375 0.0302734375 0.0341796875
0 0.22412109375 0.30615234375 0.0380859375 0.0341796875
0 0.16064453125 0.24365234375 0.0458984375 0.0478515625
0 0.109375 0.23583984375 0.046875 0.0498046875
0 0.126953125 0.45703125 0.041015625 0.04296875
0 0.853515625 0.3125 0.099609375 0.11328125
0 0.61376953125 0.2490234375 0.0302734375 0.037109375
0 0.37548828125 0.63818359375 0.0693359375 0.0673828125
0 0.3134765625 0.595703125 0.07421875 0.0859375
0 0.07568359375 0.625 0.0224609375 0.02734375
0 0.125 0.69140625 0.021484375 0.0234375
0 0.17578125 0.6533203125 0.0234375 0.0234375
0 0.14697265625 0.58740234375 0.0283203125 0.0361328125
0 0.0947265625 0.576171875 0.03125 0.033203125
