0 0.11083984375 0.44623655914 0.0556640625 0.0674486803519
0 0.21630859375 0.261974584555 0.0517578125 0.058651026393
0 0.31005859375 0.281036168133 0.0458984375 0.0518084066471
0 0.365234375 0.30596285435 0.04296875 0.0566959921799
0 0.43896484375 0.283968719453 0.0341796875 0.0459433040078
0 0.51171875 0.268328445748 0.044921875 0.049853372434
0 0.36865234375 0.521994134897 0.0615234375 0.0684261974585
0 0.64892578125 0.282013685239 0.0439453125 0.0478983382209
0 0.7685546875 0.289833822092 0.04296875 0.0537634408602
0 0.86767578125 0.338709677419 0.0419921875 0.0518084066471
0 0.91015625 0.346041055718 0.0390625 0.0508308895406
0 0.7265625 0.520039100684 0.05078125 0.0508308895406
0 0.58056640625 0.563049853372 0.0498046875 0.0606060606061
0 0.779296875 0.485337243402 0.052734375 0.0537634408602
