0 0.1865234375 0.304985337243 0.044921875 0.0488758553275
0 0.26220703125 0.319159335288 0.0341796875 0.0381231671554
0 0.31787109375 0.326490713587 0.0380859375 0.0430107526882
0 0.38232421875 0.36119257087 0.0400390625 0.0478983382209
0 0.41259765625 0.295698924731 0.0322265625 0.0400782013685
0 0.49951171875 0.281524926686 0.0263671875 0.039100684262
0 0.552734375 0.314271749756 0.02734375 0.0361681329423
0 0.52490234375 0.344574780059 0.0283203125 0.0342130987292
0 0.625 0.294232649071 0.033203125 0.0351906158358
0 0.669921875 0.304985337243 0.037109375 0.0488758553275
0 0.5009765625 0.405669599218 0.0390625 0.0469208211144
0 0.47509765625 0.465298142717 0.0400390625 0.0469208211144
0 0.591796875 0.480449657869 0.04296875 0.0400782013685
0 0.7080078125 0.477517106549 0.044921875 0.0478983382209
0 0.7177734375 0.267350928641 0.025390625 0.0361681329423
0 0.7646484375 0.313294232649 0.03515625 0.0420332355816
0 0.82421875 0.336265884653 0.033203125 0.0430107526882
0 0.904296875 0.340175953079 0.033203125 0.0351906158358
