0 0.16259765625 0.24560546875 0.0458984375 0.0556640625
0 0.22998046875 0.21630859375 0.0400390625 0.0478515625
0 0.25537109375 0.28857421875 0.0380859375 0.0458984375
0 0.28125 0.25537109375 0.0390625 0.0458984375
0 0.34716796875 0.26513671875 0.0400390625 0.0458984375
0 0.744140625 0.2861328125 0.041015625 0.04296875
0 0.69970703125 0.27294921875 0.0439453125 0.0458984375
0 0.78173828125 0.26123046875 0.0380859375 0.0419921875
0 0.83251953125 0.27099609375 0.0380859375 0.0419921875
0 0.39794921875 0.341796875 0.0380859375 0.041015625
0 0.3505859375 0.205078125 0.033203125 0.04296875
0 0.41455078125 0.25146484375 0.0419921875 0.0458984375
0 0.44384765625 0.21142578125 0.0361328125 0.0458984375
0 0.5048828125 0.2705078125 0.04296875 0.052734375
0 0.51171875 0.20751953125 0.0390625 0.0458984375
0 0.58740234375 0.22265625 0.0380859375 0.046875
0 0.59814453125 0.31884765625 0.0400390625 0.0439453125
0 0.6416015625 0.28076171875 0.0390625 0.0439453125
0 0.73193359375 0.376953125 0.0419921875 0.041015625
