0 0.07421875 0.33137829912 0.0546875 0.0527859237537
0 0.28955078125 0.217986314761 0.0400390625 0.0430107526882
0 0.26318359375 0.362170087977 0.0400390625 0.0420332355816
0 0.33251953125 0.351906158358 0.0439453125 0.0488758553275
0 0.501953125 0.36412512219 0.048828125 0.0537634408602
0 0.6640625 0.320625610948 0.048828125 0.0566959921799
0 0.3564453125 0.471163245357 0.048828125 0.0488758553275
0 0.48193359375 0.52394916911 0.0576171875 0.080156402737
0 0.3330078125 0.525904203324 0.064453125 0.0723362658847
0 0.19873046875 0.623167155425 0.0537109375 0.0596285434995
0 0.19384765625 0.49853372434 0.0498046875 0.0547409579668
0 0.1689453125 0.41642228739 0.044921875 0.0410557184751
0 0.03515625 0.564516129032 0.060546875 0.0596285434995
0 0.63671875 0.596285434995 0.068359375 0.0879765395894
0 0.77685546875 0.686217008798 0.0732421875 0.0742913000978
0 0.85888671875 0.6642228739 0.0400390625 0.0381231671554
0 0.7314453125 0.527370478983 0.056640625 0.0576735092864
0 0.54833984375 0.356793743891 0.0400390625 0.0469208211144
0 0.6220703125 0.508308895406 0.046875 0.0449657869013
0 0.76220703125 0.47165200391 0.0517578125 0.0518084066471
0 0.80224609375 0.246823069404 0.0419921875 0.0439882697947
0 0.9716796875 0.390029325513 0.021484375 0.0351906158358
0 0.8916015625 0.500977517107 0.048828125 0.0537634408602
