0 0.13916015625 0.418377321603 0.0322265625 0.0371456500489
0 0.181640625 0.459433040078 0.02734375 0.0273704789834
0 0.24560546875 0.437438905181 0.0263671875 0.0263929618768
0 0.25390625 0.383675464321 0.033203125 0.0322580645161
0 0.33203125 0.403225806452 0.029296875 0.030303030303
0 0.38037109375 0.347996089932 0.0322265625 0.0312805474096
0 0.44775390625 0.487781036168 0.0361328125 0.0430107526882
0 0.47607421875 0.557184750733 0.0361328125 0.0410557184751
0 0.53955078125 0.481427174976 0.0283203125 0.0283479960899
0 0.576171875 0.462854349951 0.037109375 0.0400782013685
0 0.578125 0.577712609971 0.033203125 0.0371456500489
0 0.5556640625 0.302541544477 0.025390625 0.030303030303
0 0.595703125 0.334799608993 0.0234375 0.0244379276637
0 0.65673828125 0.36119257087 0.0244140625 0.0263929618768
0 0.654296875 0.399804496579 0.01953125 0.019550342131
0 0.685546875 0.394428152493 0.01953125 0.0224828934506
0 0.8076171875 0.400782013685 0.03515625 0.0351906158358
0 0.86572265625 0.422776148583 0.0341796875 0.0400782013685
0 0.8701171875 0.266373411535 0.02734375 0.0322580645161
0 0.82275390625 0.299120234604 0.0263671875 0.0254154447703
0 0.791015625 0.284457478006 0.025390625 0.0273704789834
0 0.7822265625 0.324046920821 0.0234375 0.0244379276637
