0 0.37109375 0.415444770283 0.021484375 0.0234604105572
0 0.50390625 0.408113391984 0.01953125 0.0224828934506
0 0.58203125 0.494134897361 0.01953125 0.0205278592375
0 0.6357421875 0.414467253177 0.021484375 0.0215053763441
0 0.74658203125 0.41348973607 0.0205078125 0.019550342131
0 0.8017578125 0.426197458456 0.021484375 0.0234604105572
0 0.857421875 0.455522971652 0.021484375 0.0234604105572
0 0.2138671875 0.412023460411 0.021484375 0.0224828934506
0 0.26904296875 0.406158357771 0.0205078125 0.0224828934506
0 0.32958984375 0.398826979472 0.0205078125 0.0215053763441
