0 0.8876953125 0.343108504399 0.03125 0.0371456500489
0 0.77978515625 0.348484848485 0.0322265625 0.0322580645161
0 0.70556640625 0.341642228739 0.0322265625 0.0361681329423
0 0.740234375 0.344086021505 0.03125 0.0351906158358
0 0.6025390625 0.340175953079 0.033203125 0.039100684262
0 0.6962890625 0.420332355816 0.029296875 0.0371456500489
0 0.5634765625 0.333822091887 0.03515625 0.0361681329423
0 0.51171875 0.483382209189 0.041015625 0.0478983382209
0 0.41748046875 0.381231671554 0.0341796875 0.0410557184751
0 0.39892578125 0.3357771261 0.0361328125 0.0400782013685
0 0.30078125 0.316715542522 0.041015625 0.0410557184751
0 0.29541015625 0.41348973607 0.0380859375 0.0410557184751
0 0.349609375 0.401270772239 0.03515625 0.0361681329423
0 0.2333984375 0.342619745846 0.037109375 0.0400782013685
0 0.13232421875 0.323558162268 0.0419921875 0.0527859237537
0 0.5009765625 0.340175953079 0.03515625 0.0410557184751
