0 0.07568359375 0.49755859375 0.0341796875 0.0498046875
0 0.1552734375 0.474609375 0.0390625 0.037109375
0 0.28076171875 0.43896484375 0.0302734375 0.0400390625
0 0.34521484375 0.416015625 0.0263671875 0.02734375
0 0.390625 0.4052734375 0.021484375 0.03125
0 0.46435546875 0.39892578125 0.0205078125 0.0263671875
0 0.58203125 0.427734375 0.0234375 0.01953125
0 0.69677734375 0.40087890625 0.0263671875 0.0341796875
0 0.810546875 0.4326171875 0.03125 0.02734375
0 0.25 0.51708984375 0.01953125 0.0498046875
