0 0.1533203125 0.46871945259 0.02734375 0.0283479960899
0 0.2060546875 0.432062561095 0.02734375 0.0371456500489
0 0.2841796875 0.435483870968 0.025390625 0.0342130987292
0 0.35595703125 0.437438905181 0.0263671875 0.0361681329423
0 0.47607421875 0.478005865103 0.0263671875 0.0332355816227
0 0.51025390625 0.463343108504 0.0283203125 0.0332355816227
0 0.5517578125 0.522971652004 0.025390625 0.0293255131965
0 0.57421875 0.457478005865 0.025390625 0.0293255131965
0 0.65087890625 0.452590420332 0.0244140625 0.0312805474096
0 0.72021484375 0.444281524927 0.0283203125 0.0361681329423
0 0.80029296875 0.438416422287 0.0283203125 0.0342130987292
0 0.7275390625 0.573313782991 0.025390625 0.0283479960899
0 0.6640625 0.616324535679 0.021484375 0.0205278592375
0 0.5205078125 0.628543499511 0.02734375 0.0332355816227
0 0.4296875 0.507820136852 0.025390625 0.030303030303
0 0.365234375 0.5596285435 0.025390625 0.030303030303
0 0.291015625 0.557184750733 0.025390625 0.0312805474096
0 0.21826171875 0.524926686217 0.0244140625 0.0293255131965
0 0.6474609375 0.559139784946 0.02734375 0.0332355816227
