0 0.150390625 0.2509765625 0.05859375 0.0703125
0 0.26123046875 0.28173828125 0.0400390625 0.0458984375
0 0.38818359375 0.26171875 0.0556640625 0.068359375
0 0.537109375 0.27197265625 0.0546875 0.0654296875
0 0.671875 0.31591796875 0.05859375 0.0634765625
0 0.79638671875 0.32666015625 0.0517578125 0.0595703125
0 0.705078125 0.41259765625 0.05078125 0.0556640625
0 0.279296875 0.5478515625 0.0703125 0.080078125
0 0.36376953125 0.5126953125 0.0478515625 0.0546875
0 0.43505859375 0.51806640625 0.0576171875 0.0615234375
0 0.64306640625 0.66064453125 0.0556640625 0.0634765625
0 0.77294921875 0.54345703125 0.0712890625 0.0810546875
0 0.76171875 0.77099609375 0.0546875 0.0712890625
