0 0.15771484375 0.3740234375 0.0263671875 0.02734375
0 0.21240234375 0.390625 0.0263671875 0.02734375
0 0.3056640625 0.35546875 0.025390625 0.029296875
0 0.3564453125 0.3681640625 0.0234375 0.02734375
0 0.41357421875 0.3876953125 0.0263671875 0.025390625
0 0.45068359375 0.3583984375 0.0283203125 0.033203125
0 0.51708984375 0.3564453125 0.0302734375 0.03125
0 0.57275390625 0.37890625 0.0263671875 0.02734375
0 0.64208984375 0.3818359375 0.0283203125 0.02734375
0 0.615234375 0.35009765625 0.025390625 0.0283203125
0 0.71240234375 0.361328125 0.0263671875 0.033203125
0 0.77294921875 0.36474609375 0.0302734375 0.0341796875
0 0.482421875 0.40478515625 0.0234375 0.0244140625
0 0.51416015625 0.4453125 0.0263671875 0.03125
0 0.58203125 0.423828125 0.025390625 0.0234375
0 0.47998046875 0.51953125 0.0322265625 0.037109375
0 0.28125 0.5224609375 0.03125 0.033203125
