0 0.12255859375 0.295210166178 0.0380859375 0.039100684262
0 0.20458984375 0.353372434018 0.0400390625 0.0420332355816
0 0.25048828125 0.311827956989 0.0322265625 0.039100684262
0 0.31640625 0.362170087977 0.037109375 0.0400782013685
0 0.34375 0.318181818182 0.033203125 0.0400782013685
0 0.37109375 0.384652981427 0.02734375 0.0263929618768
0 0.4228515625 0.324535679374 0.033203125 0.0410557184751
0 0.45361328125 0.353372434018 0.0341796875 0.0420332355816
0 0.54248046875 0.354838709677 0.0302734375 0.039100684262
0 0.52001953125 0.320136852395 0.0302734375 0.0400782013685
0 0.45068359375 0.430596285435 0.0361328125 0.0381231671554
0 0.62939453125 0.355816226784 0.0341796875 0.0410557184751
0 0.62451171875 0.314760508309 0.0302734375 0.039100684262
0 0.71630859375 0.326001955034 0.0322265625 0.0420332355816
0 0.72021484375 0.41495601173 0.0263671875 0.0263929618768
0 0.7626953125 0.372922776149 0.03515625 0.0420332355816
0 0.83544921875 0.337732160313 0.0341796875 0.0400782013685
0 0.86474609375 0.391984359726 0.0380859375 0.0469208211144
0 0.64599609375 0.487292277615 0.0322265625 0.0342130987292
0 0.5625 0.490224828935 0.033203125 0.0381231671554
0 0.63037109375 0.563049853372 0.0283203125 0.0332355816227
0 0.25390625 0.405180840665 0.037109375 0.0439882697947
0 0.17919921875 0.466764418377 0.0244140625 0.0244379276637
