0 0.529296875 0.412023460411 0.021484375 0.0205278592375
0 0.52783203125 0.374877810362 0.0283203125 0.0322580645161
0 0.595703125 0.422287390029 0.02734375 0.0293255131965
0 0.640625 0.372434017595 0.029296875 0.0312805474096
0 0.67578125 0.366080156403 0.02734375 0.0342130987292
0 0.759765625 0.381231671554 0.03125 0.0332355816227
0 0.876953125 0.369501466276 0.03125 0.0332355816227
0 0.7412109375 0.479960899316 0.025390625 0.0293255131965
0 0.67724609375 0.495112414467 0.0244140625 0.0283479960899
0 0.6357421875 0.511730205279 0.025390625 0.0263929618768
0 0.119140625 0.338709677419 0.03125 0.0342130987292
0 0.1845703125 0.340175953079 0.03125 0.0371456500489
0 0.3115234375 0.356304985337 0.029296875 0.0322580645161
0 0.4130859375 0.341153470186 0.033203125 0.039100684262
0 0.15478515625 0.476539589443 0.0244140625 0.0283479960899
0 0.2294921875 0.460410557185 0.021484375 0.0254154447703
0 0.26123046875 0.433528836755 0.0244140625 0.0283479960899
0 0.34912109375 0.442815249267 0.0263671875 0.0293255131965
0 0.47314453125 0.464320625611 0.0224609375 0.0273704789834
