0 0.49365234375 0.43017578125 0.0283203125 0.0322265625
0 0.7333984375 0.4013671875 0.029296875 0.03125
0 0.65673828125 0.40478515625 0.0263671875 0.0302734375
0 0.60888671875 0.34716796875 0.0224609375 0.0283203125
0 0.5673828125 0.3955078125 0.02734375 0.02734375
0 0.5224609375 0.328125 0.025390625 0.02734375
0 0.86474609375 0.27880859375 0.0283203125 0.0283203125
0 0.8076171875 0.29052734375 0.02734375 0.0322265625
0 0.75048828125 0.25634765625 0.0263671875 0.0302734375
0 0.71923828125 0.296875 0.0283203125 0.029296875
0 0.63134765625 0.2822265625 0.0283203125 0.03125
0 0.60498046875 0.2412109375 0.0263671875 0.02734375
0 0.5205078125 0.21728515625 0.0234375 0.0283203125
0 0.52978515625 0.27783203125 0.0244140625 0.0322265625
0 0.494140625 0.265625 0.025390625 0.02734375
0 0.4814453125 0.39892578125 0.021484375 0.0263671875
0 0.451171875 0.3681640625 0.0234375 0.02734375
0 0.43408203125 0.27880859375 0.0224609375 0.0283203125
0 0.4033203125 0.24609375 0.0234375 0.02734375
0 0.3447265625 0.259765625 0.02734375 0.03125
0 0.41650390625 0.396484375 0.0244140625 0.02734375
0 0.419921875 0.44140625 0.025390625 0.02734375
0 0.3525390625 0.39599609375 0.0234375 0.0302734375
0 0.3193359375 0.42431640625 0.02734375 0.0322265625
0 0.2626953125 0.39111328125 0.025390625 0.0302734375
0 0.47314453125 0.6806640625 0.0302734375 0.03515625
0 0.47900390625 0.5888671875 0.0322265625 0.03515625
0 0.41357421875 0.65380859375 0.0263671875 0.0322265625
0 0.41015625 0.59765625 0.029296875 0.03515625
0 0.349609375 0.55078125 0.029296875 0.033203125
0 0.4248046875 0.53662109375 0.025390625 0.0283203125
0 0.34326171875 0.65380859375 0.0263671875 0.0322265625
0 0.30029296875 0.64892578125 0.0283203125 0.0302734375
0 0.24658203125 0.6728515625 0.0263671875 0.03125
0 0.27197265625 0.56103515625 0.0302734375 0.0322265625
0 0.2138671875 0.57373046875 0.029296875 0.0302734375
0 0.1767578125 0.65771484375 0.025390625 0.0302734375
0 0.11962890625 0.67236328125 0.0263671875 0.0283203125
0 0.0419921875 0.65869140625 0.02734375 0.0283203125
0 0.10205078125 0.55859375 0.0263671875 0.02734375
0 0.02978515625 0.572265625 0.0263671875 0.029296875
0 0.275390625 0.2568359375 0.0234375 0.025390625
0 0.240234375 0.23388671875 0.025390625 0.0263671875
0 0.14892578125 0.2021484375 0.0244140625 0.025390625
0 0.19287109375 0.26953125 0.0224609375 0.029296875
0 0.1083984375 0.25341796875 0.025390625 0.0263671875
0 0.2216796875 0.3662109375 0.021484375 0.0234375
0 0.23486328125 0.43017578125 0.0263671875 0.0302734375
0 0.14599609375 0.43603515625 0.0263671875 0.0263671875
0 0.173828125 0.376953125 0.0234375 0.02734375
0 0.13330078125 0.36669921875 0.0244140625 0.0244140625
0 0.099609375 0.388671875 0.025390625 0.02734375
0 0.0556640625 0.4873046875 0.025390625 0.0234375
0 0.0107421875 0.44091796875 0.021484375 0.0302734375
0 0.0234375 0.384765625 0.02734375 0.03515625
0 0.0625 0.3623046875 0.0234375 0.02734375
0 0.06689453125 0.26171875 0.0224609375 0.0234375
0 0.01904296875 0.26806640625 0.0224609375 0.0263671875
0 0.0400390625 0.17578125 0.025390625 0.0234375
0 0.8544921875 0.7021484375 0.03515625 0.04296875
0 0.7607421875 0.7314453125 0.029296875 0.03515625
0 0.7099609375 0.71728515625 0.03125 0.0341796875
0 0.78759765625 0.6513671875 0.0283203125 0.029296875
0 0.86279296875 0.5712890625 0.0341796875 0.03125
0 0.7646484375 0.5712890625 0.03125 0.037109375
0 0.68505859375 0.6591796875 0.0322265625 0.03515625
0 0.62548828125 0.64990234375 0.0322265625 0.0341796875
0 0.5625 0.67626953125 0.03515625 0.0380859375
0 0.67041015625 0.576171875 0.0302734375 0.03515625
0 0.5791015625 0.560546875 0.029296875 0.033203125
0 0.92724609375 0.4375 0.0283203125 0.03125
0 0.84228515625 0.439453125 0.0283203125 0.03125
0 0.75537109375 0.4326171875 0.0283203125 0.029296875
0 0.68212890625 0.453125 0.0283203125 0.029296875
0 0.5947265625 0.42822265625 0.02734375 0.0322265625
0 0.38427734375 0.37744140625 0.0244140625 0.0283203125
