0 0.0400390625 0.79443359375 0.021484375 0.0302734375
0 0.0576171875 0.69873046875 0.021484375 0.0224609375
0 0.13037109375 0.76611328125 0.0224609375 0.0302734375
0 0.15380859375 0.76416015625 0.0205078125 0.0322265625
0 0.19970703125 0.73974609375 0.0205078125 0.0244140625
0 0.2021484375 0.7626953125 0.0234375 0.021484375
0 0.25830078125 0.7880859375 0.0224609375 0.0234375
0 0.240234375 0.73583984375 0.021484375 0.0302734375
0 0.3125 0.73388671875 0.01953125 0.0322265625
0 0.31640625 0.7099609375 0.01953125 0.0234375
0 0.3583984375 0.775390625 0.02734375 0.033203125
0 0.49365234375 0.72509765625 0.0224609375 0.0224609375
0 0.4521484375 0.76416015625 0.01953125 0.0244140625
0 0.421875 0.79931640625 0.025390625 0.0341796875
0 0.4775390625 0.76220703125 0.01953125 0.0263671875
0 0.5126953125 0.7705078125 0.0234375 0.033203125
0 0.521484375 0.7978515625 0.021484375 0.037109375
0 0.52783203125 0.83203125 0.0263671875 0.033203125
0 0.55615234375 0.83349609375 0.0263671875 0.0380859375
0 0.5537109375 0.76416015625 0.0234375 0.0341796875
0 0.5556640625 0.7216796875 0.01953125 0.025390625
0 0.39404296875 0.8427734375 0.0263671875 0.033203125
0 0.421875 0.86279296875 0.02734375 0.0244140625
0 0.4658203125 0.8330078125 0.01953125 0.02734375
0 0.48486328125 0.8134765625 0.0205078125 0.021484375
0 0.4853515625 0.85595703125 0.025390625 0.0341796875
0 0.61328125 0.7626953125 0.01953125 0.021484375
0 0.63671875 0.64453125 0.01953125 0.021484375
0 0.67431640625 0.78564453125 0.0244140625 0.0322265625
0 0.6845703125 0.74365234375 0.021484375 0.0322265625
0 0.6171875 0.828125 0.01953125 0.029296875
0 0.6943359375 0.81591796875 0.021484375 0.0244140625
0 0.68310546875 0.8544921875 0.0263671875 0.029296875
0 0.77587890625 0.70068359375 0.0205078125 0.0283203125
0 0.75439453125 0.736328125 0.0205078125 0.033203125
0 0.72607421875 0.767578125 0.0244140625 0.029296875
0 0.81689453125 0.6728515625 0.0224609375 0.025390625
0 0.81103515625 0.76708984375 0.0244140625 0.0283203125
0 0.85205078125 0.7470703125 0.0205078125 0.029296875
0 0.90234375 0.7646484375 0.0234375 0.033203125
0 0.8681640625 0.7919921875 0.029296875 0.025390625
0 0.80126953125 0.7861328125 0.0244140625 0.029296875
0 0.82568359375 0.861328125 0.0361328125 0.02734375
0 0.74853515625 0.85888671875 0.0283203125 0.0302734375
0 0.759765625 0.8291015625 0.0234375 0.0390625
0 0.8251953125 0.82373046875 0.02734375 0.0302734375
0 0.86181640625 0.83935546875 0.0263671875 0.0322265625
0 0.9228515625 0.72314453125 0.01953125 0.0283203125
0 0.9345703125 0.8056640625 0.03125 0.0390625
0 0.9599609375 0.78662109375 0.02734375 0.0361328125
0 0.97802734375 0.8564453125 0.0322265625 0.037109375
0 0.9248046875 0.85400390625 0.033203125 0.0341796875
0 0.873046875 0.70361328125 0.01953125 0.0244140625
0 0.6845703125 0.7041015625 0.01953125 0.01953125
