0 0.0546875 0.3876953125 0.021484375 0.02734375
0 0.18603515625 0.28076171875 0.0400390625 0.0498046875
0 0.25 0.44189453125 0.01953125 0.0263671875
0 0.2724609375 0.41455078125 0.0234375 0.0244140625
0 0.33203125 0.39599609375 0.025390625 0.0263671875
0 0.36767578125 0.3701171875 0.0224609375 0.03125
0 0.38720703125 0.3935546875 0.0205078125 0.03125
0 0.4306640625 0.36669921875 0.0234375 0.0341796875
0 0.4990234375 0.3935546875 0.021484375 0.02734375
0 0.52490234375 0.3701171875 0.0224609375 0.029296875
0 0.59130859375 0.3818359375 0.0283203125 0.03515625
0 0.5830078125 0.35986328125 0.0234375 0.0263671875
0 0.61474609375 0.35400390625 0.0224609375 0.0263671875
0 0.716796875 0.35107421875 0.02734375 0.0302734375
0 0.7373046875 0.3740234375 0.029296875 0.033203125
0 0.7958984375 0.36474609375 0.02734375 0.0322265625
0 0.75341796875 0.34814453125 0.0224609375 0.0224609375
0 0.83544921875 0.30517578125 0.0224609375 0.0263671875
0 0.85986328125 0.35107421875 0.0283203125 0.0380859375
0 0.96923828125 0.3349609375 0.0283203125 0.04296875
0 0.92822265625 0.291015625 0.0244140625 0.033203125
0 0.95703125 0.255859375 0.021484375 0.025390625
