0 0.095703125 0.770283479961 0.083984375 0.121212121212
0 0.34375 0.788856304985 0.087890625 0.0899315738025
0 0.32568359375 0.625122189638 0.0419921875 0.0733137829912
0 0.25146484375 0.589442815249 0.0400390625 0.0430107526882
0 0.4072265625 0.533724340176 0.033203125 0.0351906158358
0 0.54638671875 0.547409579668 0.0400390625 0.0547409579668
0 0.525390625 0.528836754643 0.03125 0.0469208211144
0 0.5927734375 0.480449657869 0.025390625 0.0322580645161
0 0.6318359375 0.508308895406 0.01953125 0.0273704789834
0 0.6669921875 0.559139784946 0.03515625 0.0371456500489
0 0.69140625 0.617790811339 0.04296875 0.0430107526882
0 0.69091796875 0.690127077224 0.0439453125 0.0606060606061
0 0.63232421875 0.722873900293 0.0517578125 0.0830889540567
0 0.79345703125 0.771260997067 0.0634765625 0.080156402737
0 0.78564453125 0.543499511241 0.0341796875 0.0351906158358
0 0.7373046875 0.526392961877 0.021484375 0.0381231671554
0 0.3173828125 0.534213098729 0.025390625 0.0381231671554
0 0.15087890625 0.522482893451 0.0322265625 0.0342130987292
0 0.3251953125 0.422287390029 0.01953125 0.019550342131
0 0.36181640625 0.447214076246 0.0224609375 0.0263929618768
0 0.27783203125 0.486803519062 0.0244140625 0.0215053763441
0 0.4765625 0.617302052786 0.046875 0.0615835777126
0 0.416015625 0.591886608016 0.0390625 0.0478983382209
0 0.8759765625 0.60752688172 0.0546875 0.0713587487781
0 0.93408203125 0.545454545455 0.0439453125 0.0508308895406
0 0.81884765625 0.458944281525 0.0244140625 0.0283479960899
0 0.8525390625 0.442326490714 0.025390625 0.0263929618768
0 0.876953125 0.431573802542 0.021484375 0.0224828934506
0 0.93017578125 0.422776148583 0.0224609375 0.0224828934506
0 0.92578125 0.455034213099 0.025390625 0.030303030303
0 0.8095703125 0.426197458456 0.01953125 0.0234604105572
0 0.66845703125 0.448191593353 0.0205078125 0.0224828934506
0 0.763671875 0.445259042033 0.01953125 0.0205278592375
0 0.74462890625 0.472140762463 0.0205078125 0.019550342131
