0 0.3408203125 0.507331378299 0.02734375 0.0312805474096
0 0.65087890625 0.527859237537 0.0244140625 0.0293255131965
0 0.9287109375 0.541055718475 0.025390625 0.0322580645161
0 0.79638671875 0.460410557185 0.0224609375 0.0293255131965
0 0.92919921875 0.300097751711 0.0244140625 0.0312805474096
0 0.6591796875 0.300586510264 0.0234375 0.0283479960899
0 0.4912109375 0.434995112414 0.025390625 0.0293255131965
0 0.35498046875 0.273216031281 0.0224609375 0.0283479960899
0 0.2041015625 0.41495601173 0.0234375 0.0263929618768
0 0.509765625 0.342619745846 0.04296875 0.0596285434995
