0 0.16122840691 0.0638195777351 0.0499040307102 0.0604606525912
0 0.41122840691 0.0619001919386 0.0431861804223 0.0470249520154
0 0.495201535509 0.0609404990403 0.0345489443378 0.0470249520154
0 0.542226487524 0.0820537428023 0.0345489443378 0.0489443378119
0 0.668426103647 0.0575815738964 0.0412667946257 0.0479846449136
0 0.748080614203 0.052783109405 0.0297504798464 0.0383877159309
0 0.786948176583 0.0710172744722 0.0383877159309 0.0499040307102
0 0.919865642994 0.0662188099808 0.0393474088292 0.0479846449136
0 0.107005758157 0.576775431862 0.0355086372361 0.0441458733205
0 0.249040307102 0.575335892514 0.0355086372361 0.0451055662188
0 0.382437619962 0.582533589251 0.0374280230326 0.0364683301344
0 0.638195777351 0.589731285988 0.0460652591171 0.0374280230326
0 0.873320537428 0.569577735125 0.0345489443378 0.0431861804223
