0 0.052734375 0.05126953125 0.021484375 0.0283203125
0 0.287109375 0.0751953125 0.01953125 0.0234375
0 0.5361328125 0.09375 0.03125 0.037109375
0 0.6259765625 0.06982421875 0.080078125 0.1279296875
0 0.5791015625 0.0390625 0.029296875 0.025390625
0 0.69970703125 0.048828125 0.0205078125 0.025390625
0 0.80517578125 0.06103515625 0.0244140625 0.0302734375
0 0.072265625 0.2138671875 0.0234375 0.0234375
0 0.58056640625 0.29296875 0.0771484375 0.078125
0 0.76904296875 0.2548828125 0.0693359375 0.08984375
0 0.94384765625 0.27294921875 0.0712890625 0.1103515625
0 0.380859375 0.35888671875 0.01953125 0.0302734375
0 0.7373046875 0.38916015625 0.037109375 0.0517578125
0 0.91748046875 0.39990234375 0.0205078125 0.0302734375
0 0.921875 0.5517578125 0.033203125 0.0390625
0 0.8427734375 0.59033203125 0.021484375 0.0263671875
0 0.728515625 0.5576171875 0.029296875 0.04296875
0 0.0341796875 0.72314453125 0.021484375 0.0302734375
0 0.12109375 0.71337890625 0.0234375 0.0322265625
0 0.42431640625 0.6962890625 0.0205078125 0.0234375
