0 0.818943298969 0.137475853187 0.020618556701 0.0508692852543
0 0.773840206186 0.111719253059 0.0296391752577 0.0444301352222
0 0.712951030928 0.149066323245 0.0405927835052 0.0482936252415
0 0.71456185567 0.0705086928525 0.0309278350515 0.0315518351578
0 0.671391752577 0.0798454603992 0.0412371134021 0.0386349001932
0 0.693621134021 0.0412105602061 0.0238402061856 0.0244687701223
0 0.717139175258 0.0106245975531 0.0231958762887 0.0212491951062
0 0.578930412371 0.0106245975531 0.0238402061856 0.0212491951062
0 0.625966494845 0.136509980683 0.0328608247423 0.0386349001932
0 0.541559278351 0.0927237604636 0.0251288659794 0.0270444301352
0 0.545103092784 0.152607855763 0.0360824742268 0.0463618802318
0 0.458118556701 0.119446233097 0.0786082474227 0.0959433354797
0 0.377899484536 0.117192530586 0.0289948453608 0.0334835801674
0 0.352448453608 0.175788795879 0.0322164948454 0.0463618802318
0 0.283505154639 0.1600128783 0.0309278350515 0.0418544752093
0 0.227448453608 0.258531873793 0.034793814433 0.0302640051513
