0 0.19482421875 0.3251953125 0.0810546875 0.123046875
0 0.73046875 0.3291015625 0.09375 0.134765625
0 0.74658203125 0.41015625 0.0576171875 0.09375
0 0.625 0.39697265625 0.03515625 0.0498046875
0 0.53173828125 0.427734375 0.0263671875 0.037109375
0 0.31494140625 0.41796875 0.0244140625 0.0390625
0 0.03466796875 0.38623046875 0.0361328125 0.0439453125
0 0.25244140625 0.525390625 0.0556640625 0.08984375
0 0.28564453125 0.53662109375 0.0361328125 0.0615234375
0 0.228515625 0.41455078125 0.021484375 0.0263671875
0 0.26708984375 0.43798828125 0.0263671875 0.0341796875
0 0.33154296875 0.36962890625 0.0244140625 0.0283203125
0 0.0625 0.6484375 0.0546875 0.068359375
