0 0.13427734375 0.52880859375 0.0322265625 0.0361328125
0 0.18603515625 0.53857421875 0.0302734375 0.0322265625
0 0.26513671875 0.5146484375 0.0205078125 0.025390625
0 0.357421875 0.51513671875 0.03125 0.0361328125
0 0.13134765625 0.6787109375 0.0400390625 0.064453125
0 0.07421875 0.701171875 0.0625 0.076171875
0 0.42236328125 0.5859375 0.0244140625 0.029296875
0 0.46142578125 0.58642578125 0.0244140625 0.0283203125
0 0.47705078125 0.68310546875 0.0361328125 0.0654296875
0 0.57421875 0.5615234375 0.0390625 0.041015625
0 0.5634765625 0.64599609375 0.08203125 0.0966796875
0 0.62109375 0.59765625 0.01953125 0.02734375
0 0.64697265625 0.61328125 0.0263671875 0.029296875
0 0.65625 0.58544921875 0.021484375 0.0244140625
0 0.681640625 0.5595703125 0.0234375 0.03515625
0 0.7001953125 0.62548828125 0.060546875 0.0712890625
0 0.86181640625 0.576171875 0.0478515625 0.052734375
0 0.1865234375 0.63037109375 0.025390625 0.0302734375
0 0.2666015625 0.6806640625 0.09765625 0.1171875
0 0.7255859375 0.7607421875 0.111328125 0.142578125
0 0.7138671875 0.4130859375 0.044921875 0.0390625
0 0.84228515625 0.3564453125 0.0400390625 0.04296875
0 0.9462890625 0.486328125 0.029296875 0.05859375
