0 0.8984375 0.41642228739 0.02734375 0.0273704789834
0 0.34033203125 0.587976539589 0.0478515625 0.0576735092864
0 0.0546875 0.527859237537 0.033203125 0.0410557184751
0 0.3505859375 0.453567937439 0.01953125 0.0273704789834
0 0.33203125 0.493157380254 0.029296875 0.0342130987292
0 0.265625 0.480938416422 0.025390625 0.0312805474096
0 0.4775390625 0.760508308895 0.05078125 0.0684261974585
0 0.634765625 0.739491691105 0.05078125 0.0557184750733
0 0.80810546875 0.619745845552 0.0517578125 0.0469208211144
0 0.9091796875 0.619745845552 0.041015625 0.0469208211144
0 0.6513671875 0.5596285435 0.033203125 0.0459433040078
0 0.61669921875 0.547409579668 0.0341796875 0.0410557184751
0 0.52197265625 0.496089931574 0.0283203125 0.030303030303
0 0.732421875 0.432062561095 0.025390625 0.0312805474096
0 0.8095703125 0.425708699902 0.021484375 0.0283479960899
0 0.8388671875 0.404692082111 0.021484375 0.0254154447703
0 0.09619140625 0.669599217986 0.0478515625 0.0371456500489
0 0.29736328125 0.764418377322 0.0556640625 0.0410557184751
0 0.7099609375 0.514662756598 0.03515625 0.0361681329423
0 0.51025390625 0.400293255132 0.0224609375 0.0244379276637
0 0.6171875 0.434017595308 0.01953125 0.0234604105572
