0 0.726613965744 0.124753127057 0.0263504611331 0.0309414088216
0 0.689393939394 0.208031599737 0.0283267457181 0.0408163265306
0 0.66139657444 0.156352863726 0.0184453227931 0.0243581303489
0 0.609683794466 0.060236998025 0.0204216073781 0.0296247531271
0 0.509222661397 0.194206714944 0.030303030303 0.0394996708361
0 0.619565217391 0.132653061224 0.0691699604743 0.083607636603
0 0.455533596838 0.166556945359 0.0349143610013 0.0394996708361
0 0.434782608696 0.141540487163 0.0158102766798 0.0276497695853
0 0.359683794466 0.145161290323 0.0171277997365 0.0243581303489
0 0.370882740448 0.177419354839 0.0329380764163 0.0375246872943
0 0.387022397892 0.234693877551 0.036231884058 0.0414746543779
0 0.290184453228 0.209348255431 0.0270092226614 0.0329163923634
0 0.24209486166 0.241606319947 0.0335968379447 0.0355497037525
0 0.234519104084 0.18202764977 0.0316205533597 0.0375246872943
0 0.248353096179 0.19289005925 0.0197628458498 0.0263331138907
