0 0.14453125 0.784946236559 0.056640625 0.080156402737
0 0.1142578125 0.773704789834 0.033203125 0.0576735092864
0 0.10986328125 0.660312805474 0.0380859375 0.0420332355816
0 0.02392578125 0.69257086999 0.0224609375 0.030303030303
0 0.21240234375 0.575268817204 0.0224609375 0.0263929618768
0 0.2001953125 0.616813294233 0.029296875 0.0273704789834
0 0.1904296875 0.677419354839 0.03125 0.039100684262
0 0.29296875 0.782991202346 0.060546875 0.0742913000978
0 0.443359375 0.765884652981 0.05078125 0.0635386119257
0 0.373046875 0.670576735093 0.03125 0.0449657869013
0 0.3798828125 0.598729227761 0.025390625 0.0361681329423
0 0.435546875 0.595796676442 0.029296875 0.0361681329423
0 0.3662109375 0.563049853372 0.0234375 0.0293255131965
0 0.33349609375 0.601661779081 0.0244140625 0.0263929618768
0 0.28466796875 0.573313782991 0.0244140625 0.030303030303
0 0.41357421875 0.566959921799 0.0244140625 0.0273704789834
0 0.4462890625 0.525904203324 0.025390625 0.0351906158358
0 0.248046875 0.690615835777 0.04296875 0.0439882697947
0 0.39111328125 0.744868035191 0.0400390625 0.0371456500489
0 0.580078125 0.714076246334 0.052734375 0.0752688172043
0 0.5263671875 0.660312805474 0.03515625 0.049853372434
0 0.55859375 0.6119257087 0.037109375 0.0488758553275
0 0.5087890625 0.562072336266 0.02734375 0.0332355816227
0 0.5361328125 0.556207233627 0.0234375 0.0273704789834
0 0.63232421875 0.668132942326 0.0400390625 0.0439882697947
0 0.58203125 0.573802541544 0.033203125 0.0312805474096
0 0.638671875 0.518572825024 0.01953125 0.0283479960899
0 0.63818359375 0.495112414467 0.0205078125 0.0244379276637
0 0.71875 0.689149560117 0.060546875 0.080156402737
0 0.76318359375 0.657380254154 0.0400390625 0.0576735092864
0 0.88427734375 0.724828934506 0.0615234375 0.0909090909091
0 0.744140625 0.814271749756 0.087890625 0.0332355816227
0 0.7783203125 0.573802541544 0.044921875 0.0469208211144
0 0.70703125 0.526392961877 0.03515625 0.0381231671554
0 0.71728515625 0.469696969697 0.0244140625 0.0205278592375
0 0.978515625 0.663734115347 0.04296875 0.0782013685239
0 0.87548828125 0.617790811339 0.0654296875 0.0762463343109
0 0.9892578125 0.526392961877 0.021484375 0.049853372434
0 0.78515625 0.47458455523 0.025390625 0.0283479960899
0 0.93212890625 0.392961876833 0.0244140625 0.019550342131
0 0.7294921875 0.507820136852 0.029296875 0.0244379276637
0 0.47119140625 0.635386119257 0.0322265625 0.039100684262
0 0.63427734375 0.609481915934 0.0322265625 0.0342130987292
0 0.349609375 0.558651026393 0.01953125 0.0244379276637
