0 0.31298828125 0.5810546875 0.0283203125 0.033203125
0 0.4150390625 0.56005859375 0.02734375 0.0322265625
0 0.44580078125 0.58544921875 0.0341796875 0.0419921875
0 0.5146484375 0.52783203125 0.037109375 0.0419921875
0 0.58642578125 0.53515625 0.0361328125 0.046875
0 0.69970703125 0.39013671875 0.0478515625 0.0654296875
0 0.86328125 0.49267578125 0.044921875 0.0537109375
0 0.97998046875 0.38916015625 0.0400390625 0.0693359375
0 0.986328125 0.35888671875 0.02734375 0.0869140625
0 0.630859375 0.53515625 0.029296875 0.046875
