0 0.0556640625 0.51611328125 0.033203125 0.0478515625
0 0.22216796875 0.5537109375 0.0205078125 0.02734375
0 0.3310546875 0.53662109375 0.03125 0.0400390625
0 0.39501953125 0.50048828125 0.0263671875 0.0302734375
0 0.50146484375 0.4794921875 0.0224609375 0.02734375
0 0.5498046875 0.443359375 0.01953125 0.02734375
0 0.6767578125 0.4326171875 0.025390625 0.037109375
0 0.7119140625 0.5107421875 0.0234375 0.02734375
0 0.7705078125 0.45068359375 0.037109375 0.0458984375
0 0.9306640625 0.4365234375 0.021484375 0.033203125
