0 0.49365234375 0.716031280547 0.0966796875 0.126099706745
0 0.01611328125 0.542033235582 0.0205078125 0.0420332355816
0 0.04248046875 0.55816226784 0.0341796875 0.0703812316716
0 0.12255859375 0.549853372434 0.0361328125 0.0459433040078
0 0.17529296875 0.5596285435 0.0478515625 0.0674486803519
0 0.11181640625 0.676441837732 0.0439453125 0.0547409579668
0 0.26220703125 0.718475073314 0.0673828125 0.0782013685239
0 0.3955078125 0.672531769306 0.06640625 0.0938416422287
0 0.35302734375 0.511730205279 0.0478515625 0.0420332355816
0 0.48681640625 0.563538611926 0.0380859375 0.0674486803519
0 0.5400390625 0.596774193548 0.072265625 0.0909090909091
0 0.576171875 0.529325513196 0.037109375 0.0400782013685
0 0.62255859375 0.542033235582 0.0439453125 0.0400782013685
0 0.6748046875 0.517106549365 0.033203125 0.0547409579668
0 0.64990234375 0.630498533724 0.1162109375 0.11339198436
0 0.72900390625 0.581133919844 0.0732421875 0.0850439882698
0 0.1318359375 0.505376344086 0.0234375 0.0332355816227
0 0.9638671875 0.655913978495 0.044921875 0.0899315738025
0 0.97802734375 0.565982404692 0.0283203125 0.0469208211144
0 0.958984375 0.520527859238 0.02734375 0.0381231671554
0 0.990234375 0.532746823069 0.01953125 0.0371456500489
