0 0.07470703125 0.43994140625 0.0244140625 0.0205078125
0 0.427734375 0.48095703125 0.03125 0.0400390625
0 0.42431640625 0.40087890625 0.0205078125 0.0283203125
0 0.3544921875 0.404296875 0.01953125 0.029296875
0 0.28564453125 0.412109375 0.0263671875 0.025390625
0 0.37744140625 0.4765625 0.0205078125 0.0234375
0 0.5322265625 0.4716796875 0.033203125 0.04296875
0 0.64599609375 0.4833984375 0.0302734375 0.04296875
0 0.69921875 0.2451171875 0.0234375 0.03125
0 0.8896484375 0.47265625 0.02734375 0.033203125
0 0.921875 0.2783203125 0.01953125 0.03125
0 0.96435546875 0.25537109375 0.0244140625 0.0302734375
0 0.8486328125 0.267578125 0.0234375 0.033203125
0 0.8818359375 0.26025390625 0.029296875 0.0439453125
0 0.11572265625 0.498046875 0.0263671875 0.041015625
0 0.1748046875 0.48193359375 0.025390625 0.0380859375
0 0.14453125 0.392578125 0.029296875 0.041015625
0 0.0146484375 0.30224609375 0.01953125 0.0283203125
