0 0.0234375 0.42578125 0.0234375 0.025390625
0 0.12353515625 0.43115234375 0.0224609375 0.0263671875
0 0.18798828125 0.41162109375 0.0205078125 0.0263671875
0 0.2431640625 0.4111328125 0.025390625 0.0234375
0 0.30517578125 0.40087890625 0.0205078125 0.0341796875
0 0.3701171875 0.4140625 0.0234375 0.03125
0 0.46435546875 0.328125 0.0224609375 0.025390625
0 0.52294921875 0.40673828125 0.0263671875 0.0283203125
0 0.70068359375 0.33837890625 0.0244140625 0.0439453125
0 0.72802734375 0.34765625 0.0263671875 0.048828125
0 0.962890625 0.373046875 0.03125 0.046875
0 0.9892578125 0.3095703125 0.021484375 0.025390625
