0 0.556640625 0.5537109375 0.02734375 0.037109375
0 0.62646484375 0.5966796875 0.0361328125 0.052734375
0 0.712890625 0.5732421875 0.029296875 0.037109375
0 0.728515625 0.619140625 0.033203125 0.052734375
0 0.705078125 0.65234375 0.044921875 0.0703125
0 0.83056640625 0.615234375 0.0556640625 0.064453125
0 0.9287109375 0.630859375 0.037109375 0.052734375
0 0.9404296875 0.57861328125 0.021484375 0.0361328125
0 0.25 0.6064453125 0.046875 0.072265625
0 0.32568359375 0.6923828125 0.0439453125 0.072265625
0 0.2353515625 0.57568359375 0.029296875 0.0380859375
