0 0.201171875 0.29833984375 0.0234375 0.0302734375
0 0.15673828125 0.2744140625 0.0400390625 0.05078125
0 0.3427734375 0.28466796875 0.0234375 0.0341796875
0 0.45703125 0.3017578125 0.0234375 0.03125
0 0.57177734375 0.259765625 0.0205078125 0.025390625
0 0.67138671875 0.33349609375 0.0224609375 0.0341796875
0 0.73388671875 0.32080078125 0.0224609375 0.0400390625
0 0.75927734375 0.3701171875 0.0205078125 0.03515625
0 0.7705078125 0.3603515625 0.0234375 0.0390625
0 0.822265625 0.3466796875 0.029296875 0.072265625
0 0.9248046875 0.35595703125 0.029296875 0.0478515625
0 0.7626953125 0.62353515625 0.119140625 0.1513671875
0 0.83349609375 0.51123046875 0.0400390625 0.0849609375
0 0.96630859375 0.51708984375 0.0673828125 0.1201171875
