0 0.20654296875 0.26953125 0.0263671875 0.033203125
0 0.166015625 0.30859375 0.025390625 0.037109375
0 0.35693359375 0.28125 0.0361328125 0.0625
0 0.14306640625 0.38232421875 0.0478515625 0.0595703125
0 0.072265625 0.36669921875 0.052734375 0.0556640625
0 0.3125 0.34619140625 0.064453125 0.0732421875
0 0.0947265625 0.46923828125 0.083984375 0.0732421875
0 0.22119140625 0.42529296875 0.0576171875 0.0439453125
0 0.44189453125 0.21484375 0.0244140625 0.029296875
0 0.42529296875 0.25439453125 0.0224609375 0.0302734375
0 0.47607421875 0.2490234375 0.0244140625 0.03125
0 0.5498046875 0.2314453125 0.029296875 0.037109375
0 0.53271484375 0.21435546875 0.0224609375 0.0263671875
0 0.6279296875 0.20458984375 0.025390625 0.0322265625
0 0.6044921875 0.1953125 0.021484375 0.025390625
0 0.46435546875 0.22900390625 0.0224609375 0.0263671875
0 0.66015625 0.29150390625 0.029296875 0.0419921875
0 0.69189453125 0.259765625 0.0361328125 0.048828125
0 0.71826171875 0.19189453125 0.0244140625 0.0322265625
0 0.677734375 0.39697265625 0.04296875 0.0576171875
0 0.91357421875 0.2060546875 0.0380859375 0.0390625
0 0.85595703125 0.28857421875 0.0712890625 0.0810546875
0 0.943359375 0.12548828125 0.01953125 0.0224609375
0 0.87060546875 0.22705078125 0.0263671875 0.0341796875
0 0.90478515625 0.4267578125 0.0673828125 0.072265625
0 0.88623046875 0.8056640625 0.1435546875 0.1640625
