0 0.10693359375 0.584066471163 0.0302734375 0.0459433040078
0 0.10498046875 0.667644183773 0.0341796875 0.058651026393
0 0.265625 0.680840664712 0.01953125 0.0596285434995
0 0.0263671875 0.566959921799 0.0234375 0.0625610948192
0 0.4853515625 0.592864125122 0.01953125 0.0263929618768
0 0.51611328125 0.659335288368 0.0224609375 0.049853372434
0 0.58740234375 0.675464320626 0.0419921875 0.0684261974585
0 0.73828125 0.597262952102 0.0390625 0.039100684262
0 0.84423828125 0.612903225806 0.0263671875 0.0351906158358
0 0.8818359375 0.580156402737 0.033203125 0.0381231671554
0 0.921875 0.570381231672 0.0234375 0.0224828934506
0 0.78759765625 0.657869012708 0.0302734375 0.0527859237537
0 0.970703125 0.672043010753 0.05859375 0.069403714565
0 0.98193359375 0.555718475073 0.0302734375 0.030303030303
