0 0.0830078125 0.390029325513 0.03515625 0.0449657869013
0 0.0888671875 0.461388074291 0.03515625 0.0664711632454
0 0.18994140625 0.481915933529 0.0556640625 0.0723362658847
0 0.3759765625 0.487781036168 0.0625 0.080156402737
0 0.58349609375 0.393939393939 0.0361328125 0.0625610948192
0 0.60498046875 0.364613880743 0.0263671875 0.0508308895406
0 0.78564453125 0.373411534702 0.0244140625 0.0410557184751
0 0.79931640625 0.374389051808 0.0244140625 0.039100684262
0 0.9267578125 0.449169110459 0.046875 0.0654936461388
0 0.71875 0.576735092864 0.046875 0.0488758553275
0 0.18408203125 0.647605083089 0.0673828125 0.088954056696
