0 0.82080078125 0.549853372434 0.0322265625 0.0400782013685
0 0.87548828125 0.618768328446 0.0302734375 0.0410557184751
0 0.94482421875 0.459921798631 0.0224609375 0.0244379276637
0 0.8720703125 0.491202346041 0.03125 0.0342130987292
0 0.81298828125 0.463343108504 0.0244140625 0.0234604105572
0 0.77294921875 0.485826001955 0.0302734375 0.0332355816227
0 0.73828125 0.458944281525 0.02734375 0.0342130987292
0 0.7197265625 0.467253176931 0.01953125 0.0234604105572
0 0.80029296875 0.530303030303 0.0302734375 0.0361681329423
0 0.66357421875 0.481427174976 0.0244140625 0.0263929618768
0 0.619140625 0.467253176931 0.0234375 0.0254154447703
0 0.576171875 0.427174975562 0.021484375 0.0215053763441
0 0.560546875 0.488269794721 0.0234375 0.0244379276637
0 0.54541015625 0.433528836755 0.0224609375 0.0244379276637
0 0.50439453125 0.475562072336 0.0263671875 0.0263929618768
0 0.421875 0.501955034213 0.025390625 0.0283479960899
0 0.44091796875 0.472629521017 0.0224609375 0.0263929618768
0 0.41259765625 0.409579667644 0.0224609375 0.0254154447703
0 0.36865234375 0.466275659824 0.0244140625 0.0234604105572
0 0.29931640625 0.442815249267 0.0263671875 0.0312805474096
0 0.27978515625 0.47311827957 0.0302734375 0.0351906158358
0 0.27099609375 0.434017595308 0.0263671875 0.0293255131965
0 0.2431640625 0.382697947214 0.025390625 0.0263929618768
0 0.1162109375 0.298631476051 0.029296875 0.049853372434
