0 0.35400390625 0.493646138807 0.0361328125 0.0449657869013
0 0.19482421875 0.4477028348 0.0419921875 0.0508308895406
0 0.126953125 0.365591397849 0.033203125 0.039100684262
0 0.015625 0.415444770283 0.02734375 0.0312805474096
0 0.20556640625 0.38514173998 0.0283203125 0.0332355816227
0 0.3115234375 0.355327468231 0.025390625 0.0361681329423
0 0.4521484375 0.39100684262 0.02734375 0.0332355816227
0 0.34375 0.390029325513 0.029296875 0.0371456500489
0 0.5126953125 0.541544477028 0.025390625 0.0351906158358
0 0.548828125 0.510263929619 0.025390625 0.0332355816227
0 0.63720703125 0.508797653959 0.0302734375 0.030303030303
0 0.513671875 0.402737047898 0.0234375 0.0254154447703
0 0.55224609375 0.411534701857 0.0224609375 0.0254154447703
0 0.60546875 0.404203323558 0.0234375 0.0244379276637
0 0.63671875 0.417399804497 0.0234375 0.0254154447703
0 0.703125 0.402737047898 0.021484375 0.0234604105572
0 0.7958984375 0.507820136852 0.01953125 0.0224828934506
0 0.85986328125 0.50293255132 0.0205078125 0.0244379276637
0 0.8505859375 0.449657869013 0.01953125 0.0234604105572
0 0.89697265625 0.456011730205 0.0224609375 0.0244379276637
0 0.93603515625 0.455034213099 0.0224609375 0.0263929618768
0 0.7783203125 0.488758553275 0.0234375 0.0254154447703
0 0.79150390625 0.462854349951 0.0244140625 0.0224828934506
0 0.7734375 0.462365591398 0.021484375 0.0234604105572
0 0.7333984375 0.435483870968 0.01953125 0.0244379276637
