0 0.958984375 0.544921875 0.03515625 0.0390625
0 0.7919921875 0.74755859375 0.052734375 0.0556640625
0 0.76220703125 0.56640625 0.0419921875 0.04296875
0 0.517578125 0.48828125 0.033203125 0.033203125
0 0.50244140625 0.6328125 0.0302734375 0.037109375
0 0.38330078125 0.5908203125 0.0361328125 0.02734375
0 0.26123046875 0.56689453125 0.0244140625 0.0224609375
0 0.3125 0.42578125 0.03125 0.03125
0 0.2392578125 0.46826171875 0.01953125 0.0263671875
0 0.29052734375 0.3642578125 0.0224609375 0.029296875
0 0.26220703125 0.35009765625 0.0224609375 0.0224609375
0 0.09228515625 0.3876953125 0.0205078125 0.025390625
