0 0.91845703125 0.3984375 0.0283203125 0.033203125
0 0.85009765625 0.39892578125 0.0263671875 0.0322265625
0 0.7177734375 0.4091796875 0.02734375 0.033203125
0 0.64111328125 0.40087890625 0.0283203125 0.0341796875
0 0.56640625 0.4140625 0.033203125 0.041015625
0 0.3603515625 0.4111328125 0.029296875 0.03515625
0 0.29248046875 0.4189453125 0.0263671875 0.03125
0 0.23291015625 0.4169921875 0.0263671875 0.029296875
0 0.0888671875 0.42431640625 0.025390625 0.0283203125
0 0.4384765625 0.400390625 0.029296875 0.03515625
0 0.4970703125 0.39599609375 0.021484375 0.0302734375
