0 0.1494140625 0.462854349951 0.03125 0.0400782013685
0 0.24609375 0.44623655914 0.02734375 0.0342130987292
0 0.35009765625 0.441348973607 0.0283203125 0.0342130987292
0 0.39208984375 0.41495601173 0.0224609375 0.0283479960899
0 0.4560546875 0.417399804497 0.02734375 0.0351906158358
0 0.54736328125 0.4477028348 0.0283203125 0.0371456500489
0 0.56640625 0.373900293255 0.0234375 0.0342130987292
0 0.6474609375 0.391984359726 0.03125 0.0351906158358
0 0.78173828125 0.360703812317 0.0263671875 0.039100684262
0 0.7822265625 0.412023460411 0.02734375 0.0381231671554
