0 0.71630859375 0.38330078125 0.0224609375 0.0283203125
0 0.77294921875 0.3642578125 0.0244140625 0.03125
0 0.79296875 0.3876953125 0.021484375 0.029296875
0 0.8173828125 0.3720703125 0.0234375 0.033203125
0 0.8544921875 0.36767578125 0.0234375 0.0341796875
0 0.89697265625 0.3740234375 0.0205078125 0.03515625
0 0.93994140625 0.38720703125 0.0283203125 0.0341796875
0 0.97314453125 0.3779296875 0.0224609375 0.03515625
0 0.10302734375 0.35498046875 0.0361328125 0.0576171875
0 0.12451171875 0.37158203125 0.0361328125 0.0517578125
0 0.1416015625 0.39306640625 0.041015625 0.0517578125
0 0.3828125 0.37060546875 0.041015625 0.0537109375
