0 0.12890625 0.41748046875 0.0234375 0.0517578125
0 0.1845703125 0.41650390625 0.044921875 0.0498046875
0 0.27490234375 0.447265625 0.0302734375 0.048828125
0 0.3203125 0.40625 0.02734375 0.044921875
0 0.38330078125 0.427734375 0.0263671875 0.052734375
0 0.45751953125 0.44189453125 0.0283203125 0.0615234375
0 0.47998046875 0.40625 0.0283203125 0.037109375
0 0.54638671875 0.45751953125 0.0361328125 0.0498046875
0 0.59130859375 0.4697265625 0.0322265625 0.0390625
0 0.6376953125 0.4501953125 0.021484375 0.03515625
0 0.70703125 0.43701171875 0.025390625 0.0439453125
0 0.75634765625 0.44921875 0.0263671875 0.0390625
0 0.78857421875 0.46875 0.0283203125 0.03515625
0 0.91748046875 0.4580078125 0.0341796875 0.037109375
