0 0.0205078125 0.27490234375 0.0390625 0.0634765625
0 0.068359375 0.25830078125 0.044921875 0.0576171875
0 0.14599609375 0.2412109375 0.0458984375 0.0546875
0 0.1982421875 0.2470703125 0.037109375 0.05078125
0 0.23828125 0.25 0.041015625 0.04296875
0 0.3037109375 0.19580078125 0.04296875 0.0478515625
0 0.36767578125 0.22265625 0.0419921875 0.0546875
0 0.43408203125 0.28076171875 0.0439453125 0.0517578125
0 0.49072265625 0.23046875 0.0400390625 0.05078125
0 0.52197265625 0.25439453125 0.0361328125 0.0478515625
0 0.60302734375 0.31689453125 0.0458984375 0.0498046875
0 0.0693359375 0.48291015625 0.048828125 0.0556640625
0 0.19580078125 0.5126953125 0.0419921875 0.048828125
0 0.294921875 0.44482421875 0.04296875 0.0537109375
0 0.27587890625 0.5361328125 0.0478515625 0.060546875
0 0.39208984375 0.55078125 0.0517578125 0.0625
0 0.41455078125 0.453125 0.0498046875 0.060546875
0 0.64794921875 0.45068359375 0.0498046875 0.0498046875
0 0.53466796875 0.49853515625 0.0517578125 0.0751953125
