0 0.147151898734 0.370648734177 0.0474683544304 0.0545886075949
0 0.180379746835 0.413370253165 0.0221518987342 0.0276898734177
0 0.246439873418 0.40625 0.0403481012658 0.0561708860759
0 0.297863924051 0.398734177215 0.0229430379747 0.0284810126582
0 0.321993670886 0.407436708861 0.0237341772152 0.0300632911392
0 0.344541139241 0.40585443038 0.0276898734177 0.0363924050633
0 0.43710443038 0.392009493671 0.0292721518987 0.0371835443038
0 0.505537974684 0.411787974684 0.0379746835443 0.0450949367089
0 0.449762658228 0.469541139241 0.0340189873418 0.0419303797468
0 0.567642405063 0.458069620253 0.0435126582278 0.0522151898734
0 0.639636075949 0.45253164557 0.0419303797468 0.0490506329114
0 0.667721518987 0.412579113924 0.0537974683544 0.0545886075949
0 0.498813291139 0.570015822785 0.0371835443038 0.0450949367089
0 0.579509493671 0.612737341772 0.0419303797468 0.0371835443038
0 0.659414556962 0.602452531646 0.0450949367089 0.0466772151899
0 0.348101265823 0.522547468354 0.0490506329114 0.0356012658228
0 0.419699367089 0.586234177215 0.0419303797468 0.0522151898734
0 0.353243670886 0.632515822785 0.0498417721519 0.060917721519
