0 0.504638671875 0.073486328125 0.04541015625 0.06201171875
0 0.560791015625 0.099365234375 0.03564453125 0.03466796875
0 0.344970703125 0.243408203125 0.02099609375 0.02490234375
0 0.67236328125 0.068603515625 0.03515625 0.04931640625
0 0.610107421875 0.289794921875 0.07666015625 0.08837890625
0 0.3330078125 0.743408203125 0.013671875 0.01416015625
0 0.418701171875 0.713623046875 0.01904296875 0.02685546875
0 0.448974609375 0.6962890625 0.02294921875 0.0322265625
0 0.3515625 0.864501953125 0.0244140625 0.03466796875
0 0.3017578125 0.90283203125 0.0263671875 0.02734375
0 0.426513671875 0.87060546875 0.02392578125 0.0302734375
0 0.457275390625 0.894287109375 0.03857421875 0.05517578125
0 0.300048828125 0.853759765625 0.01025390625 0.01123046875
0 0.3935546875 0.880126953125 0.0244140625 0.03173828125
0 0.34423828125 0.936767578125 0.0244140625 0.05029296875
0 0.50390625 0.5205078125 0.0146484375 0.0244140625
0 0.574951171875 0.550537109375 0.02294921875 0.03173828125
0 0.596923828125 0.5517578125 0.01708984375 0.025390625
0 0.62451171875 0.568603515625 0.025390625 0.03076171875
0 0.661376953125 0.55859375 0.02099609375 0.029296875
0 0.678466796875 0.560791015625 0.01708984375 0.02587890625
0 0.665771484375 0.5771484375 0.02685546875 0.037109375
0 0.701416015625 0.58349609375 0.02490234375 0.0302734375
0 0.54833984375 0.72607421875 0.0107421875 0.013671875
0 0.614501953125 0.6923828125 0.02099609375 0.0341796875
0 0.64599609375 0.711181640625 0.0107421875 0.01416015625
0 0.664794921875 0.69580078125 0.01318359375 0.0166015625
0 0.68212890625 0.6943359375 0.0107421875 0.015625
0 0.707763671875 0.681884765625 0.01318359375 0.01708984375
0 0.554931640625 0.864013671875 0.01220703125 0.01708984375
0 0.5634765625 0.86083984375 0.0146484375 0.0224609375
0 0.68896484375 0.569580078125 0.0146484375 0.01708984375
