0 0.24365234375 0.362170087977 0.0732421875 0.104594330401
0 0.046875 0.543988269795 0.029296875 0.0459433040078
0 0.26025390625 0.562072336266 0.0224609375 0.0508308895406
0 0.33056640625 0.536656891496 0.0263671875 0.0351906158358
0 0.31396484375 0.636852394917 0.0322265625 0.0811339198436
0 0.388671875 0.546432062561 0.021484375 0.0469208211144
0 0.4501953125 0.602150537634 0.025390625 0.0410557184751
0 0.10986328125 0.576246334311 0.0205078125 0.0459433040078
0 0.51416015625 0.539100684262 0.0244140625 0.0439882697947
0 0.64453125 0.537634408602 0.0234375 0.0332355816227
0 0.64697265625 0.563538611926 0.0205078125 0.0400782013685
0 0.73828125 0.542033235582 0.03125 0.0439882697947
0 0.81201171875 0.533724340176 0.0263671875 0.0410557184751
0 0.69873046875 0.540078201369 0.0205078125 0.0342130987292
0 0.9462890625 0.551319648094 0.021484375 0.0488758553275
0 0.47412109375 0.575757575758 0.0380859375 0.0703812316716
0 0.65234375 0.690127077224 0.037109375 0.0977517106549
0 0.80810546875 0.661779081134 0.0380859375 0.0625610948192
0 0.5205078125 0.595796676442 0.01953125 0.0420332355816
