0 0.247771836007 0.472840605521 0.0213903743316 0.0356188780053
0 0.26247771836 0.450578806768 0.0204991087344 0.0356188780053
0 0.295008912656 0.43143365984 0.0338680926916 0.0471950133571
0 0.32174688057 0.382012466607 0.0374331550802 0.0463045414069
0 0.374777183601 0.362867319679 0.041889483066 0.0525378450579
0 0.439393939394 0.323686553874 0.0445632798574 0.0614425645592
0 0.539661319073 0.384238646483 0.0276292335116 0.0489759572573
0 0.600267379679 0.347284060552 0.0436720142602 0.0552092609083
0 0.757130124777 0.269367764915 0.054367201426 0.0774710596616
0 0.905080213904 0.5 0.0204991087344 0.0240427426536
0 0.937165775401 0.508014247551 0.024064171123 0.0240427426536
0 0.712121212121 0.53606411398 0.017825311943 0.0178094390027
