0 0.2060546875 0.380742913001 0.03125 0.0439882697947
0 0.26416015625 0.321603128055 0.0224609375 0.0312805474096
0 0.3564453125 0.373411534702 0.03125 0.0449657869013
0 0.39501953125 0.366080156403 0.0322265625 0.0361681329423
0 0.5107421875 0.395894428152 0.0390625 0.0293255131965
0 0.55810546875 0.344086021505 0.0302734375 0.0351906158358
0 0.60595703125 0.389051808407 0.0380859375 0.0371456500489
0 0.548828125 0.402248289345 0.029296875 0.0420332355816
0 0.66650390625 0.346041055718 0.0439453125 0.0410557184751
0 0.8193359375 0.360215053763 0.033203125 0.0420332355816
0 0.89404296875 0.358748778104 0.0263671875 0.0410557184751
0 0.92236328125 0.356793743891 0.0302734375 0.0430107526882
