0 0.7939453125 0.41748046875 0.0234375 0.0283203125
0 0.8447265625 0.4228515625 0.021484375 0.02734375
0 0.85546875 0.3837890625 0.01953125 0.02734375
0 0.91064453125 0.41796875 0.0283203125 0.033203125
0 0.94091796875 0.4267578125 0.0244140625 0.029296875
0 0.953125 0.36767578125 0.01953125 0.0244140625
0 0.98876953125 0.39990234375 0.0224609375 0.0380859375
0 0.01611328125 0.3955078125 0.0224609375 0.025390625
0 0.0458984375 0.40478515625 0.021484375 0.0263671875
0 0.08544921875 0.3935546875 0.0244140625 0.02734375
0 0.13330078125 0.39599609375 0.0205078125 0.0244140625
0 0.17529296875 0.39892578125 0.0244140625 0.0283203125
0 0.25 0.3896484375 0.021484375 0.029296875
0 0.53515625 0.40087890625 0.021484375 0.0283203125
0 0.57275390625 0.4052734375 0.0224609375 0.029296875
0 0.60546875 0.40576171875 0.021484375 0.0283203125
0 0.61572265625 0.4482421875 0.0244140625 0.029296875
0 0.63037109375 0.4130859375 0.0224609375 0.025390625
0 0.68701171875 0.4091796875 0.0244140625 0.029296875
0 0.5068359375 0.3984375 0.01953125 0.02734375
0 0.474609375 0.44091796875 0.0234375 0.0283203125
0 0.68310546875 0.37890625 0.0205078125 0.0234375
0 0.71875 0.41748046875 0.025390625 0.0322265625
0 0.7548828125 0.38037109375 0.01953125 0.0244140625
0 0.75244140625 0.45654296875 0.0224609375 0.0283203125
0 0.7734375 0.40283203125 0.01953125 0.0244140625
0 0.30126953125 0.39453125 0.0224609375 0.025390625
0 0.34521484375 0.388671875 0.0224609375 0.03125
0 0.279296875 0.42578125 0.0234375 0.03125
0 0.3876953125 0.39453125 0.01953125 0.025390625
0 0.44775390625 0.40380859375 0.0224609375 0.0283203125
0 0.70703125 0.39306640625 0.01953125 0.0244140625
