0 0.0263671875 0.35986328125 0.021484375 0.0263671875
0 0.09912109375 0.36279296875 0.0205078125 0.0244140625
0 0.1689453125 0.37158203125 0.01953125 0.0205078125
0 0.20849609375 0.3564453125 0.0205078125 0.02734375
0 0.28271484375 0.34765625 0.0244140625 0.03125
0 0.38427734375 0.34423828125 0.0244140625 0.0283203125
0 0.40869140625 0.32958984375 0.0283203125 0.0361328125
0 0.51904296875 0.31884765625 0.0341796875 0.0400390625
0 0.61376953125 0.33154296875 0.0283203125 0.0361328125
0 0.7177734375 0.33935546875 0.033203125 0.0439453125
0 0.908203125 0.35302734375 0.03515625 0.0419921875
