0 0.076171875 0.38427734375 0.041015625 0.0478515625
0 0.11865234375 0.37548828125 0.0302734375 0.0361328125
0 0.205078125 0.38427734375 0.037109375 0.0439453125
0 0.28173828125 0.39404296875 0.0322265625 0.0361328125
0 0.32861328125 0.39892578125 0.0263671875 0.0302734375
0 0.38818359375 0.388671875 0.0302734375 0.04296875
0 0.443359375 0.42578125 0.025390625 0.029296875
0 0.5029296875 0.41845703125 0.0234375 0.0302734375
0 0.55517578125 0.4267578125 0.0224609375 0.02734375
0 0.615234375 0.408203125 0.025390625 0.025390625
0 0.65625 0.40380859375 0.0234375 0.0283203125
0 0.94970703125 0.38916015625 0.0302734375 0.0380859375
0 0.4765625 0.40771484375 0.01953125 0.0224609375
