0 0.04443359375 0.4013671875 0.0302734375 0.0390625
0 0.07861328125 0.40283203125 0.0302734375 0.0400390625
0 0.10498046875 0.40380859375 0.0322265625 0.0380859375
0 0.138671875 0.3994140625 0.029296875 0.03515625
0 0.17236328125 0.38916015625 0.0322265625 0.0380859375
0 0.21142578125 0.38330078125 0.0283203125 0.0361328125
0 0.24462890625 0.3740234375 0.0341796875 0.044921875
0 0.28173828125 0.36474609375 0.0341796875 0.0419921875
0 0.33251953125 0.34765625 0.0361328125 0.04296875
0 0.38818359375 0.31201171875 0.0380859375 0.0556640625
0 0.50439453125 0.36328125 0.0361328125 0.044921875
0 0.54638671875 0.33740234375 0.0361328125 0.0478515625
0 0.5927734375 0.37353515625 0.03515625 0.0419921875
0 0.65673828125 0.36181640625 0.0361328125 0.0439453125
0 0.71435546875 0.34765625 0.0380859375 0.048828125
0 0.74658203125 0.38037109375 0.0263671875 0.0400390625
0 0.81201171875 0.3671875 0.0361328125 0.048828125
0 0.89306640625 0.31298828125 0.0478515625 0.0517578125
0 0.96435546875 0.376953125 0.0322265625 0.05078125
