0 0.041015625 0.55615234375 0.072265625 0.0986328125
0 0.51708984375 0.5234375 0.0908203125 0.123046875
0 0.67041015625 0.5048828125 0.0966796875 0.115234375
0 0.70947265625 0.36767578125 0.0302734375 0.0576171875
0 0.5498046875 0.39111328125 0.041015625 0.0537109375
0 0.05078125 0.38427734375 0.07421875 0.0810546875
0 0.3349609375 0.3310546875 0.02734375 0.04296875
0 0.0625 0.24462890625 0.029296875 0.0361328125
0 0.8525390625 0.62060546875 0.046875 0.0595703125
0 0.10791015625 0.287109375 0.0322265625 0.03125
0 0.57666015625 0.40283203125 0.0205078125 0.0341796875
0 0.47509765625 0.302734375 0.0458984375 0.060546875
