0 0.2529296875 0.40673828125 0.01953125 0.0224609375
0 0.2880859375 0.6025390625 0.0234375 0.03515625
0 0.2041015625 0.5517578125 0.021484375 0.02734375
0 0.48681640625 0.59716796875 0.0205078125 0.0263671875
0 0.56494140625 0.63134765625 0.0205078125 0.0263671875
0 0.55078125 0.52734375 0.01953125 0.0234375
0 0.9130859375 0.716796875 0.029296875 0.03515625
0 0.54736328125 0.75537109375 0.0224609375 0.0322265625
0 0.87060546875 0.59716796875 0.0205078125 0.0322265625
0 0.93896484375 0.5576171875 0.0244140625 0.025390625
0 0.748046875 0.56689453125 0.02734375 0.0322265625
0 0.6865234375 0.57861328125 0.021484375 0.0302734375
0 0.6298828125 0.591796875 0.0234375 0.033203125
0 0.61572265625 0.5498046875 0.0244140625 0.03125
0 0.67431640625 0.52880859375 0.0244140625 0.0361328125
0 0.796875 0.43994140625 0.01953125 0.0224609375
0 0.7646484375 0.48779296875 0.01953125 0.0302734375
0 0.9140625 0.4677734375 0.01953125 0.025390625
0 0.13330078125 0.33349609375 0.0205078125 0.0244140625
0 0.89208984375 0.4384765625 0.0224609375 0.025390625
0 0.7470703125 0.40771484375 0.01953125 0.0205078125
