0 0.659224011713 0.158857979502 0.0563689604685 0.0629575402635
0 0.805270863836 0.119326500732 0.0351390922401 0.0497803806735
0 0.73243045388 0.142386530015 0.0183016105417 0.0212298682284
0 0.845168374817 0.0940702781845 0.0197657393851 0.0241581259151
0 0.417276720351 0.379209370425 0.0351390922401 0.0453879941435
0 0.521595900439 0.38579795022 0.0358711566618 0.0497803806735
0 0.538067349927 0.432284040996 0.0629575402635 0.0680819912152
0 0.14019033675 0.40775988287 0.0300146412884 0.0468521229868
0 0.269033674963 0.502562225476 0.125183016105 0.088579795022
0 0.746705710102 0.609077598829 0.106881405564 0.14494875549
0 0.215959004392 0.413982430454 0.0409956076135 0.0549048316252
0 0.563323572474 0.165812591508 0.0153733528551 0.0183016105417
0 0.177891654466 0.257686676428 0.0146412884334 0.0219619326501
0 0.202049780381 0.220351390922 0.0146412884334 0.0146412884334
0 0.209736456808 0.244509516837 0.0153733528551 0.0190336749634
0 0.230600292826 0.235724743777 0.0161054172767 0.0234260614934
0 0.256588579795 0.237188872621 0.0153733528551 0.0204978038067
0 0.259150805271 0.256222547584 0.0175695461201 0.0263543191801
0 0.295021961933 0.262079062958 0.0175695461201 0.0234260614934
0 0.275256222548 0.228770131772 0.0161054172767 0.0197657393851
0 0.338213762811 0.220717423133 0.0146412884334 0.0197657393851
0 0.349926793558 0.214494875549 0.0161054172767 0.0219619326501
0 0.39055636896 0.207906295754 0.0183016105417 0.0219619326501
0 0.465592972182 0.217057101025 0.0219619326501 0.0300146412884
0 0.504026354319 0.212298682284 0.0197657393851 0.0263543191801
0 0.51317715959 0.184846266471 0.0146412884334 0.0197657393851
0 0.522693997072 0.147144948755 0.0161054172767 0.0307467057101
0 0.616764275256 0.178257686676 0.0153733528551 0.0241581259151
0 0.632503660322 0.159224011713 0.0146412884334 0.0212298682284
