0 0.841874084919 0.246339677892 0.0424597364568 0.0534407027818
0 0.744509516837 0.256588579795 0.0512445095168 0.0475841874085
0 0.586017569546 0.523426061493 0.107613469985 0.10541727672
0 0.441434846266 0.48243045388 0.0746705710102 0.103953147877
0 0.357613469985 0.42093704246 0.0739385065886 0.0571010248902
0 0.261346998536 0.400073206442 0.0497803806735 0.0534407027818
0 0.38579795022 0.286603221083 0.0307467057101 0.0314787701318
0 0.48682284041 0.294289897511 0.0351390922401 0.0380673499268
0 0.198389458272 0.288799414348 0.0380673499268 0.0519765739385
0 0.229868228404 0.244875549048 0.0204978038067 0.0256222547584
0 0.254758418741 0.214494875549 0.0161054172767 0.0161054172767
0 0.695827232796 0.261713030747 0.0168374816984 0.0197657393851
0 0.781112737921 0.255490483163 0.0190336749634 0.0248901903367
0 0.361639824305 0.257686676428 0.0219619326501 0.0219619326501
0 0.442166910688 0.256954612006 0.0161054172767 0.0190336749634
0 0.42532942899 0.247803806735 0.0146412884334 0.0226939970717
0 0.864934114202 0.386530014641 0.0197657393851 0.0717423133236
0 0.60980966325 0.325768667643 0.0292825768668 0.0380673499268
0 0.33345534407 0.168008784773 0.0270863836018 0.0329428989751
0 0.168008784773 0.242313323572 0.0183016105417 0.0175695461201
0 0.270497803807 0.261713030747 0.0153733528551 0.0256222547584
0 0.621888726208 0.264641288433 0.0183016105417 0.0241581259151
