0 0.02685546875 0.355327468231 0.0224609375 0.0322580645161
0 0.11572265625 0.347507331378 0.0244140625 0.0283479960899
0 0.24609375 0.400293255132 0.01953125 0.0283479960899
0 0.03857421875 0.489247311828 0.0224609375 0.030303030303
0 0.1328125 0.492179863148 0.0234375 0.0263929618768
0 0.2978515625 0.437438905181 0.021484375 0.0283479960899
0 0.177734375 0.402737047898 0.0234375 0.039100684262
0 0.2666015625 0.33431085044 0.021484375 0.0273704789834
0 0.30712890625 0.349462365591 0.0224609375 0.0322580645161
0 0.3212890625 0.331867057674 0.01953125 0.0263929618768
0 0.1064453125 0.322580645161 0.025390625 0.0254154447703
0 0.1591796875 0.306940371457 0.0234375 0.0312805474096
0 0.0341796875 0.239980449658 0.01953125 0.0244379276637
0 0.1650390625 0.211632453568 0.01953125 0.0224828934506
0 0.17236328125 0.278592375367 0.0205078125 0.0254154447703
0 0.4248046875 0.367546432063 0.021484375 0.0293255131965
0 0.48388671875 0.363147605083 0.0224609375 0.0263929618768
0 0.53515625 0.302541544477 0.01953125 0.0224828934506
0 0.7255859375 0.39100684262 0.01953125 0.0254154447703
0 0.53369140625 0.44183773216 0.0244140625 0.0273704789834
0 0.5390625 0.524437927664 0.021484375 0.0244379276637
0 0.591796875 0.52394916911 0.021484375 0.0254154447703
0 0.65478515625 0.517106549365 0.0244140625 0.0273704789834
0 0.66015625 0.499511241447 0.021484375 0.0273704789834
0 0.6689453125 0.453079178886 0.021484375 0.030303030303
0 0.78466796875 0.484848484848 0.0224609375 0.0312805474096
0 0.72802734375 0.546920821114 0.0244140625 0.030303030303
0 0.80908203125 0.452590420332 0.0205078125 0.0215053763441
0 0.81982421875 0.506353861193 0.0205078125 0.0254154447703
0 0.806640625 0.547898338221 0.021484375 0.0244379276637
0 0.86669921875 0.545454545455 0.0224609375 0.0273704789834
0 0.8232421875 0.540078201369 0.021484375 0.0322580645161
0 0.8681640625 0.5 0.0234375 0.0244379276637
0 0.89208984375 0.488758553275 0.0205078125 0.0234604105572
0 0.9248046875 0.520527859238 0.021484375 0.0283479960899
0 0.7314453125 0.482404692082 0.01953125 0.0205278592375
0 0.93115234375 0.478983382209 0.0205078125 0.0273704789834
0 0.95751953125 0.514173998045 0.0205078125 0.0215053763441
0 0.93798828125 0.554252199413 0.0224609375 0.0293255131965
0 0.974609375 0.588465298143 0.02734375 0.0312805474096
0 0.982421875 0.474095796676 0.0234375 0.0273704789834
0 0.8310546875 0.477028347996 0.01953125 0.0254154447703
0 0.40087890625 0.64173998045 0.0302734375 0.0283479960899
0 0.53564453125 0.664711632454 0.0283203125 0.0312805474096
0 0.59033203125 0.648093841642 0.0283203125 0.0371456500489
0 0.63330078125 0.648582600196 0.0283203125 0.0361681329423
0 0.04052734375 0.623655913978 0.0283203125 0.0293255131965
0 0.4423828125 0.419843597263 0.03125 0.0420332355816
0 0.3349609375 0.466275659824 0.01953125 0.0254154447703
