0 0.19677734375 0.40869140625 0.0400390625 0.0556640625
0 0.67578125 0.61279296875 0.02734375 0.0263671875
0 0.78271484375 0.5947265625 0.0302734375 0.037109375
0 0.87890625 0.59423828125 0.025390625 0.0419921875
0 0.8876953125 0.59716796875 0.01953125 0.0439453125
0 0.94140625 0.58740234375 0.02734375 0.0361328125
0 0.9892578125 0.59814453125 0.01953125 0.0400390625
0 0.9833984375 0.50634765625 0.01953125 0.0302734375
0 0.63525390625 0.59375 0.0224609375 0.03125
0 0.73681640625 0.4970703125 0.0205078125 0.02734375
0 0.6962890625 0.47802734375 0.01953125 0.0302734375
0 0.771484375 0.484375 0.021484375 0.02734375
0 0.81640625 0.4560546875 0.021484375 0.029296875
0 0.4990234375 0.60546875 0.01953125 0.03125
0 0.6123046875 0.50439453125 0.0234375 0.0263671875
0 0.853515625 0.38671875 0.01953125 0.0234375
0 0.89306640625 0.4658203125 0.0224609375 0.03125
0 0.65771484375 0.44140625 0.0205078125 0.03125
0 0.67041015625 0.41650390625 0.0224609375 0.0263671875
0 0.1865234375 0.72802734375 0.0234375 0.0224609375
