0 0.47119140625 0.42082111437 0.0380859375 0.0420332355816
0 0.0634765625 0.658846529814 0.0390625 0.0566959921799
0 0.1455078125 0.651515151515 0.037109375 0.0459433040078
0 0.01611328125 0.66715542522 0.0322265625 0.0459433040078
0 0.07373046875 0.595796676442 0.0361328125 0.0459433040078
0 0.18603515625 0.715053763441 0.0400390625 0.0478983382209
0 0.67431640625 0.486314760508 0.0380859375 0.0518084066471
0 0.169921875 0.216520039101 0.021484375 0.0342130987292
0 0.2138671875 0.22238514174 0.0234375 0.0322580645161
0 0.1767578125 0.357282502444 0.0390625 0.0439882697947
0 0.22412109375 0.322091886608 0.0322265625 0.0400782013685
0 0.12353515625 0.479960899316 0.0361328125 0.0430107526882
0 0.17138671875 0.483382209189 0.0322265625 0.0439882697947
0 0.0654296875 0.33137829912 0.033203125 0.0527859237537
0 0.052734375 0.299120234604 0.037109375 0.0430107526882
0 0.15673828125 0.438416422287 0.0263671875 0.0361681329423
0 0.23046875 0.403225806452 0.03125 0.0381231671554
0 0.33544921875 0.278103616813 0.0341796875 0.0420332355816
0 0.81884765625 0.487292277615 0.0419921875 0.049853372434
0 0.82177734375 0.700391006843 0.0341796875 0.049853372434
0 0.91259765625 0.739491691105 0.0400390625 0.0537634408602
0 0.7958984375 0.216520039101 0.033203125 0.0361681329423
0 0.60205078125 0.216520039101 0.0244140625 0.0205278592375
0 0.54296875 0.226295210166 0.0234375 0.0361681329423
0 0.8359375 0.552785923754 0.03515625 0.0439882697947
0 0.79345703125 0.608504398827 0.0302734375 0.0478983382209
0 0.85888671875 0.633919843597 0.0400390625 0.0439882697947
0 0.66748046875 0.702346041056 0.0400390625 0.0576735092864
0 0.55419921875 0.711632453568 0.0419921875 0.0449657869013
0 0.6201171875 0.737047898338 0.029296875 0.0469208211144
0 0.74560546875 0.764907135875 0.0341796875 0.0420332355816
0 0.81884765625 0.775659824047 0.0458984375 0.0576735092864
0 0.72412109375 0.790811339198 0.0302734375 0.0293255131965
0 0.43701171875 0.685728250244 0.0400390625 0.049853372434
0 0.2001953125 0.594330400782 0.033203125 0.0371456500489
0 0.98291015625 0.544477028348 0.0322265625 0.0410557184751
0 0.9892578125 0.628054740958 0.021484375 0.0557184750733
0 0.984375 0.324535679374 0.03125 0.0371456500489
0 0.20849609375 0.518084066471 0.0361328125 0.039100684262
0 0.427734375 0.409579667644 0.025390625 0.0293255131965
0 0.6064453125 0.395405669599 0.033203125 0.0459433040078
0 0.666015625 0.366080156403 0.033203125 0.0439882697947
0 0.7373046875 0.447214076246 0.0390625 0.0439882697947
0 0.958984375 0.696480938416 0.03515625 0.0459433040078
0 0.90673828125 0.658357771261 0.0322265625 0.0439882697947
0 0.87939453125 0.518084066471 0.0361328125 0.0488758553275
0 0.95166015625 0.560606060606 0.0400390625 0.0439882697947
0 0.96240234375 0.494134897361 0.0380859375 0.049853372434
0 0.87109375 0.380254154448 0.03515625 0.0371456500489
0 0.93408203125 0.360703812317 0.0361328125 0.039100684262
0 0.9501953125 0.424242424242 0.0390625 0.0430107526882
0 0.85791015625 0.452590420332 0.0341796875 0.0430107526882
0 0.2763671875 0.761974584555 0.041015625 0.049853372434
0 0.3486328125 0.758553274682 0.037109375 0.0351906158358
0 0.41455078125 0.784457478006 0.0361328125 0.0420332355816
0 0.46630859375 0.719941348974 0.0400390625 0.0537634408602
0 0.5576171875 0.773704789834 0.04296875 0.049853372434
0 0.498046875 0.591886608016 0.04296875 0.0439882697947
0 0.515625 0.642717497556 0.033203125 0.0420332355816
0 0.60009765625 0.649071358749 0.0419921875 0.039100684262
0 0.57080078125 0.550830889541 0.0322265625 0.0478983382209
0 0.5966796875 0.592864125122 0.041015625 0.049853372434
0 0.6201171875 0.524437927664 0.033203125 0.0400782013685
0 0.783203125 0.297165200391 0.033203125 0.0410557184751
0 0.67333984375 0.224828934506 0.0283203125 0.0371456500489
0 0.73291015625 0.494623655914 0.0341796875 0.0449657869013
0 0.71142578125 0.534213098729 0.0380859375 0.0478983382209
0 0.55810546875 0.451124144673 0.0283203125 0.0420332355816
0 0.4619140625 0.49853372434 0.037109375 0.0430107526882
0 0.48388671875 0.466275659824 0.0322265625 0.0430107526882
0 0.4228515625 0.47018572825 0.029296875 0.0449657869013
0 0.7890625 0.429130009775 0.041015625 0.0488758553275
0 0.43212890625 0.278103616813 0.0302734375 0.0381231671554
0 0.47314453125 0.249755620723 0.0263671875 0.0420332355816
0 0.416015625 0.236070381232 0.029296875 0.0420332355816
0 0.62158203125 0.306940371457 0.0322265625 0.0410557184751
0 0.66796875 0.293255131965 0.02734375 0.039100684262
0 0.7119140625 0.319648093842 0.03125 0.039100684262
0 0.3515625 0.213098729228 0.033203125 0.0351906158358
0 0.841796875 0.205767350929 0.025390625 0.0224828934506
0 0.88720703125 0.205278592375 0.0302734375 0.0215053763441
