0 0.2158203125 0.46630859375 0.044921875 0.0517578125
0 0.4326171875 0.59033203125 0.029296875 0.0341796875
0 0.4892578125 0.58984375 0.0234375 0.029296875
0 0.4033203125 0.59033203125 0.021484375 0.0263671875
0 0.556640625 0.595703125 0.025390625 0.025390625
0 0.79345703125 0.58837890625 0.0263671875 0.0322265625
0 0.8271484375 0.611328125 0.029296875 0.033203125
0 0.8515625 0.6162109375 0.0234375 0.025390625
0 0.88671875 0.615234375 0.02734375 0.033203125
0 0.93115234375 0.59228515625 0.0263671875 0.0341796875
0 0.98876953125 0.619140625 0.0224609375 0.02734375
0 0.02001953125 0.5625 0.0263671875 0.03125
0 0.1484375 0.345703125 0.01953125 0.021484375
0 0.0869140625 0.38671875 0.01953125 0.021484375
0 0.09033203125 0.263671875 0.0205078125 0.01953125
0 0.13427734375 0.13134765625 0.0205078125 0.0244140625
0 0.96728515625 0.17724609375 0.0205078125 0.0205078125
0 0.1396484375 0.58740234375 0.02734375 0.0341796875
0 0.77783203125 0.408203125 0.0205078125 0.021484375
0 0.84765625 0.396484375 0.01953125 0.01953125
0 0.9306640625 0.39208984375 0.021484375 0.0244140625
0 0.9169921875 0.3671875 0.01953125 0.0234375
0 0.8173828125 0.3857421875 0.01953125 0.01953125
0 0.7822265625 0.140625 0.029296875 0.033203125
0 0.107421875 0.5673828125 0.02734375 0.029296875
