0 0.232421875 0.302052785924 0.09375 0.125122189638
0 0.0400390625 0.296187683284 0.080078125 0.0860215053763
0 0.0751953125 0.566959921799 0.083984375 0.127077223851
0 0.1806640625 0.717497556207 0.099609375 0.10752688172
0 0.2763671875 0.587487781036 0.076171875 0.11339198436
0 0.2568359375 0.847018572825 0.091796875 0.0772238514174
0 0.3935546875 0.755620723363 0.091796875 0.105571847507
0 0.4677734375 0.645161290323 0.072265625 0.099706744868
0 0.6142578125 0.622678396872 0.087890625 0.109481915934
0 0.685546875 0.773216031281 0.09375 0.109481915934
0 0.9130859375 0.66275659824 0.072265625 0.099706744868
