0 0.226267880364 0.371994801819 0.0637191157347 0.0721247563353
0 0.663524057217 0.528914879792 0.0773732119636 0.0766731643925
0 0.604356306892 0.454840805718 0.0409622886866 0.0610786224821
0 0.797139141743 0.657894736842 0.0715214564369 0.11241065627
0 0.743172951886 0.424626380767 0.0715214564369 0.0747238466537
0 0.814369310793 0.507797270955 0.0370611183355 0.0682261208577
0 0.80721716515 0.347953216374 0.0474642392718 0.0682261208577
0 0.734070221066 0.294996751137 0.037711313394 0.0493827160494
0 0.253576072822 0.333008447044 0.0481144343303 0.0578297595841
0 0.320546163849 0.246588693957 0.0403120936281 0.0513320337882
0 0.436280884265 0.240740740741 0.110533159948 0.128005198181
0 0.653120936281 0.261858349578 0.0448634590377 0.0623781676413
0 0.702210663199 0.199155295647 0.0429128738622 0.0526315789474
0 0.79843953186 0.204678362573 0.037711313394 0.0480831708902
0 0.821521456437 0.153021442495 0.0227568270481 0.0474333983106
0 0.80266579974 0.0932423651722 0.0279583875163 0.0344379467186
0 0.540312093628 0.146523716699 0.0325097529259 0.043534762833
0 0.667100130039 0.121832358674 0.0312093628088 0.037037037037
0 0.304941482445 0.11241065627 0.0273081924577 0.0324886289799
0 0.530234070221 0.0536062378168 0.0240572171651 0.0279402209227
0 0.562093628088 0.235867446394 0.0305591677503 0.0363872644574
0 0.599804941482 0.11273554256 0.0214564369311 0.0292397660819
0 0.626462938882 0.0510071474984 0.0253576072822 0.0292397660819
0 0.732119635891 0.0581546458739 0.0234070221066 0.0266406757635
0 0.77633289987 0.0773229369721 0.0221066319896 0.0285899935023
0 0.281209362809 0.0766731643925 0.0227568270481 0.0220922677063
0 0.327373211964 0.0409356725146 0.020156046814 0.0259909031839
0 0.503250975293 0.0932423651722 0.0169050715215 0.0266406757635
0 0.464564369311 0.0857699805068 0.0136540962289 0.0181936322287
0 0.268530559168 0.200779727096 0.0234070221066 0.0285899935023
0 0.661573472042 0.0383365821962 0.0214564369311 0.0220922677063
0 0.805916775033 0.045159194282 0.0240572171651 0.0318388564003
0 0.344603381014 0.087069525666 0.0182054616385 0.0285899935023
0 0.276007802341 0.0445094217024 0.0305591677503 0.0292397660819
0 0.372236671001 0.0389863547758 0.0214564369311 0.0207927225471
0 0.405071521456 0.0461338531514 0.0182054616385 0.0207927225471
0 0.173927178153 0.623131903834 0.0136540962289 0.0987654320988
