0 0.11181640625 0.30419921875 0.1044921875 0.1572265625
0 0.43359375 0.27685546875 0.123046875 0.1318359375
0 0.658203125 0.26513671875 0.109375 0.1650390625
0 0.92138671875 0.40380859375 0.0986328125 0.1357421875
0 0.22607421875 0.74365234375 0.0478515625 0.0517578125
0 0.19140625 0.67333984375 0.029296875 0.0439453125
0 0.21142578125 0.6279296875 0.0322265625 0.044921875
0 0.31103515625 0.48876953125 0.0263671875 0.0380859375
0 0.2734375 0.31396484375 0.0234375 0.0322265625
0 0.33447265625 0.3515625 0.0224609375 0.033203125
0 0.24462890625 0.34765625 0.0224609375 0.029296875
0 0.185546875 0.31640625 0.0234375 0.029296875
0 0.23583984375 0.2802734375 0.0224609375 0.029296875
0 0.25927734375 0.22265625 0.0263671875 0.033203125
0 0.30517578125 0.2939453125 0.0205078125 0.033203125
0 0.31591796875 0.2216796875 0.0224609375 0.03125
0 0.50634765625 0.2685546875 0.0244140625 0.03515625
0 0.544921875 0.22265625 0.021484375 0.03125
0 0.2841796875 0.24560546875 0.021484375 0.0322265625
0 0.1728515625 0.22607421875 0.021484375 0.0244140625
0 0.15673828125 0.15576171875 0.0205078125 0.0283203125
0 0.11962890625 0.20947265625 0.0283203125 0.0361328125
0 0.0791015625 0.1513671875 0.021484375 0.0234375
0 0.19921875 0.16064453125 0.0234375 0.0283203125
0 0.1455078125 0.18994140625 0.0234375 0.0302734375
0 0.06884765625 0.1923828125 0.0302734375 0.0390625
0 0.01708984375 0.32373046875 0.0302734375 0.0380859375
0 0.1044921875 0.1806640625 0.025390625 0.03515625
0 0.2373046875 0.1865234375 0.0234375 0.03515625
0 0.21533203125 0.46875 0.0361328125 0.044921875
0 0.91943359375 0.751953125 0.0517578125 0.064453125
0 0.857421875 0.7294921875 0.041015625 0.052734375
0 0.87744140625 0.65283203125 0.0341796875 0.0517578125
0 0.94970703125 0.65234375 0.0341796875 0.0546875
0 0.9794921875 0.7353515625 0.037109375 0.05078125
0 0.98291015625 0.50732421875 0.0263671875 0.0380859375
0 0.91943359375 0.3046875 0.0322265625 0.046875
0 0.88330078125 0.32568359375 0.0302734375 0.0498046875
0 0.8369140625 0.291015625 0.025390625 0.037109375
0 0.8818359375 0.28466796875 0.03125 0.0380859375
0 0.8193359375 0.37744140625 0.03125 0.0517578125
0 0.9892578125 0.3291015625 0.021484375 0.037109375
0 0.87841796875 0.22021484375 0.0244140625 0.0322265625
0 0.9208984375 0.19482421875 0.01953125 0.0283203125
0 0.93994140625 0.22265625 0.0224609375 0.029296875
0 0.92578125 0.26904296875 0.01953125 0.0244140625
0 0.8134765625 0.171875 0.021484375 0.025390625
0 0.7900390625 0.2080078125 0.01953125 0.0234375
0 0.8115234375 0.25341796875 0.01953125 0.0224609375
0 0.5625 0.14111328125 0.025390625 0.0322265625
0 0.50732421875 0.14697265625 0.0263671875 0.0302734375
0 0.58544921875 0.17041015625 0.0244140625 0.0322265625
0 0.75048828125 0.24609375 0.0224609375 0.03125
0 0.77392578125 0.17529296875 0.0263671875 0.0302734375
0 0.8818359375 0.19921875 0.0234375 0.02734375
0 0.21142578125 0.5888671875 0.0322265625 0.044921875
0 0.029296875 0.1357421875 0.03125 0.021484375
0 0.7412109375 0.1826171875 0.021484375 0.02734375
0 0.7138671875 0.21630859375 0.0234375 0.0380859375
0 0.8203125 0.2177734375 0.0234375 0.029296875
