0 0.94482421875 0.286901270772 0.0439453125 0.0576735092864
0 0.8837890625 0.287390029326 0.04296875 0.0547409579668
0 0.802734375 0.277126099707 0.046875 0.0478983382209
0 0.955078125 0.520039100684 0.072265625 0.0782013685239
0 0.84716796875 0.410068426197 0.0576171875 0.0733137829912
0 0.7802734375 0.436950146628 0.046875 0.0547409579668
0 0.73828125 0.483382209189 0.052734375 0.0654936461388
0 0.7353515625 0.688172043011 0.083984375 0.105571847507
0 0.6845703125 0.585532746823 0.078125 0.0860215053763
0 0.8310546875 0.587487781036 0.06640625 0.0782013685239
0 0.646484375 0.502443792766 0.07421875 0.0742913000978
0 0.4736328125 0.52688172043 0.087890625 0.0957966764418
0 0.7685546875 0.266862170088 0.0390625 0.0488758553275
0 0.498046875 0.278592375367 0.05859375 0.058651026393
0 0.57763671875 0.343597262952 0.0419921875 0.0518084066471
0 0.646484375 0.279569892473 0.037109375 0.0508308895406
0 0.466796875 0.394916911046 0.046875 0.058651026393
0 0.2802734375 0.333333333333 0.064453125 0.0723362658847
0 0.54052734375 0.705278592375 0.0986328125 0.108504398827
0 0.83349609375 0.229716520039 0.0361328125 0.0254154447703
0 0.55029296875 0.237536656891 0.0458984375 0.0410557184751
0 0.0498046875 0.289345063539 0.0703125 0.0703812316716
0 0.2822265625 0.511730205279 0.087890625 0.102639296188
0 0.693359375 0.435483870968 0.04296875 0.0557184750733
0 0.7236328125 0.232160312805 0.04296875 0.0283479960899
0 0.3359375 0.259042033236 0.04296875 0.0566959921799
0 0.19775390625 0.297653958944 0.0498046875 0.0576735092864
0 0.42822265625 0.445747800587 0.0712890625 0.0762463343109
0 0.9521484375 0.249755620723 0.0390625 0.0381231671554
0 0.9677734375 0.344574780059 0.03515625 0.049853372434
0 0.9833984375 0.350439882698 0.033203125 0.0576735092864
