0 0.1982421875 0.35400390625 0.076171875 0.0986328125
0 0.14013671875 0.2060546875 0.0458984375 0.056640625
0 0.22509765625 0.18798828125 0.0283203125 0.0341796875
0 0.29443359375 0.236328125 0.0361328125 0.044921875
0 0.83154296875 0.33154296875 0.0361328125 0.0458984375
0 0.84765625 0.2373046875 0.0234375 0.029296875
0 0.783203125 0.25634765625 0.01953125 0.0322265625
0 0.8740234375 0.30712890625 0.03125 0.0498046875
0 0.9072265625 0.30078125 0.02734375 0.04296875
0 0.69970703125 0.31494140625 0.0419921875 0.0595703125
0 0.57666015625 0.3056640625 0.0400390625 0.0703125
0 0.32763671875 0.20361328125 0.0302734375 0.0361328125
0 0.41015625 0.20947265625 0.0234375 0.0302734375
0 0.4560546875 0.39697265625 0.05078125 0.0712890625
0 0.8330078125 0.33154296875 0.033203125 0.0458984375
0 0.56689453125 0.20458984375 0.0205078125 0.0263671875
