0 0.90380859375 0.311339198436 0.0830078125 0.088954056696
0 0.67333984375 0.41935483871 0.1064453125 0.130987292278
0 0.58154296875 0.326001955034 0.0849609375 0.0987292277615
0 0.31884765625 0.335288367546 0.0751953125 0.0879765395894
0 0.212890625 0.383186705767 0.1015625 0.109481915934
0 0.06396484375 0.342130987292 0.0732421875 0.0762463343109
0 0.94921875 0.201368523949 0.064453125 0.0645161290323
0 0.8486328125 0.219941348974 0.08203125 0.0840664711632
0 0.7216796875 0.19257086999 0.060546875 0.0527859237537
0 0.76708984375 0.19550342131 0.0517578125 0.0547409579668
0 0.0791015625 0.184261974585 0.03515625 0.0361681329423
0 0.0341796875 0.258553274682 0.05859375 0.0615835777126
0 0.1220703125 0.19843597263 0.05859375 0.058651026393
0 0.1796875 0.215542521994 0.05078125 0.0518084066471
0 0.21875 0.215542521994 0.04296875 0.0459433040078
0 0.28564453125 0.224340175953 0.0712890625 0.0772238514174
0 0.34619140625 0.220430107527 0.0537109375 0.0576735092864
0 0.419921875 0.193059628543 0.044921875 0.0439882697947
0 0.52490234375 0.195014662757 0.0732421875 0.0576735092864
0 0.572265625 0.196480938416 0.04296875 0.0606060606061
0 0.6572265625 0.186705767351 0.037109375 0.0410557184751
0 0.49072265625 0.210166177908 0.0341796875 0.039100684262
