0 0.02783203125 0.3212890625 0.0263671875 0.046875
0 0.119140625 0.31494140625 0.025390625 0.0458984375
0 0.3271484375 0.37841796875 0.025390625 0.0498046875
0 0.33203125 0.2939453125 0.037109375 0.048828125
0 0.2001953125 0.2734375 0.03125 0.046875
0 0.40478515625 0.291015625 0.0341796875 0.044921875
0 0.4541015625 0.35400390625 0.03515625 0.0439453125
0 0.6474609375 0.3134765625 0.03125 0.046875
0 0.6953125 0.38623046875 0.02734375 0.0556640625
0 0.4775390625 0.31005859375 0.03125 0.0439453125
0 0.80859375 0.3583984375 0.01953125 0.0390625
0 0.1796875 0.33203125 0.021484375 0.041015625
