0 0.97998046875 0.543988269795 0.0283203125 0.0420332355816
0 0.9736328125 0.60752688172 0.03125 0.049853372434
0 0.93408203125 0.550830889541 0.0244140625 0.0322580645161
0 0.8740234375 0.541544477028 0.021484375 0.0215053763441
0 0.71630859375 0.561583577713 0.0244140625 0.0361681329423
0 0.69287109375 0.570381231672 0.0244140625 0.0400782013685
0 0.666015625 0.52981427175 0.021484375 0.0254154447703
0 0.55810546875 0.526392961877 0.0205078125 0.0283479960899
0 0.515625 0.557673509286 0.025390625 0.0342130987292
0 0.408203125 0.571847507331 0.03515625 0.0449657869013
0 0.314453125 0.537634408602 0.021484375 0.0293255131965
0 0.24755859375 0.565982404692 0.0419921875 0.0527859237537
0 0.12939453125 0.590420332356 0.0517578125 0.0547409579668
0 0.02978515625 0.588954056696 0.0380859375 0.049853372434
