0 0.12841796875 0.341796875 0.0498046875 0.064453125
0 0.171875 0.294921875 0.04296875 0.0546875
0 0.23193359375 0.34326171875 0.0478515625 0.0595703125
0 0.330078125 0.33447265625 0.041015625 0.0556640625
0 0.43701171875 0.36279296875 0.0458984375 0.0595703125
0 0.18701171875 0.46240234375 0.0439453125 0.0595703125
0 0.283203125 0.51513671875 0.04296875 0.0517578125
0 0.34912109375 0.5029296875 0.0419921875 0.044921875
0 0.43994140625 0.4794921875 0.0419921875 0.05078125
0 0.50341796875 0.4794921875 0.0361328125 0.044921875
0 0.54638671875 0.47998046875 0.0380859375 0.0517578125
0 0.60888671875 0.46826171875 0.0400390625 0.0517578125
0 0.65478515625 0.45947265625 0.0419921875 0.0537109375
0 0.54833984375 0.333984375 0.0400390625 0.05859375
0 0.6220703125 0.3251953125 0.041015625 0.0546875
0 0.6455078125 0.369140625 0.044921875 0.052734375
0 0.71435546875 0.4169921875 0.0458984375 0.05859375
0 0.72265625 0.49951171875 0.041015625 0.0517578125
0 0.7734375 0.34912109375 0.0546875 0.0732421875
0 0.88330078125 0.32080078125 0.0654296875 0.0810546875
0 0.45751953125 0.6611328125 0.0537109375 0.0703125
0 0.60009765625 0.66650390625 0.0537109375 0.0693359375
