0 0.265625 0.710654936461 0.1484375 0.181818181818
0 0.5224609375 0.494623655914 0.087890625 0.132942326491
0 0.818359375 0.489736070381 0.10546875 0.134897360704
0 0.7666015625 0.329423264907 0.072265625 0.119257086999
0 0.9169921875 0.275659824047 0.083984375 0.101661779081
0 0.6318359375 0.269794721408 0.076171875 0.0860215053763
0 0.0830078125 0.463343108504 0.107421875 0.117302052786
0 0.26171875 0.431085043988 0.08203125 0.0957966764418
0 0.3916015625 0.389051808407 0.091796875 0.11339198436
0 0.5244140625 0.27761485826 0.064453125 0.0860215053763
0 0.439453125 0.273704789834 0.0703125 0.0899315738025
0 0.2529296875 0.27468230694 0.052734375 0.0684261974585
0 0.7119140625 0.231671554252 0.083984375 0.099706744868
