0 0.48681640625 0.31640625 0.0693359375 0.0859375
0 0.73681640625 0.37158203125 0.0498046875 0.0615234375
0 0.93212890625 0.35498046875 0.0576171875 0.0615234375
0 0.87646484375 0.408203125 0.0478515625 0.05078125
0 0.30810546875 0.41455078125 0.0419921875 0.0400390625
0 0.373046875 0.42333984375 0.0390625 0.0478515625
0 0.18701171875 0.3662109375 0.0673828125 0.080078125
0 0.0234375 0.3671875 0.044921875 0.060546875
0 0.6083984375 0.4267578125 0.033203125 0.041015625
0 0.2587890625 0.42431640625 0.029296875 0.0361328125
0 0.53173828125 0.3671875 0.0478515625 0.052734375
0 0.75 0.36767578125 0.041015625 0.0615234375
