0 0.57958984375 0.50146484375 0.0576171875 0.0615234375
0 0.37353515625 0.720703125 0.1162109375 0.107421875
0 0.75830078125 0.361328125 0.0283203125 0.02734375
0 0.71630859375 0.41162109375 0.0302734375 0.0302734375
0 0.537109375 0.47021484375 0.04296875 0.0458984375
0 0.61474609375 0.41357421875 0.0302734375 0.0302734375
0 0.44091796875 0.43994140625 0.0322265625 0.0380859375
0 0.3671875 0.48388671875 0.0546875 0.0517578125
0 0.39794921875 0.45166015625 0.0400390625 0.0556640625
0 0.2451171875 0.478515625 0.041015625 0.041015625
0 0.26611328125 0.58935546875 0.0869140625 0.0869140625
0 0.880859375 0.3388671875 0.025390625 0.029296875
