0 0.35009765625 0.415444770283 0.0615234375 0.0782013685239
0 0.5673828125 0.433040078201 0.0234375 0.0312805474096
0 0.81982421875 0.573802541544 0.0712890625 0.0762463343109
0 0.6845703125 0.416911045943 0.01953125 0.0224828934506
0 0.8369140625 0.440860215054 0.0234375 0.0312805474096
0 0.94140625 0.481915933529 0.0390625 0.0410557184751
0 0.95703125 0.407624633431 0.01953125 0.0254154447703
0 0.033203125 0.520527859238 0.06640625 0.0772238514174
0 0.6376953125 0.535679374389 0.025390625 0.0469208211144
0 0.30712890625 0.44330400782 0.0263671875 0.0439882697947
0 0.65625 0.418377321603 0.01953125 0.0215053763441
0 0.5341796875 0.425708699902 0.021484375 0.0224828934506
0 0.44580078125 0.435972629521 0.0283203125 0.0371456500489
