0 0.10498046875 0.42919921875 0.0615234375 0.0751953125
0 0.2119140625 0.46533203125 0.048828125 0.0634765625
0 0.1875 0.43408203125 0.04296875 0.0556640625
0 0.36962890625 0.40234375 0.0498046875 0.05859375
0 0.44189453125 0.4150390625 0.0478515625 0.064453125
0 0.494140625 0.4228515625 0.048828125 0.072265625
0 0.54736328125 0.44140625 0.0498046875 0.072265625
0 0.66357421875 0.47607421875 0.0693359375 0.0888671875
0 0.70849609375 0.3955078125 0.0419921875 0.064453125
0 0.7919921875 0.41162109375 0.068359375 0.0888671875
0 0.83984375 0.494140625 0.072265625 0.09765625
0 0.90673828125 0.41552734375 0.0673828125 0.0830078125
0 0.64697265625 0.3994140625 0.0322265625 0.0546875
