0 0.02587890625 0.418866080156 0.0380859375 0.0537634408602
0 0.16796875 0.418866080156 0.03515625 0.0518084066471
0 0.2294921875 0.425708699902 0.03515625 0.0459433040078
0 0.33056640625 0.568914956012 0.0341796875 0.0469208211144
0 0.0908203125 0.433040078201 0.03515625 0.0469208211144
0 0.1298828125 0.419843597263 0.02734375 0.0381231671554
0 0.1787109375 0.321603128055 0.021484375 0.0312805474096
0 0.263671875 0.331867057674 0.025390625 0.0381231671554
0 0.2333984375 0.348484848485 0.01953125 0.0322580645161
0 0.27099609375 0.391984359726 0.0322265625 0.0488758553275
0 0.34521484375 0.400293255132 0.0322265625 0.0459433040078
0 0.37451171875 0.402737047898 0.0244140625 0.0410557184751
0 0.357421875 0.305474095797 0.01953125 0.0283479960899
0 0.4287109375 0.298142717498 0.01953125 0.0312805474096
0 0.48876953125 0.322580645161 0.0244140625 0.0312805474096
0 0.56103515625 0.308406647116 0.0244140625 0.0244379276637
0 0.43505859375 0.417399804497 0.0283203125 0.0410557184751
0 0.46435546875 0.412023460411 0.0302734375 0.0439882697947
0 0.50634765625 0.429618768328 0.0283203125 0.0420332355816
0 0.5322265625 0.396871945259 0.025390625 0.0351906158358
0 0.560546875 0.451612903226 0.033203125 0.0449657869013
0 0.6259765625 0.302541544477 0.025390625 0.030303030303
0 0.6533203125 0.431085043988 0.025390625 0.0430107526882
0 0.59912109375 0.432551319648 0.0302734375 0.0381231671554
0 0.619140625 0.581133919844 0.033203125 0.0420332355816
0 0.7294921875 0.439393939394 0.03515625 0.0342130987292
0 0.80078125 0.437438905181 0.033203125 0.0400782013685
0 0.81982421875 0.391984359726 0.0322265625 0.0430107526882
0 0.9375 0.426686217009 0.03125 0.0400782013685
0 0.91748046875 0.391984359726 0.0341796875 0.0371456500489
0 0.763671875 0.318181818182 0.01953125 0.030303030303
0 0.689453125 0.339687194526 0.0234375 0.030303030303
0 0.66455078125 0.398338220919 0.0263671875 0.030303030303
0 0.763671875 0.429130009775 0.0234375 0.0410557184751
0 0.4970703125 0.565493646139 0.03125 0.0459433040078
0 0.4052734375 0.407135874878 0.03125 0.0381231671554
