0 0.7021484375 0.50927734375 0.068359375 0.0947265625
0 0.60888671875 0.5068359375 0.0615234375 0.08203125
0 0.6083984375 0.36767578125 0.056640625 0.0791015625
0 0.71337890625 0.44091796875 0.0537109375 0.0673828125
0 0.474609375 0.52490234375 0.06640625 0.0888671875
0 0.4189453125 0.4873046875 0.0546875 0.0703125
0 0.4619140625 0.42236328125 0.046875 0.0576171875
0 0.3388671875 0.4921875 0.052734375 0.078125
0 0.29296875 0.421875 0.044921875 0.060546875
0 0.24365234375 0.482421875 0.0556640625 0.076171875
0 0.17041015625 0.4794921875 0.0478515625 0.068359375
0 0.09033203125 0.49560546875 0.0576171875 0.0712890625
