0 0.50927734375 0.651515151515 0.0810546875 0.106549364614
0 0.3212890625 0.227761485826 0.01953125 0.0254154447703
0 0.2333984375 0.230205278592 0.021484375 0.0205278592375
0 0.2861328125 0.260019550342 0.01953125 0.0332355816227
0 0.38916015625 0.328445747801 0.0224609375 0.0527859237537
0 0.27587890625 0.373900293255 0.0302734375 0.049853372434
0 0.36376953125 0.379276637341 0.0361328125 0.0547409579668
0 0.07373046875 0.347018572825 0.0361328125 0.0566959921799
0 0.46484375 0.342130987292 0.033203125 0.0410557184751
0 0.43408203125 0.442326490714 0.0361328125 0.0518084066471
0 0.49560546875 0.249755620723 0.0205078125 0.0342130987292
0 0.49560546875 0.207233626588 0.0205078125 0.0254154447703
0 0.5869140625 0.236070381232 0.01953125 0.0244379276637
0 0.58203125 0.303519061584 0.02734375 0.0342130987292
0 0.93603515625 0.310850439883 0.0302734375 0.0547409579668
0 0.2548828125 0.293255131965 0.033203125 0.0606060606061
