0 0.0732421875 0.429130009775 0.05078125 0.0566959921799
0 0.12841796875 0.478983382209 0.0361328125 0.0488758553275
0 0.16357421875 0.472140762463 0.0302734375 0.0410557184751
0 0.2060546875 0.499511241447 0.033203125 0.0488758553275
0 0.2529296875 0.504887585533 0.037109375 0.0459433040078
0 0.32958984375 0.497556207234 0.0341796875 0.0410557184751
0 0.28515625 0.489736070381 0.033203125 0.0410557184751
0 0.13671875 0.634408602151 0.046875 0.0547409579668
0 0.20556640625 0.595796676442 0.0439453125 0.0537634408602
0 0.416015625 0.49706744868 0.0390625 0.0459433040078
0 0.3681640625 0.472140762463 0.033203125 0.0430107526882
0 0.44921875 0.463831867058 0.037109375 0.0439882697947
0 0.50244140625 0.482893450635 0.0380859375 0.0508308895406
0 0.51318359375 0.435972629521 0.0341796875 0.039100684262
0 0.55908203125 0.47458455523 0.0322265625 0.0478983382209
0 0.59228515625 0.499022482893 0.0341796875 0.0420332355816
0 0.6591796875 0.504398826979 0.037109375 0.0430107526882
0 0.61279296875 0.456011730205 0.0302734375 0.0381231671554
0 0.68896484375 0.466764418377 0.0283203125 0.0439882697947
0 0.80029296875 0.46871945259 0.0361328125 0.0557184750733
0 0.8837890625 0.491202346041 0.0390625 0.0518084066471
0 0.951171875 0.450146627566 0.041015625 0.0576735092864
0 0.859375 0.576735092864 0.046875 0.0684261974585
0 0.7939453125 0.626588465298 0.044921875 0.0645161290323
0 0.7451171875 0.496089931574 0.02734375 0.0361681329423
0 0.7548828125 0.589442815249 0.03515625 0.058651026393
0 0.85400390625 0.487292277615 0.0302734375 0.0557184750733
0 0.42041015625 0.454545454545 0.0263671875 0.0332355816227
