0 0.13623046875 0.3564453125 0.0615234375 0.064453125
0 0.24072265625 0.3427734375 0.0458984375 0.0546875
0 0.07763671875 0.46435546875 0.0576171875 0.0576171875
0 0.0830078125 0.71923828125 0.0703125 0.0712890625
0 0.2900390625 0.6240234375 0.0625 0.078125
0 0.404296875 0.63330078125 0.0703125 0.0654296875
0 0.240234375 0.41650390625 0.06640625 0.0732421875
0 0.33544921875 0.48095703125 0.0537109375 0.0693359375
0 0.39111328125 0.421875 0.0498046875 0.052734375
0 0.390625 0.34765625 0.05078125 0.048828125
0 0.42236328125 0.26416015625 0.0517578125 0.0517578125
0 0.52197265625 0.38330078125 0.0654296875 0.0791015625
0 0.5771484375 0.51318359375 0.0546875 0.0595703125
0 0.6494140625 0.3251953125 0.05078125 0.07421875
0 0.9130859375 0.36962890625 0.064453125 0.0673828125
0 0.89892578125 0.24951171875 0.0400390625 0.0615234375
0 0.76416015625 0.65625 0.0673828125 0.07421875
0 0.74853515625 0.45556640625 0.0654296875 0.0849609375
0 0.6708984375 0.42431640625 0.056640625 0.0732421875
0 0.5205078125 0.29345703125 0.044921875 0.0615234375
0 0.50146484375 0.62353515625 0.0576171875 0.0673828125
