0 0.0966796875 0.38037109375 0.09375 0.0908203125
0 0.32421875 0.39599609375 0.099609375 0.1162109375
0 0.46728515625 0.5302734375 0.0908203125 0.09765625
0 0.5732421875 0.57080078125 0.1015625 0.1005859375
0 0.68701171875 0.5625 0.1240234375 0.119140625
0 0.869140625 0.52685546875 0.146484375 0.1455078125
0 0.64501953125 0.4072265625 0.0712890625 0.08203125
0 0.544921875 0.4638671875 0.072265625 0.07421875
0 0.47021484375 0.37890625 0.0537109375 0.060546875
0 0.59716796875 0.43701171875 0.0537109375 0.0615234375
0 0.73046875 0.43408203125 0.029296875 0.0283203125
0 0.79052734375 0.42138671875 0.0751953125 0.0791015625
0 0.58251953125 0.392578125 0.0419921875 0.044921875
0 0.38525390625 0.44580078125 0.0654296875 0.0673828125
0 0.982421875 0.4755859375 0.03515625 0.083984375
0 0.04345703125 0.41650390625 0.0654296875 0.0849609375
0 0.71923828125 0.42919921875 0.0322265625 0.0361328125
