0 0.77197265625 0.436950146628 0.0419921875 0.0449657869013
0 0.6767578125 0.354349951124 0.037109375 0.0400782013685
0 0.66796875 0.453567937439 0.03515625 0.0410557184751
0 0.6875 0.447214076246 0.025390625 0.0342130987292
0 0.58837890625 0.407135874878 0.0361328125 0.0420332355816
0 0.51416015625 0.401759530792 0.0341796875 0.0410557184751
0 0.47900390625 0.436950146628 0.0341796875 0.039100684262
0 0.4326171875 0.425219941349 0.02734375 0.0351906158358
0 0.3837890625 0.421309872923 0.037109375 0.0371456500489
0 0.3310546875 0.38954056696 0.029296875 0.0381231671554
0 0.29443359375 0.417399804497 0.0419921875 0.0469208211144
0 0.24609375 0.401270772239 0.0390625 0.0459433040078
0 0.1767578125 0.289833822092 0.056640625 0.0733137829912
