0 0.676311728395 0.769290123457 0.202932098765 0.243827160494
0 0.56712962963 0.500385802469 0.132716049383 0.209104938272
0 0.211805555556 0.60262345679 0.14274691358 0.199074074074
0 0.29475308642 0.40162037037 0.118827160494 0.159722222222
0 0.398533950617 0.257716049383 0.0918209876543 0.125
0 0.689043209877 0.355709876543 0.111111111111 0.177469135802
0 0.720679012346 0.231481481481 0.103395061728 0.103395061728
0 0.508487654321 0.12962962963 0.0895061728395 0.118827160494
0 0.590663580247 0.191358024691 0.0779320987654 0.0972222222222
0 0.271990740741 0.165895061728 0.0841049382716 0.117283950617
0 0.412037037037 0.091049382716 0.0679012345679 0.0802469135802
