0 0.70361328125 0.2744140625 0.0322265625 0.0390625
0 0.79541015625 0.466796875 0.0224609375 0.033203125
0 0.6396484375 0.470703125 0.025390625 0.029296875
0 0.46923828125 0.31787109375 0.0283203125 0.0322265625
0 0.45361328125 0.5 0.0341796875 0.03125
0 0.35107421875 0.47900390625 0.0302734375 0.0341796875
0 0.40869140625 0.4697265625 0.0224609375 0.02734375
0 0.18115234375 0.36181640625 0.0302734375 0.0341796875
0 0.1279296875 0.46240234375 0.033203125 0.0322265625
0 0.2177734375 0.4873046875 0.021484375 0.029296875
0 0.09521484375 0.5390625 0.0302734375 0.04296875
0 0.4580078125 0.68603515625 0.05859375 0.0615234375
0 0.1611328125 0.7177734375 0.03125 0.06640625
