0 0.580078125 0.320625610948 0.0546875 0.0684261974585
0 0.67578125 0.285434995112 0.03125 0.0332355816227
0 0.64501953125 0.292766373412 0.0263671875 0.030303030303
0 0.55419921875 0.289833822092 0.0380859375 0.0420332355816
0 0.93798828125 0.287878787879 0.0498046875 0.0596285434995
0 0.9814453125 0.285434995112 0.03515625 0.0469208211144
0 0.150390625 0.269794721408 0.0234375 0.0273704789834
0 0.4921875 0.24780058651 0.0234375 0.0263929618768
0 0.36669921875 0.337732160313 0.0517578125 0.0654936461388
0 0.28125 0.335288367546 0.0546875 0.0664711632454
0 0.23193359375 0.311827956989 0.0498046875 0.0547409579668
0 0.07177734375 0.326490713587 0.0478515625 0.0527859237537
0 0.126953125 0.30303030303 0.03515625 0.039100684262
0 0.048828125 0.300586510264 0.0390625 0.049853372434
0 0.26953125 0.279569892473 0.041015625 0.0508308895406
0 0.38525390625 0.261974584555 0.0283203125 0.0293255131965
0 0.42626953125 0.306451612903 0.0341796875 0.0439882697947
0 0.4423828125 0.269305962854 0.03125 0.0381231671554
0 0.49072265625 0.324535679374 0.0458984375 0.0547409579668
0 0.869140625 0.290322580645 0.02734375 0.039100684262
0 0.90380859375 0.260019550342 0.0224609375 0.0293255131965
0 0.63037109375 0.265395894428 0.0263671875 0.0263929618768
0 0.59912109375 0.260997067449 0.0224609375 0.0293255131965
0 0.01416015625 0.302052785924 0.0283203125 0.039100684262
0 0.19873046875 0.308406647116 0.0361328125 0.0537634408602
0 0.31787109375 0.289833822092 0.0380859375 0.0537634408602
0 0.71630859375 0.273704789834 0.0400390625 0.0488758553275
