0 0.619140625 0.42082111437 0.056640625 0.0791788856305
0 0.6171875 0.553274682307 0.0625 0.0762463343109
0 0.71728515625 0.564027370479 0.0654296875 0.0918866080156
0 0.79248046875 0.518572825024 0.0498046875 0.0674486803519
0 0.494140625 0.57917888563 0.060546875 0.0830889540567
0 0.435546875 0.536168132942 0.052734375 0.0713587487781
0 0.48681640625 0.487781036168 0.0458984375 0.058651026393
0 0.35546875 0.472140762463 0.044921875 0.0625610948192
0 0.06689453125 0.55522971652 0.0517578125 0.0664711632454
0 0.1494140625 0.52834799609 0.046875 0.0635386119257
0 0.22509765625 0.531769305963 0.0556640625 0.0762463343109
0 0.30615234375 0.535679374389 0.0498046875 0.0742913000978
