0 0.1435546875 0.313782991202 0.0234375 0.0273704789834
0 0.1044921875 0.352883675464 0.029296875 0.0332355816227
0 0.1826171875 0.376344086022 0.025390625 0.0312805474096
0 0.2138671875 0.355816226784 0.021484375 0.0273704789834
0 0.291015625 0.336265884653 0.0234375 0.0254154447703
0 0.3671875 0.365591397849 0.0234375 0.0293255131965
0 0.4111328125 0.387096774194 0.0234375 0.0332355816227
0 0.4404296875 0.32991202346 0.021484375 0.0283479960899
0 0.474609375 0.393939393939 0.0234375 0.0293255131965
0 0.396484375 0.434995112414 0.025390625 0.0312805474096
0 0.31640625 0.451612903226 0.025390625 0.0351906158358
0 0.26513671875 0.384164222874 0.0244140625 0.0312805474096
0 0.23876953125 0.460899315738 0.0263671875 0.0322580645161
0 0.32666015625 0.400782013685 0.0224609375 0.0293255131965
0 0.15869140625 0.459433040078 0.0263671875 0.0351906158358
0 0.142578125 0.50293255132 0.03125 0.0361681329423
0 0.330078125 0.518572825024 0.02734375 0.0361681329423
0 0.4169921875 0.527370478983 0.03125 0.0342130987292
0 0.23388671875 0.524926686217 0.0283203125 0.039100684262
0 0.056640625 0.489736070381 0.03125 0.0371456500489
0 0.58056640625 0.343597262952 0.0224609375 0.0244379276637
0 0.65185546875 0.359237536657 0.0205078125 0.0263929618768
0 0.66748046875 0.387096774194 0.0244140625 0.0312805474096
0 0.74755859375 0.395405669599 0.0244140625 0.0283479960899
0 0.7265625 0.331867057674 0.021484375 0.0244379276637
0 0.79248046875 0.44183773216 0.0244140625 0.0332355816227
0 0.58935546875 0.503910068426 0.0263671875 0.0361681329423
0 0.67431640625 0.514662756598 0.0283203125 0.0342130987292
0 0.68310546875 0.450635386119 0.0224609375 0.0293255131965
0 0.771484375 0.507331378299 0.025390625 0.0371456500489
0 0.87060546875 0.504887585533 0.0283203125 0.0342130987292
0 0.57470703125 0.459921798631 0.0244140625 0.0342130987292
0 0.49169921875 0.447214076246 0.0283203125 0.0322580645161
0 0.5029296875 0.540566959922 0.02734375 0.0371456500489
0 0.59033203125 0.389051808407 0.0244140625 0.0293255131965
0 0.5068359375 0.33284457478 0.0234375 0.0322580645161
