0 0.42529296875 0.495601173021 0.0458984375 0.0527859237537
0 0.9091796875 0.47311827957 0.03515625 0.0488758553275
0 0.787109375 0.618279569892 0.060546875 0.0772238514174
0 0.91357421875 0.342619745846 0.0341796875 0.0381231671554
0 0.962890625 0.480938416422 0.041015625 0.0508308895406
0 0.828125 0.437927663734 0.037109375 0.0488758553275
0 0.78564453125 0.406158357771 0.0341796875 0.0420332355816
0 0.046875 0.394428152493 0.046875 0.0537634408602
0 0.056640625 0.309872922776 0.037109375 0.0527859237537
0 0.2373046875 0.524926686217 0.05859375 0.0625610948192
0 0.048828125 0.709188660802 0.076171875 0.112414467253
0 0.2060546875 0.69110459433 0.064453125 0.0840664711632
0 0.478515625 0.551808406647 0.07421875 0.0791788856305
0 0.59521484375 0.554252199413 0.0673828125 0.0703812316716
0 0.65869140625 0.683284457478 0.0869140625 0.0860215053763
0 0.72802734375 0.645161290323 0.0712890625 0.0899315738025
0 0.171875 0.347018572825 0.041015625 0.0312805474096
0 0.66357421875 0.533724340176 0.0556640625 0.0703812316716
0 0.7177734375 0.479960899316 0.052734375 0.0703812316716
0 0.787109375 0.613880742913 0.060546875 0.0742913000978
0 0.63916015625 0.488758553275 0.0556640625 0.0527859237537
0 0.552734375 0.442326490714 0.044921875 0.0576735092864
0 0.53759765625 0.479960899316 0.0478515625 0.058651026393
0 0.70654296875 0.365591397849 0.0361328125 0.0410557184751
0 0.33984375 0.441348973607 0.044921875 0.0459433040078
0 0.35791015625 0.390029325513 0.0419921875 0.0488758553275
0 0.921875 0.430107526882 0.04296875 0.0566959921799
