0 0.06787109375 0.296875 0.0341796875 0.05078125
0 0.19677734375 0.2939453125 0.0322265625 0.04296875
0 0.2841796875 0.28955078125 0.03125 0.0419921875
0 0.46142578125 0.3486328125 0.0361328125 0.046875
0 0.79248046875 0.28173828125 0.0380859375 0.0537109375
0 0.88525390625 0.29833984375 0.0361328125 0.0537109375
0 0.8359375 0.3115234375 0.02734375 0.03515625
0 0.76318359375 0.294921875 0.0263671875 0.033203125
0 0.7080078125 0.28955078125 0.025390625 0.0361328125
0 0.97119140625 0.30322265625 0.0341796875 0.0498046875
