0 0.39013671875 0.450635386119 0.0244140625 0.0332355816227
0 0.39013671875 0.402248289345 0.0205078125 0.0263929618768
0 0.640625 0.394428152493 0.041015625 0.0400782013685
0 0.2666015625 0.406647116325 0.021484375 0.0254154447703
0 0.30908203125 0.391495601173 0.0205078125 0.0244379276637
0 0.41796875 0.437438905181 0.01953125 0.0283479960899
0 0.46142578125 0.411534701857 0.0224609375 0.0293255131965
0 0.51708984375 0.450635386119 0.0205078125 0.0273704789834
0 0.80810546875 0.419843597263 0.0224609375 0.0322580645161
0 0.7216796875 0.433040078201 0.021484375 0.0293255131965
0 0.6806640625 0.408113391984 0.01953125 0.0205278592375
