0 0.4912109375 0.38514173998 0.0234375 0.0312805474096
0 0.5361328125 0.392961876833 0.01953125 0.0293255131965
0 0.6220703125 0.488758553275 0.0234375 0.0273704789834
0 0.642578125 0.387585532747 0.025390625 0.0224828934506
0 0.4892578125 0.328445747801 0.0234375 0.0254154447703
0 0.0673828125 0.367546432063 0.01953125 0.0332355816227
0 0.74072265625 0.22091886608 0.0224609375 0.0254154447703
0 0.859375 0.154936461388 0.021484375 0.0283479960899
0 0.9638671875 0.169110459433 0.01953125 0.0254154447703
0 0.8837890625 0.310361681329 0.021484375 0.0283479960899
0 0.4765625 0.150537634409 0.01953125 0.0293255131965
0 0.67138671875 0.147605083089 0.0224609375 0.0273704789834
0 0.71875 0.14173998045 0.0234375 0.0215053763441
0 0.77685546875 0.139784946237 0.0205078125 0.019550342131
0 0.96923828125 0.717008797654 0.0263671875 0.0322580645161
0 0.58740234375 0.227761485826 0.0205078125 0.019550342131
0 0.3447265625 0.38514173998 0.021484375 0.0254154447703
0 0.53125 0.157380254154 0.025390625 0.0273704789834
