0 0.1435546875 0.49853372434 0.0234375 0.0293255131965
0 0.28955078125 0.537145650049 0.0205078125 0.0263929618768
0 0.43701171875 0.545454545455 0.0224609375 0.0312805474096
0 0.23486328125 0.67008797654 0.0244140625 0.030303030303
0 0.07958984375 0.698924731183 0.0205078125 0.0273704789834
0 0.10302734375 0.72531769306 0.0244140625 0.0312805474096
0 0.068359375 0.791300097752 0.021484375 0.0283479960899
0 0.5 0.373900293255 0.021484375 0.0263929618768
0 0.541015625 0.360703812317 0.01953125 0.0312805474096
0 0.65771484375 0.682795698925 0.0283203125 0.0244379276637
0 0.8974609375 0.27908113392 0.01953125 0.0283479960899
0 0.59521484375 0.456500488759 0.0205078125 0.0273704789834
