0 0.49072265625 0.62158203125 0.0478515625 0.0654296875
0 0.86083984375 0.3359375 0.0498046875 0.060546875
0 0.8037109375 0.2470703125 0.044921875 0.056640625
0 0.72119140625 0.23681640625 0.0439453125 0.0517578125
0 0.6328125 0.27783203125 0.046875 0.0556640625
0 0.4951171875 0.3232421875 0.046875 0.0625
0 0.58251953125 0.208984375 0.0380859375 0.05078125
0 0.44482421875 0.23876953125 0.0517578125 0.0498046875
0 0.35546875 0.24365234375 0.041015625 0.0537109375
0 0.35302734375 0.32763671875 0.0400390625 0.0615234375
0 0.22509765625 0.31494140625 0.0478515625 0.0556640625
0 0.10693359375 0.3203125 0.0537109375 0.064453125
