0 0.2265625 0.464320625611 0.064453125 0.0860215053763
0 0.26513671875 0.376344086022 0.0361328125 0.0430107526882
0 0.19677734375 0.313294232649 0.0341796875 0.0381231671554
0 0.29931640625 0.291788856305 0.0302734375 0.0439882697947
0 0.46484375 0.447214076246 0.052734375 0.0713587487781
0 0.47119140625 0.576735092864 0.0517578125 0.0840664711632
0 0.38720703125 0.640762463343 0.0654296875 0.112414467253
0 0.6005859375 0.58357771261 0.064453125 0.0840664711632
0 0.69287109375 0.590909090909 0.0693359375 0.0967741935484
0 0.46435546875 0.36265884653 0.0458984375 0.0606060606061
0 0.40380859375 0.325024437928 0.0341796875 0.0478983382209
0 0.32275390625 0.412512218964 0.0439453125 0.0645161290323
0 0.71435546875 0.3880742913 0.0537109375 0.0606060606061
0 0.72412109375 0.330400782014 0.0439453125 0.0488758553275
0 0.72412109375 0.362170087977 0.0400390625 0.0537634408602
0 0.5615234375 0.532258064516 0.041015625 0.0557184750733
0 0.41162109375 0.605083088954 0.0439453125 0.0938416422287
0 0.39697265625 0.505865102639 0.0556640625 0.0674486803519
0 0.3115234375 0.49853372434 0.037109375 0.058651026393
0 0.5498046875 0.432551319648 0.04296875 0.0635386119257
0 0.54541015625 0.232649071359 0.0361328125 0.0547409579668
0 0.42138671875 0.239491691105 0.0322265625 0.0430107526882
0 0.53466796875 0.33284457478 0.0263671875 0.049853372434
0 0.8544921875 0.4477028348 0.05078125 0.0664711632454
0 0.86083984375 0.338220918866 0.0361328125 0.0566959921799
0 0.90185546875 0.305474095797 0.0341796875 0.049853372434
0 0.6904296875 0.467741935484 0.06640625 0.0713587487781
0 0.58642578125 0.336754643206 0.0322265625 0.0478983382209
0 0.69921875 0.227761485826 0.03515625 0.0449657869013
0 0.5830078125 0.19550342131 0.0234375 0.0371456500489
0 0.59619140625 0.226783968719 0.0205078125 0.0351906158358
0 0.65380859375 0.217497556207 0.0263671875 0.0400782013685
0 0.4970703125 0.180351906158 0.02734375 0.0283479960899
0 0.3603515625 0.178885630499 0.025390625 0.0254154447703
0 0.36572265625 0.260997067449 0.0244140625 0.0410557184751
0 0.873046875 0.237536656891 0.029296875 0.0508308895406
0 0.8935546875 0.233137829912 0.02734375 0.0478983382209
0 0.7646484375 0.605083088954 0.0625 0.0860215053763
0 0.02490234375 0.692082111437 0.0498046875 0.080156402737
0 0.02490234375 0.792766373412 0.0498046875 0.0821114369501
0 0.10205078125 0.769305962854 0.0771484375 0.080156402737
0 0.4375 0.800097751711 0.05859375 0.0674486803519
0 0.6962890625 0.789345063539 0.08203125 0.088954056696
0 0.61376953125 0.731182795699 0.0556640625 0.0879765395894
0 0.8408203125 0.800097751711 0.0703125 0.0674486803519
0 0.97412109375 0.752688172043 0.0517578125 0.105571847507
0 0.9677734375 0.654447702835 0.060546875 0.0830889540567
0 0.97314453125 0.559139784946 0.0537109375 0.0899315738025
0 0.96875 0.489247311828 0.0625 0.0830889540567
0 0.0830078125 0.460899315738 0.05078125 0.0654936461388
0 0.2255859375 0.245356793744 0.02734375 0.039100684262
0 0.29443359375 0.244868035191 0.0322265625 0.0361681329423
0 0.265625 0.192082111437 0.01953125 0.0381231671554
0 0.16259765625 0.208211143695 0.0283203125 0.0410557184751
0 0.14306640625 0.252688172043 0.0322265625 0.0400782013685
0 0.0869140625 0.282502443793 0.03125 0.0508308895406
0 0.0390625 0.39247311828 0.046875 0.0557184750733
0 0.0791015625 0.229716520039 0.03125 0.0371456500489
0 0.099609375 0.179863147605 0.0234375 0.0273704789834
0 0.1396484375 0.217986314761 0.0234375 0.0351906158358
0 0.34814453125 0.33284457478 0.0244140625 0.0518084066471
0 0.041015625 0.186705767351 0.029296875 0.0293255131965
0 0.0634765625 0.334799608993 0.048828125 0.0459433040078
0 0.10498046875 0.375366568915 0.0302734375 0.0508308895406
0 0.90234375 0.385630498534 0.0546875 0.0615835777126
0 0.68359375 0.217986314761 0.037109375 0.0449657869013
0 0.7353515625 0.258064516129 0.037109375 0.0410557184751
0 0.4150390625 0.813782991202 0.056640625 0.0400782013685
