0 0.8671875 0.316226783969 0.025390625 0.0361681329423
0 0.74072265625 0.320136852395 0.0361328125 0.0459433040078
0 0.5341796875 0.324046920821 0.03515625 0.0400782013685
0 0.54345703125 0.271260997067 0.0244140625 0.0342130987292
0 0.4267578125 0.383186705767 0.033203125 0.0449657869013
0 0.30322265625 0.41348973607 0.0380859375 0.0410557184751
0 0.12890625 0.373900293255 0.033203125 0.0459433040078
0 0.935546875 0.47311827957 0.029296875 0.0410557184751
0 0.97265625 0.399804496579 0.0390625 0.0547409579668
0 0.501953125 0.47605083089 0.03125 0.0449657869013
0 0.17431640625 0.289833822092 0.0263671875 0.0361681329423
0 0.03857421875 0.209677419355 0.0205078125 0.0283479960899
0 0.0107421875 0.437927663734 0.021484375 0.0351906158358
