0 0.58447265625 0.35826001955 0.0771484375 0.100684261975
0 0.38720703125 0.256109481916 0.0283203125 0.0351906158358
0 0.7138671875 0.292766373412 0.044921875 0.0635386119257
0 0.814453125 0.282502443793 0.02734375 0.0312805474096
0 0.90966796875 0.316715542522 0.0322265625 0.0430107526882
0 0.330078125 0.261974584555 0.0234375 0.0312805474096
0 0.623046875 0.275171065494 0.03125 0.0381231671554
0 0.97314453125 0.274193548387 0.0283203125 0.0342130987292
0 0.7138671875 0.241935483871 0.0234375 0.0283479960899
0 0.947265625 0.267350928641 0.021484375 0.030303030303
