0 0.9072265625 0.3369140625 0.037109375 0.044921875
0 0.83544921875 0.29736328125 0.0322265625 0.0439453125
0 0.66064453125 0.28662109375 0.0380859375 0.0537109375
0 0.4677734375 0.30908203125 0.029296875 0.0419921875
0 0.62890625 0.28369140625 0.029296875 0.0419921875
0 0.083984375 0.30322265625 0.02734375 0.0361328125
0 0.16357421875 0.29150390625 0.0224609375 0.0283203125
0 0.255859375 0.29931640625 0.03125 0.0283203125
0 0.28466796875 0.2978515625 0.0283203125 0.041015625
0 0.06591796875 0.3115234375 0.0224609375 0.029296875
