0 0.61474609375 0.2490234375 0.0537109375 0.0703125
0 0.7451171875 0.28759765625 0.037109375 0.0439453125
0 0.826171875 0.2529296875 0.0234375 0.02734375
0 0.57666015625 0.33349609375 0.0244140625 0.0244140625
0 0.85595703125 0.2666015625 0.0341796875 0.041015625
0 0.8125 0.28564453125 0.02734375 0.0361328125
0 0.07470703125 0.345703125 0.0322265625 0.044921875
0 0.3017578125 0.31396484375 0.02734375 0.0322265625
0 0.4306640625 0.32568359375 0.021484375 0.0361328125
0 0.44873046875 0.306640625 0.0263671875 0.02734375
0 0.251953125 0.35302734375 0.025390625 0.0361328125
0 0.3486328125 0.33349609375 0.02734375 0.0341796875
0 0.1923828125 0.345703125 0.01953125 0.02734375
