0 0.404296875 0.423828125 0.03125 0.03515625
0 0.50048828125 0.4228515625 0.0322265625 0.04296875
0 0.5966796875 0.40771484375 0.033203125 0.0439453125
0 0.10009765625 0.2939453125 0.0517578125 0.06640625
0 0.1962890625 0.35400390625 0.03515625 0.0712890625
0 0.33935546875 0.3583984375 0.0341796875 0.046875
0 0.455078125 0.2265625 0.01953125 0.029296875
0 0.4560546875 0.3203125 0.01953125 0.029296875
0 0.92138671875 0.2841796875 0.0263671875 0.037109375
0 0.70166015625 0.3447265625 0.0439453125 0.060546875
0 0.38427734375 0.3466796875 0.0224609375 0.03125
