0 0.49609375 0.5908203125 0.037109375 0.056640625
0 0.666015625 0.6298828125 0.041015625 0.056640625
0 0.9287109375 0.62451171875 0.05859375 0.0634765625
0 0.962890625 0.57958984375 0.01953125 0.0341796875
0 0.91650390625 0.57177734375 0.0283203125 0.0341796875
0 0.7763671875 0.5537109375 0.021484375 0.025390625
0 0.2880859375 0.6279296875 0.03515625 0.04296875
0 0.35302734375 0.658203125 0.0478515625 0.064453125
0 0.40625 0.59716796875 0.02734375 0.0400390625
0 0.12109375 0.671875 0.02734375 0.044921875
0 0.1474609375 0.666015625 0.01953125 0.04296875
0 0.07763671875 0.646484375 0.0380859375 0.0390625
0 0.26953125 0.6396484375 0.021484375 0.033203125
0 0.8056640625 0.60107421875 0.021484375 0.0361328125
0 0.6552734375 0.6142578125 0.033203125 0.048828125
