0 0.248046875 0.509765625 0.033203125 0.046875
0 0.28857421875 0.40869140625 0.0283203125 0.0400390625
0 0.35498046875 0.5048828125 0.0302734375 0.041015625
0 0.40087890625 0.4248046875 0.0263671875 0.0390625
0 0.51025390625 0.43359375 0.0283203125 0.04296875
0 0.48486328125 0.50830078125 0.0263671875 0.0458984375
0 0.607421875 0.4306640625 0.029296875 0.041015625
0 0.65576171875 0.51806640625 0.0283203125 0.0458984375
0 0.76513671875 0.53857421875 0.0322265625 0.0439453125
0 0.77783203125 0.42431640625 0.0302734375 0.0439453125
