0 0.06787109375 0.3779296875 0.0322265625 0.0390625
0 0.12841796875 0.3994140625 0.0302734375 0.0390625
0 0.18212890625 0.38671875 0.0283203125 0.03515625
0 0.234375 0.39697265625 0.025390625 0.0341796875
0 0.26708984375 0.3759765625 0.0263671875 0.04296875
0 0.3134765625 0.38623046875 0.025390625 0.0341796875
0 0.35205078125 0.39013671875 0.0244140625 0.0322265625
0 0.37939453125 0.3837890625 0.0244140625 0.033203125
0 0.4130859375 0.3828125 0.029296875 0.044921875
0 0.7900390625 0.42138671875 0.025390625 0.0302734375
0 0.8037109375 0.39111328125 0.0234375 0.0322265625
0 0.4345703125 0.39501953125 0.0234375 0.0322265625
0 0.8349609375 0.3857421875 0.033203125 0.041015625
0 0.9111328125 0.4130859375 0.029296875 0.03515625
0 0.857421875 0.4013671875 0.021484375 0.025390625
0 0.45751953125 0.3671875 0.0224609375 0.033203125
0 0.486328125 0.38525390625 0.02734375 0.0380859375
0 0.544921875 0.375 0.025390625 0.033203125
0 0.57373046875 0.3828125 0.0244140625 0.029296875
0 0.5859375 0.40625 0.025390625 0.03515625
0 0.6162109375 0.390625 0.025390625 0.03515625
0 0.63916015625 0.39892578125 0.0205078125 0.0244140625
0 0.6708984375 0.3984375 0.02734375 0.03515625
0 0.703125 0.3974609375 0.02734375 0.033203125
0 0.744140625 0.4208984375 0.025390625 0.03515625
0 0.767578125 0.39892578125 0.025390625 0.0322265625
