0 0.13818359375 0.4404296875 0.0400390625 0.05078125
0 0.22119140625 0.4501953125 0.0419921875 0.05078125
0 0.30859375 0.439453125 0.04296875 0.052734375
0 0.38427734375 0.4091796875 0.0361328125 0.048828125
0 0.43408203125 0.46142578125 0.0380859375 0.0458984375
0 0.5205078125 0.462890625 0.03515625 0.04296875
0 0.556640625 0.4208984375 0.03125 0.037109375
0 0.60546875 0.455078125 0.041015625 0.046875
0 0.68359375 0.4189453125 0.041015625 0.048828125
0 0.77001953125 0.4296875 0.0439453125 0.052734375
0 0.8818359375 0.45166015625 0.044921875 0.0537109375
