0 0.2197265625 0.37890625 0.06640625 0.0859375
0 0.3701171875 0.4091796875 0.068359375 0.08984375
0 0.5068359375 0.32373046875 0.078125 0.0947265625
0 0.41455078125 0.26904296875 0.0654296875 0.0830078125
0 0.06005859375 0.17919921875 0.0615234375 0.0693359375
0 0.18359375 0.22412109375 0.0546875 0.0654296875
0 0.30126953125 0.24853515625 0.0693359375 0.0751953125
0 0.56396484375 0.3125 0.0478515625 0.07421875
0 0.71826171875 0.34033203125 0.0673828125 0.0888671875
0 0.85302734375 0.357421875 0.0615234375 0.072265625
0 0.0751953125 0.361328125 0.0625 0.080078125
