0 0.57373046875 0.409090909091 0.0322265625 0.0459433040078
0 0.1240234375 0.284457478006 0.01953125 0.0254154447703
0 0.09716796875 0.356793743891 0.0205078125 0.0234604105572
0 0.15087890625 0.35826001955 0.0244140625 0.0283479960899
0 0.15478515625 0.404692082111 0.0263671875 0.0234604105572
0 0.2373046875 0.399315738025 0.021484375 0.0263929618768
0 0.271484375 0.280058651026 0.0234375 0.0263929618768
0 0.03466796875 0.374877810362 0.0263671875 0.030303030303
0 0.48291015625 0.259042033236 0.0322265625 0.0449657869013
0 0.58740234375 0.275659824047 0.0224609375 0.0234604105572
0 0.603515625 0.307917888563 0.0234375 0.0273704789834
0 0.82861328125 0.319159335288 0.0361328125 0.0439882697947
0 0.9228515625 0.28054740958 0.033203125 0.0449657869013
