0 0.58447265625 0.66275659824 0.1103515625 0.134897360704
0 0.8076171875 0.312316715543 0.048828125 0.0537634408602
0 0.8974609375 0.284946236559 0.0390625 0.049853372434
0 0.76416015625 0.22238514174 0.0400390625 0.0518084066471
0 0.5458984375 0.358748778104 0.09765625 0.0879765395894
0 0.49560546875 0.278103616813 0.0771484375 0.0967741935484
0 0.29248046875 0.365591397849 0.0380859375 0.0312805474096
0 0.3466796875 0.258064516129 0.021484375 0.0273704789834
0 0.18115234375 0.310850439883 0.0400390625 0.039100684262
0 0.03173828125 0.334799608993 0.0263671875 0.139784946237
