0 0.9609375 0.213098729228 0.025390625 0.0449657869013
0 0.2099609375 0.368035190616 0.044921875 0.049853372434
0 0.6328125 0.309872922776 0.041015625 0.0684261974585
0 0.48876953125 0.228739002933 0.0205078125 0.0273704789834
0 0.70166015625 0.264418377322 0.0283203125 0.0361681329423
0 0.818359375 0.216031280547 0.01953125 0.0332355816227
0 0.37646484375 0.327956989247 0.0400390625 0.0478983382209
0 0.44287109375 0.367057673509 0.1220703125 0.147605083089
0 0.1748046875 0.428152492669 0.0390625 0.0703812316716
0 0.06005859375 0.342130987292 0.0244140625 0.0293255131965
0 0.17724609375 0.298142717498 0.0205078125 0.0332355816227
0 0.25048828125 0.300097751711 0.0224609375 0.0371456500489
