0 0.213181148748 0.44293078056 0.0478645066274 0.0567010309278
0 0.237113402062 0.424889543446 0.0515463917526 0.0589101620029
0 0.337260677467 0.432989690722 0.0382916053019 0.0500736377025
0 0.374815905744 0.434830633284 0.0427098674521 0.0434462444772
0 0.433726067747 0.453608247423 0.0353460972018 0.0515463917526
0 0.510309278351 0.446244477172 0.0382916053019 0.0530191458027
0 0.592783505155 0.415684830633 0.0427098674521 0.0552282768778
0 0.735272459499 0.402430044183 0.0434462444772 0.0552282768778
0 0.754050073638 0.426730486009 0.0353460972018 0.0552282768778
0 0.846833578792 0.44293078056 0.0412371134021 0.0449189985272
