0 0.81103515625 0.44330400782 0.0322265625 0.0361681329423
0 0.73388671875 0.426686217009 0.0302734375 0.0342130987292
0 0.66650390625 0.442815249267 0.0283203125 0.0273704789834
0 0.63671875 0.425219941349 0.02734375 0.0332355816227
0 0.56201171875 0.448191593353 0.0283203125 0.0342130987292
0 0.56884765625 0.409579667644 0.0263671875 0.0312805474096
0 0.50439453125 0.44477028348 0.0322265625 0.0351906158358
0 0.46875 0.412512218964 0.02734375 0.0332355816227
0 0.40966796875 0.429618768328 0.0263671875 0.030303030303
0 0.34130859375 0.432551319648 0.0283203125 0.0342130987292
