0 0.1318359375 0.41455078125 0.0390625 0.0517578125
0 0.2578125 0.42431640625 0.037109375 0.0478515625
0 0.34814453125 0.439453125 0.0380859375 0.041015625
0 0.4404296875 0.43896484375 0.03515625 0.0419921875
0 0.51806640625 0.44580078125 0.0283203125 0.0380859375
0 0.564453125 0.43310546875 0.02734375 0.0322265625
0 0.6142578125 0.4453125 0.03125 0.041015625
0 0.6806640625 0.4345703125 0.029296875 0.03515625
0 0.78173828125 0.43603515625 0.0361328125 0.0322265625
0 0.85986328125 0.4228515625 0.0341796875 0.03515625
