0 0.38175270108 0.0858343337335 0.0456182472989 0.0648259303721
0 0.783013205282 0.490096038415 0.03181272509 0.0402160864346
0 0.271908763505 0.491596638655 0.0396158463385 0.0456182472989
0 0.256302521008 0.52881152461 0.0432172869148 0.0372148859544
0 0.263205282113 0.571428571429 0.0450180072029 0.0504201680672
0 0.355342136855 0.493097238896 0.0300120048019 0.0378151260504
0 0.379651860744 0.544117647059 0.0426170468187 0.0570228091236
0 0.425270108043 0.519507803121 0.0366146458583 0.0402160864346
0 0.428571428571 0.481392557023 0.0288115246098 0.0360144057623
0 0.520708283313 0.507803121248 0.03181272509 0.0456182472989
0 0.596338535414 0.578031212485 0.0330132052821 0.0396158463385
0 0.61974789916 0.484693877551 0.03181272509 0.0390156062425
0 0.697779111645 0.503601440576 0.0390156062425 0.0516206482593
0 0.72268907563 0.490096038415 0.0276110444178 0.0402160864346
