0 0.0263671875 0.3271484375 0.02734375 0.033203125
0 0.11572265625 0.310546875 0.0224609375 0.02734375
0 0.1640625 0.27880859375 0.021484375 0.0283203125
0 0.14501953125 0.33740234375 0.0439453125 0.0458984375
0 0.2041015625 0.35302734375 0.03515625 0.0380859375
0 0.2265625 0.3125 0.021484375 0.029296875
0 0.3388671875 0.31103515625 0.046875 0.0615234375
0 0.40576171875 0.33837890625 0.0302734375 0.0439453125
0 0.5205078125 0.33349609375 0.0234375 0.0302734375
0 0.568359375 0.318359375 0.046875 0.064453125
0 0.52294921875 0.4599609375 0.0634765625 0.07421875
0 0.0751953125 0.4814453125 0.02734375 0.033203125
0 0.63671875 0.39404296875 0.044921875 0.0654296875
0 0.82666015625 0.4169921875 0.0439453125 0.072265625
0 0.654296875 0.31689453125 0.029296875 0.0458984375
0 0.84130859375 0.37890625 0.0380859375 0.048828125
0 0.833984375 0.3330078125 0.037109375 0.03515625
0 0.95361328125 0.40673828125 0.0419921875 0.0634765625
0 0.96875 0.3515625 0.03515625 0.041015625
0 0.85009765625 0.74755859375 0.0654296875 0.0751953125
0 0.8134765625 0.67138671875 0.05078125 0.0419921875
0 0.1142578125 0.28955078125 0.01953125 0.0224609375
0 0.29541015625 0.35205078125 0.0205078125 0.0302734375
