0 0.013671875 0.259765625 0.02734375 0.05078125
0 0.0830078125 0.26171875 0.037109375 0.037109375
0 0.177734375 0.27392578125 0.04296875 0.0458984375
0 0.23779296875 0.2568359375 0.0380859375 0.0390625
0 0.2470703125 0.39599609375 0.076171875 0.0986328125
0 0.466796875 0.27734375 0.078125 0.115234375
0 0.6640625 0.341796875 0.05859375 0.095703125
0 0.80419921875 0.21484375 0.0537109375 0.056640625
0 0.5947265625 0.2841796875 0.046875 0.052734375
0 0.68603515625 0.23583984375 0.0400390625 0.0439453125
0 0.7373046875 0.2763671875 0.044921875 0.041015625
0 0.896484375 0.23388671875 0.04296875 0.0419921875
0 0.95361328125 0.23974609375 0.0302734375 0.0302734375
0 0.41064453125 0.25927734375 0.0322265625 0.0361328125
