0 0.49169921875 0.2529296875 0.0283203125 0.046875
0 0.568359375 0.24658203125 0.01953125 0.0322265625
0 0.63330078125 0.27685546875 0.0244140625 0.0419921875
0 0.59619140625 0.341796875 0.0302734375 0.04296875
0 0.70751953125 0.3330078125 0.0244140625 0.03515625
0 0.73876953125 0.2822265625 0.0244140625 0.046875
0 0.76220703125 0.23583984375 0.0224609375 0.0244140625
0 0.810546875 0.33984375 0.02734375 0.044921875
0 0.8681640625 0.29296875 0.025390625 0.046875
0 0.9482421875 0.30322265625 0.0234375 0.0380859375
0 0.9345703125 0.36181640625 0.03125 0.0283203125
0 0.18359375 0.3154296875 0.111328125 0.07421875
0 0.23095703125 0.23974609375 0.0400390625 0.0400390625
0 0.08935546875 0.25927734375 0.0263671875 0.0322265625
0 0.05224609375 0.30615234375 0.0302734375 0.0419921875
0 0.498046875 0.3388671875 0.0234375 0.033203125
