0 0.01904296875 0.28662109375 0.0361328125 0.0517578125
0 0.0517578125 0.2802734375 0.0234375 0.033203125
0 0.06640625 0.24951171875 0.037109375 0.0419921875
0 0.19970703125 0.29541015625 0.0400390625 0.0458984375
0 0.14111328125 0.314453125 0.0341796875 0.03515625
0 0.09130859375 0.34130859375 0.0478515625 0.0322265625
0 0.11474609375 0.3896484375 0.0478515625 0.048828125
0 0.25439453125 0.34375 0.0419921875 0.060546875
0 0.29736328125 0.32177734375 0.0341796875 0.0439453125
0 0.26416015625 0.2734375 0.0361328125 0.041015625
0 0.39892578125 0.2529296875 0.0341796875 0.0390625
0 0.43359375 0.25244140625 0.03125 0.0341796875
0 0.48095703125 0.26513671875 0.0244140625 0.0400390625
0 0.51904296875 0.29248046875 0.0439453125 0.0478515625
0 0.49609375 0.37158203125 0.044921875 0.0634765625
0 0.3916015625 0.33251953125 0.04296875 0.0400390625
0 0.37548828125 0.384765625 0.0439453125 0.064453125
0 0.6162109375 0.25 0.04296875 0.048828125
0 0.6708984375 0.31298828125 0.046875 0.0419921875
0 0.794921875 0.21484375 0.04296875 0.056640625
0 0.88427734375 0.255859375 0.0380859375 0.037109375
0 0.75 0.33349609375 0.0390625 0.0419921875
0 0.81396484375 0.32421875 0.0458984375 0.0390625
0 0.87646484375 0.3193359375 0.0419921875 0.05859375
0 0.77392578125 0.39404296875 0.0458984375 0.0576171875
0 0.6572265625 0.4384765625 0.044921875 0.0234375
0 0.91552734375 0.2236328125 0.0283203125 0.05078125
0 0.3349609375 0.2822265625 0.029296875 0.03515625
0 0.1650390625 0.26416015625 0.0234375 0.0361328125
0 0.9814453125 0.33056640625 0.03125 0.0439453125
