0 0.0517578125 0.244140625 0.044921875 0.06640625
0 0.27392578125 0.263671875 0.0380859375 0.056640625
0 0.240234375 0.2919921875 0.021484375 0.0390625
0 0.34033203125 0.2724609375 0.0283203125 0.0390625
0 0.37451171875 0.29248046875 0.0283203125 0.0400390625
0 0.4365234375 0.25341796875 0.0390625 0.0556640625
0 0.48486328125 0.27001953125 0.0322265625 0.0439453125
0 0.46484375 0.23779296875 0.021484375 0.0517578125
0 0.5537109375 0.26025390625 0.044921875 0.0654296875
0 0.5947265625 0.2275390625 0.03515625 0.052734375
0 0.76708984375 0.166015625 0.0556640625 0.08984375
0 0.90380859375 0.23583984375 0.0380859375 0.0517578125
