0 0.85888671875 0.332355816227 0.0458984375 0.0664711632454
0 0.76513671875 0.283479960899 0.0498046875 0.0684261974585
0 0.43115234375 0.27468230694 0.0361328125 0.0469208211144
0 0.23681640625 0.296187683284 0.0439453125 0.0606060606061
0 0.27685546875 0.293255131965 0.0322265625 0.0547409579668
0 0.3291015625 0.291788856305 0.021484375 0.0322580645161
0 0.3642578125 0.299120234604 0.037109375 0.0566959921799
0 0.4140625 0.312805474096 0.04296875 0.0606060606061
0 0.533203125 0.346041055718 0.037109375 0.0449657869013
0 0.6337890625 0.313782991202 0.041015625 0.0606060606061
0 0.5400390625 0.238025415445 0.021484375 0.0224828934506
0 0.16943359375 0.313294232649 0.0400390625 0.0478983382209
0 0.48388671875 0.349951124145 0.0322265625 0.0351906158358
