0 0.05322265625 0.38514173998 0.0205078125 0.0273704789834
0 0.353515625 0.353861192571 0.01953125 0.0234604105572
0 0.224609375 0.405669599218 0.01953125 0.0273704789834
0 0.4921875 0.404203323558 0.01953125 0.0263929618768
0 0.16162109375 0.499511241447 0.0205078125 0.0273704789834
0 0.244140625 0.501955034213 0.01953125 0.0283479960899
0 0.32666015625 0.500977517107 0.0205078125 0.0263929618768
0 0.4052734375 0.502443792766 0.021484375 0.0293255131965
0 0.48388671875 0.504887585533 0.0224609375 0.0283479960899
0 0.548828125 0.297165200391 0.01953125 0.0254154447703
0 0.5400390625 0.351417399804 0.021484375 0.0263929618768
0 0.62646484375 0.348484848485 0.0205078125 0.030303030303
0 0.5673828125 0.501955034213 0.021484375 0.0322580645161
0 0.64453125 0.49853372434 0.021484375 0.0312805474096
0 0.703125 0.30596285435 0.01953125 0.0254154447703
0 0.7607421875 0.400293255132 0.021484375 0.0283479960899
0 0.779296875 0.350928641251 0.01953125 0.0273704789834
0 0.84765625 0.357282502444 0.01953125 0.0244379276637
0 0.80224609375 0.500488758553 0.0205078125 0.0312805474096
0 0.720703125 0.496578690127 0.021484375 0.0312805474096
