0 0.8564453125 0.494140625 0.03125 0.03515625
0 0.75390625 0.4833984375 0.033203125 0.0390625
0 0.642578125 0.47705078125 0.03125 0.0400390625
0 0.5537109375 0.4609375 0.02734375 0.0390625
0 0.4423828125 0.47119140625 0.033203125 0.0341796875
0 0.34521484375 0.462890625 0.0263671875 0.037109375
0 0.22802734375 0.46435546875 0.0263671875 0.0419921875
0 0.12451171875 0.4619140625 0.0302734375 0.041015625
0 0.07470703125 0.27197265625 0.0263671875 0.0400390625
0 0.142578125 0.3037109375 0.025390625 0.0390625
0 0.20947265625 0.2978515625 0.0244140625 0.037109375
0 0.30126953125 0.294921875 0.0283203125 0.0390625
0 0.35986328125 0.31005859375 0.0263671875 0.0341796875
0 0.44091796875 0.30078125 0.0263671875 0.0390625
0 0.5068359375 0.30126953125 0.025390625 0.0380859375
0 0.55419921875 0.3046875 0.0302734375 0.037109375
0 0.6142578125 0.3115234375 0.025390625 0.03125
0 0.6845703125 0.31201171875 0.029296875 0.0361328125
0 0.78564453125 0.31982421875 0.0302734375 0.0400390625
0 0.876953125 0.3193359375 0.029296875 0.04296875
