0 0.08935546875 0.3447265625 0.0458984375 0.056640625
0 0.10546875 0.41259765625 0.056640625 0.0712890625
0 0.19873046875 0.33251953125 0.0361328125 0.0458984375
0 0.2529296875 0.33642578125 0.044921875 0.0517578125
0 0.330078125 0.3837890625 0.0546875 0.0625
0 0.36474609375 0.3037109375 0.0400390625 0.048828125
0 0.43115234375 0.33544921875 0.0439453125 0.0537109375
0 0.5224609375 0.298828125 0.0390625 0.048828125
0 0.54052734375 0.3876953125 0.0556640625 0.0625
0 0.6015625 0.330078125 0.048828125 0.056640625
0 0.6767578125 0.287109375 0.037109375 0.048828125
0 0.73046875 0.36767578125 0.056640625 0.0673828125
0 0.7685546875 0.3212890625 0.044921875 0.0625
0 0.8330078125 0.28466796875 0.0390625 0.0439453125
0 0.9306640625 0.3779296875 0.056640625 0.0625
