0 0.1923828125 0.298142717498 0.029296875 0.0273704789834
0 0.28125 0.292766373412 0.025390625 0.0283479960899
0 0.37158203125 0.296187683284 0.0244140625 0.0293255131965
0 0.45361328125 0.293743890518 0.0263671875 0.0322580645161
0 0.54052734375 0.293743890518 0.0224609375 0.0263929618768
0 0.62841796875 0.299120234604 0.0263671875 0.0293255131965
0 0.12353515625 0.368523949169 0.0263671875 0.0312805474096
0 0.2197265625 0.355816226784 0.025390625 0.0273704789834
0 0.30908203125 0.356793743891 0.0244140625 0.0312805474096
0 0.40087890625 0.348973607038 0.0244140625 0.0312805474096
0 0.4990234375 0.354838709677 0.02734375 0.0293255131965
0 0.59814453125 0.348484848485 0.0244140625 0.0263929618768
0 0.1552734375 0.468230694037 0.029296875 0.0312805474096
0 0.2744140625 0.472629521017 0.02734375 0.0322580645161
0 0.3828125 0.466764418377 0.029296875 0.030303030303
0 0.49755859375 0.465298142717 0.0263671875 0.0332355816227
0 0.6103515625 0.462365591398 0.025390625 0.0332355816227
0 0.0986328125 0.557184750733 0.033203125 0.0332355816227
0 0.22998046875 0.569403714565 0.0302734375 0.0322580645161
0 0.36474609375 0.564027370479 0.0283203125 0.0332355816227
0 0.50048828125 0.567937438905 0.0283203125 0.0312805474096
0 0.625 0.565004887586 0.02734375 0.0351906158358
0 0.70361328125 0.296676441838 0.0263671875 0.0283479960899
0 0.7890625 0.293743890518 0.0234375 0.0263929618768
0 0.90283203125 0.353861192571 0.0263671875 0.0293255131965
0 0.79150390625 0.354349951124 0.0263671875 0.0283479960899
0 0.70458984375 0.353861192571 0.0283203125 0.0293255131965
0 0.732421875 0.464809384164 0.02734375 0.030303030303
0 0.85302734375 0.460410557185 0.0283203125 0.0332355816227
0 0.76318359375 0.553274682307 0.0302734375 0.0332355816227
0 0.88916015625 0.554740957967 0.0302734375 0.0322580645161
