0 0.0576171875 0.25439453125 0.033203125 0.0517578125
0 0.1455078125 0.314453125 0.029296875 0.0390625
0 0.23388671875 0.2509765625 0.0322265625 0.044921875
0 0.30859375 0.1953125 0.0234375 0.041015625
0 0.3779296875 0.20947265625 0.025390625 0.0322265625
0 0.4541015625 0.21923828125 0.029296875 0.0361328125
0 0.427734375 0.29248046875 0.029296875 0.0341796875
0 0.24755859375 0.40576171875 0.0517578125 0.0615234375
0 0.5869140625 0.38818359375 0.052734375 0.0751953125
0 0.67333984375 0.28857421875 0.0322265625 0.0419921875
0 0.68017578125 0.2236328125 0.0322265625 0.044921875
0 0.79052734375 0.29931640625 0.0283203125 0.0439453125
0 0.919921875 0.19091796875 0.029296875 0.0322265625
0 0.79833984375 0.17822265625 0.0302734375 0.0263671875
