0 0.880859375 0.3017578125 0.02734375 0.033203125
0 0.9140625 0.25244140625 0.01953125 0.0263671875
0 0.95166015625 0.19580078125 0.0263671875 0.0400390625
0 0.7412109375 0.2255859375 0.029296875 0.033203125
0 0.3798828125 0.1689453125 0.04296875 0.044921875
0 0.52783203125 0.17529296875 0.0283203125 0.0302734375
0 0.25537109375 0.19775390625 0.0263671875 0.0283203125
0 0.3154296875 0.19775390625 0.02734375 0.0380859375
0 0.23486328125 0.27197265625 0.0302734375 0.0341796875
0 0.19091796875 0.1884765625 0.0224609375 0.02734375
0 0.064453125 0.20654296875 0.02734375 0.0361328125
0 0.16845703125 0.2060546875 0.0263671875 0.03515625
0 0.35791015625 0.38232421875 0.0341796875 0.0458984375
0 0.28857421875 0.40185546875 0.0341796875 0.0419921875
0 0.220703125 0.39208984375 0.03125 0.0458984375
0 0.4462890625 0.17822265625 0.02734375 0.0380859375
