0 0.130859375 0.32991202346 0.033203125 0.0478983382209
0 0.2529296875 0.33431085044 0.037109375 0.0488758553275
0 0.36474609375 0.350928641251 0.0361328125 0.0469208211144
0 0.46484375 0.343108504399 0.03515625 0.0469208211144
0 0.52197265625 0.323069403715 0.0322265625 0.0459433040078
0 0.62841796875 0.322091886608 0.0322265625 0.0478983382209
0 0.73681640625 0.329423264907 0.0341796875 0.0469208211144
0 0.85107421875 0.340175953079 0.0361328125 0.0449657869013
0 0.18408203125 0.466764418377 0.0380859375 0.0576735092864
0 0.34033203125 0.469696969697 0.0419921875 0.0576735092864
0 0.50537109375 0.480449657869 0.0419921875 0.0576735092864
0 0.6552734375 0.461876832845 0.0390625 0.0557184750733
0 0.83251953125 0.47311827957 0.0400390625 0.0606060606061
