0 0.81201171875 0.44091796875 0.0341796875 0.0380859375
0 0.7509765625 0.451171875 0.03125 0.03515625
0 0.69580078125 0.47802734375 0.0302734375 0.0361328125
0 0.623046875 0.44287109375 0.033203125 0.0380859375
0 0.6015625 0.4033203125 0.033203125 0.0390625
0 0.54541015625 0.42822265625 0.0283203125 0.0341796875
0 0.46240234375 0.4130859375 0.0283203125 0.033203125
0 0.48681640625 0.4609375 0.0263671875 0.03515625
0 0.42578125 0.45458984375 0.02734375 0.0341796875
0 0.3642578125 0.46728515625 0.029296875 0.0322265625
0 0.291015625 0.44482421875 0.03125 0.0341796875
0 0.28515625 0.40966796875 0.03125 0.0341796875
0 0.22021484375 0.44921875 0.0283203125 0.02734375
0 0.37451171875 0.54443359375 0.0263671875 0.0283203125
0 0.45263671875 0.55419921875 0.0322265625 0.0380859375
0 0.57177734375 0.583984375 0.0302734375 0.037109375
0 0.5126953125 0.60595703125 0.029296875 0.0361328125
0 0.31640625 0.58447265625 0.02734375 0.0341796875
