0 0.455310880829 0.229598445596 0.115284974093 0.169041450777
0 0.274935233161 0.308613989637 0.0330310880829 0.0395077720207
0 0.320595854922 0.257772020725 0.0181347150259 0.020725388601
0 0.30310880829 0.266839378238 0.0233160621762 0.0246113989637
0 0.251619170984 0.254857512953 0.0200777202073 0.0252590673575
0 0.332577720207 0.225064766839 0.0174870466321 0.0239637305699
0 0.241580310881 0.204015544041 0.0142487046632 0.0194300518135
0 0.26457253886 0.215349740933 0.014896373057 0.0200777202073
0 0.176165803109 0.140544041451 0.0155440414508 0.0194300518135
0 0.223445595855 0.133095854922 0.0129533678756 0.014896373057
0 0.245142487047 0.108484455959 0.014896373057 0.014896373057
0 0.653821243523 0.186204663212 0.0136010362694 0.0136010362694
0 0.637629533679 0.195919689119 0.014896373057 0.0200777202073
0 0.611075129534 0.204663212435 0.0174870466321 0.0168393782383
0 0.606865284974 0.234779792746 0.0155440414508 0.0239637305699
0 0.579987046632 0.215025906736 0.0161917098446 0.0181347150259
0 0.708549222798 0.230569948187 0.020725388601 0.0310880829016
0 0.714378238342 0.200453367876 0.0168393782383 0.0187823834197
0 0.764896373057 0.235751295337 0.020725388601 0.0259067357513
0 0.633419689119 0.311852331606 0.029792746114 0.0420984455959
0 0.69268134715 0.278497409326 0.0252590673575 0.0375647668394
0 0.772020725389 0.276878238342 0.0272020725389 0.0369170984456
0 0.787240932642 0.405440414508 0.0485751295337 0.0621761658031
0 0.724093264249 0.599417098446 0.0790155440415 0.0990932642487
0 0.753886010363 0.19268134715 0.0194300518135 0.0213730569948
