0 0.87841796875 0.25537109375 0.0537109375 0.0712890625
0 0.74462890625 0.2685546875 0.0556640625 0.068359375
0 0.61376953125 0.248046875 0.0576171875 0.06640625
0 0.4765625 0.29541015625 0.0546875 0.0673828125
0 0.388671875 0.2763671875 0.056640625 0.072265625
0 0.2890625 0.2685546875 0.0546875 0.06640625
0 0.12255859375 0.25927734375 0.0517578125 0.0693359375
0 0.11669921875 0.49072265625 0.0576171875 0.0673828125
0 0.2265625 0.52783203125 0.044921875 0.0673828125
0 0.39697265625 0.51220703125 0.0517578125 0.0615234375
0 0.5517578125 0.51318359375 0.056640625 0.0673828125
0 0.6640625 0.48828125 0.052734375 0.0625
0 0.81884765625 0.49609375 0.0498046875 0.064453125
0 0.92919921875 0.49609375 0.0595703125 0.07421875
