0 0.1015625 0.455034213099 0.02734375 0.0381231671554
0 0.19189453125 0.518084066471 0.0419921875 0.0508308895406
0 0.24658203125 0.521505376344 0.0380859375 0.0322580645161
0 0.275390625 0.549364613881 0.02734375 0.039100684262
0 0.357421875 0.493646138807 0.02734375 0.0430107526882
0 0.337890625 0.442326490714 0.021484375 0.030303030303
0 0.486328125 0.49853372434 0.029296875 0.0430107526882
0 0.84130859375 0.58064516129 0.0322265625 0.0527859237537
0 0.96728515625 0.530791788856 0.0341796875 0.0488758553275
0 0.7294921875 0.520039100684 0.033203125 0.0273704789834
0 0.3154296875 0.654936461388 0.04296875 0.0606060606061
0 0.5 0.677908113392 0.0546875 0.069403714565
0 0.10986328125 0.618768328446 0.0419921875 0.0566959921799
