0 0.445665445665 0.282489322758 0.0573870573871 0.0658938377059
0 0.724053724054 0.411531421599 0.013431013431 0.0140329469189
0 0.619963369963 0.381940207444 0.0140415140415 0.0134228187919
0 0.57967032967 0.528370957901 0.0189255189255 0.0244051250763
0 0.540293040293 0.521659548505 0.014652014652 0.0170835875534
0 0.654456654457 0.550945698597 0.020757020757 0.0256253813301
0 0.708180708181 0.546064673581 0.021978021978 0.0268456375839
0 0.728327228327 0.572605247102 0.021978021978 0.0274557657108
0 0.742673992674 0.528370957901 0.0177045177045 0.0244051250763
0 0.754578754579 0.480780964002 0.017094017094 0.0231848688225
0 0.739010989011 0.487492373398 0.0152625152625 0.0219646125686
0 0.353174603175 0.460646735815 0.0152625152625 0.0146430750458
0 0.723748473748 0.357230018304 0.0164835164835 0.0164734594265
