0 0.306666666667 0.258534554538 0.055 0.067443796836
0 0.5625 0.14987510408 0.0633333333333 0.10657785179
0 0.628333333333 0.179850124896 0.0716666666667 0.101582014988
0 0.420416666667 0.452539550375 0.0375 0.0574521232306
0 0.141666666667 0.435886761032 0.04 0.0474604496253
0 0.775416666667 0.0965861781848 0.0275 0.0416319733555
0 0.911666666667 0.40632805995 0.0266666666667 0.0482930890924
0 0.388333333333 0.271440466278 0.035 0.044962531224
0 0.867916666667 0.251040799334 0.0375 0.0491257285595
0 0.210833333333 0.128642797669 0.0316666666667 0.0407993338884
0 0.32875 0.122814321399 0.0325 0.0441298917569
0 0.793333333333 0.189841798501 0.035 0.0499583680266
0 0.432916666667 0.052456286428 0.0241666666667 0.029975020816
0 0.667916666667 0.119900083264 0.0241666666667 0.0349708576187
0 0.119583333333 0.259783513739 0.0291666666667 0.044962531224
0 0.121666666667 0.13114071607 0.0266666666667 0.0324729392173
