0 0.78662109375 0.72265625 0.0205078125 0.029296875
0 0.85205078125 0.72021484375 0.0205078125 0.0263671875
0 0.8935546875 0.71533203125 0.0234375 0.0283203125
0 0.9453125 0.71435546875 0.025390625 0.0322265625
0 0.9345703125 0.748046875 0.025390625 0.029296875
0 0.6669921875 0.4033203125 0.046875 0.060546875
0 0.3046875 0.6689453125 0.021484375 0.02734375
0 0.421875 0.69970703125 0.046875 0.0634765625
0 0.48779296875 0.724609375 0.0205078125 0.021484375
0 0.5732421875 0.70263671875 0.01953125 0.0244140625
