0 0.20849609375 0.28369140625 0.0341796875 0.0439453125
0 0.35791015625 0.28759765625 0.0205078125 0.0283203125
0 0.517578125 0.27587890625 0.060546875 0.0888671875
0 0.67822265625 0.1962890625 0.0634765625 0.05859375
0 0.9658203125 0.30322265625 0.033203125 0.0419921875
0 0.97216796875 0.234375 0.0322265625 0.04296875
0 0.91845703125 0.24609375 0.0302734375 0.04296875
0 0.07421875 0.1884765625 0.02734375 0.029296875
0 0.15673828125 0.1884765625 0.0283203125 0.03515625
0 0.224609375 0.18603515625 0.02734375 0.0380859375
0 0.84228515625 0.240234375 0.0302734375 0.03125
