0 0.05859375 0.65234375 0.02734375 0.03515625
0 0.099609375 0.4833984375 0.025390625 0.03125
0 0.17333984375 0.50439453125 0.0224609375 0.0302734375
0 0.1748046875 0.42333984375 0.021484375 0.0283203125
0 0.04345703125 0.4072265625 0.0224609375 0.025390625
0 0.0859375 0.396484375 0.01953125 0.025390625
0 0.0537109375 0.3310546875 0.0234375 0.0234375
0 0.09765625 0.20556640625 0.01953125 0.0224609375
0 0.265625 0.3896484375 0.033203125 0.0390625
0 0.416015625 0.25048828125 0.01953125 0.0263671875
0 0.31005859375 0.26220703125 0.0205078125 0.0283203125
0 0.37353515625 0.29150390625 0.0224609375 0.0244140625
0 0.423828125 0.2919921875 0.01953125 0.025390625
0 0.34228515625 0.31982421875 0.0205078125 0.0244140625
0 0.41552734375 0.326171875 0.0205078125 0.021484375
0 0.4072265625 0.37939453125 0.021484375 0.0244140625
0 0.326171875 0.39794921875 0.0234375 0.0263671875
0 0.34619140625 0.43701171875 0.0244140625 0.0283203125
0 0.3974609375 0.419921875 0.021484375 0.0234375
0 0.42626953125 0.44384765625 0.0224609375 0.0302734375
0 0.29931640625 0.45751953125 0.0224609375 0.0263671875
0 0.3125 0.46875 0.025390625 0.03515625
0 0.43798828125 0.4794921875 0.0263671875 0.033203125
0 0.4423828125 0.34716796875 0.021484375 0.0263671875
0 0.4404296875 0.421875 0.021484375 0.02734375
0 0.4853515625 0.3837890625 0.01953125 0.02734375
0 0.50048828125 0.51220703125 0.0224609375 0.0283203125
0 0.607421875 0.328125 0.01953125 0.02734375
0 0.59228515625 0.44189453125 0.0205078125 0.0283203125
0 0.6328125 0.4970703125 0.01953125 0.0234375
0 0.6630859375 0.484375 0.021484375 0.029296875
0 0.7353515625 0.5029296875 0.025390625 0.03125
0 0.67138671875 0.4189453125 0.0224609375 0.02734375
0 0.66552734375 0.38232421875 0.0205078125 0.0263671875
0 0.736328125 0.3515625 0.01953125 0.02734375
0 0.7421875 0.3984375 0.0234375 0.02734375
0 0.6357421875 0.28173828125 0.01953125 0.0244140625
0 0.701171875 0.25439453125 0.01953125 0.0224609375
0 0.841796875 0.23681640625 0.01953125 0.0244140625
0 0.85302734375 0.26806640625 0.0205078125 0.0283203125
0 0.9013671875 0.29443359375 0.01953125 0.0205078125
0 0.9345703125 0.29443359375 0.01953125 0.0205078125
0 0.92431640625 0.3203125 0.0244140625 0.0234375
0 0.9638671875 0.357421875 0.01953125 0.025390625
0 0.85009765625 0.3125 0.0205078125 0.02734375
0 0.8935546875 0.4169921875 0.021484375 0.02734375
0 0.818359375 0.4296875 0.01953125 0.025390625
0 0.79541015625 0.4833984375 0.0224609375 0.0234375
0 0.859375 0.44970703125 0.0234375 0.0263671875
0 0.76708984375 0.44970703125 0.0205078125 0.0322265625
0 0.794921875 0.5419921875 0.021484375 0.02734375
0 0.86865234375 0.5888671875 0.0244140625 0.03125
0 0.96923828125 0.650390625 0.0224609375 0.033203125
0 0.87744140625 0.6669921875 0.0263671875 0.033203125
0 0.75439453125 0.666015625 0.0263671875 0.03515625
0 0.625 0.67431640625 0.02734375 0.0361328125
0 0.01611328125 0.22265625 0.0205078125 0.025390625
0 0.58984375 0.5400390625 0.01953125 0.0234375
0 0.90234375 0.48193359375 0.0234375 0.0322265625
