0 0.0419921875 0.516617790811 0.03125 0.0615835777126
0 0.10107421875 0.445259042033 0.0517578125 0.0635386119257
0 0.13623046875 0.391495601173 0.0263671875 0.0263929618768
0 0.24365234375 0.433528836755 0.0654296875 0.0987292277615
0 0.2666015625 0.431085043988 0.068359375 0.103616813294
0 0.38232421875 0.407624633431 0.0224609375 0.0293255131965
0 0.5146484375 0.475073313783 0.037109375 0.0488758553275
0 0.447265625 0.430107526882 0.052734375 0.0703812316716
0 0.546875 0.427174975562 0.021484375 0.0254154447703
0 0.5810546875 0.457966764418 0.0234375 0.0263929618768
0 0.6767578125 0.42082111437 0.0703125 0.0811339198436
0 0.7919921875 0.469208211144 0.04296875 0.0508308895406
0 0.8564453125 0.410557184751 0.068359375 0.0860215053763
0 0.91943359375 0.479472140762 0.0537109375 0.0596285434995
0 0.95458984375 0.458455522972 0.0341796875 0.0410557184751
0 0.95166015625 0.438416422287 0.0361328125 0.0342130987292
0 0.7265625 0.410557184751 0.025390625 0.0254154447703
0 0.486328125 0.392961876833 0.021484375 0.0254154447703
0 0.44580078125 0.351417399804 0.0205078125 0.0205278592375
0 0.72265625 0.448191593353 0.01953125 0.0263929618768
