0 0.07373046875 0.222873900293 0.0263671875 0.0332355816227
0 0.046875 0.294232649071 0.0234375 0.0273704789834
0 0.0810546875 0.294232649071 0.037109375 0.058651026393
0 0.12353515625 0.24926686217 0.0302734375 0.0371456500489
0 0.12548828125 0.294232649071 0.0302734375 0.039100684262
0 0.22216796875 0.337732160313 0.0380859375 0.0576735092864
0 0.23876953125 0.306451612903 0.0322265625 0.0420332355816
0 0.296875 0.318181818182 0.033203125 0.0381231671554
0 0.2548828125 0.25073313783 0.03515625 0.0400782013685
0 0.314453125 0.280058651026 0.033203125 0.0400782013685
0 0.384765625 0.252688172043 0.03125 0.0381231671554
0 0.36962890625 0.321114369501 0.0341796875 0.0361681329423
0 0.396484375 0.369501466276 0.025390625 0.0371456500489
0 0.41650390625 0.327468230694 0.0302734375 0.0371456500489
0 0.43359375 0.196480938416 0.029296875 0.0351906158358
0 0.4951171875 0.279569892473 0.052734375 0.0782013685239
0 0.556640625 0.216520039101 0.0234375 0.030303030303
0 0.60693359375 0.243401759531 0.0517578125 0.0703812316716
0 0.69140625 0.316715542522 0.0546875 0.0566959921799
0 0.65673828125 0.184261974585 0.0263671875 0.030303030303
0 0.6806640625 0.232160312805 0.02734375 0.0381231671554
0 0.7080078125 0.264907135875 0.033203125 0.0410557184751
0 0.73779296875 0.319648093842 0.0361328125 0.0664711632454
0 0.7548828125 0.184750733138 0.025390625 0.0312805474096
0 0.80126953125 0.224828934506 0.0302734375 0.0312805474096
0 0.8046875 0.319648093842 0.05078125 0.0723362658847
0 0.83447265625 0.326001955034 0.0263671875 0.0439882697947
0 0.015625 0.355327468231 0.03125 0.0361681329423
0 0.18115234375 0.183773216031 0.0302734375 0.0332355816227
0 0.2890625 0.181818181818 0.02734375 0.0293255131965
