0 0.7265625 0.296187683284 0.056640625 0.0527859237537
0 0.73291015625 0.236070381232 0.0361328125 0.0400782013685
0 0.66455078125 0.264418377322 0.0322265625 0.0381231671554
0 0.58154296875 0.325024437928 0.0419921875 0.0518084066471
0 0.548828125 0.295698924731 0.033203125 0.0381231671554
0 0.5400390625 0.246823069404 0.03515625 0.0420332355816
0 0.5087890625 0.272727272727 0.03125 0.0410557184751
0 0.46728515625 0.282013685239 0.0283203125 0.0342130987292
0 0.46240234375 0.500977517107 0.0478515625 0.0557184750733
0 0.40576171875 0.2761485826 0.0380859375 0.0478983382209
0 0.3369140625 0.285434995112 0.037109375 0.0449657869013
0 0.28466796875 0.297165200391 0.0380859375 0.0430107526882
0 0.27978515625 0.266862170088 0.0361328125 0.0351906158358
0 0.4033203125 0.398338220919 0.046875 0.0557184750733
0 0.310546875 0.287878787879 0.0234375 0.0322580645161
