0 0.777018229167 0.0748697916667 0.0279947916667 0.0390625
0 0.733072916667 0.128580729167 0.02734375 0.0345052083333
0 0.7080078125 0.083984375 0.0240885416667 0.03125
0 0.6357421875 0.113932291667 0.0279947916667 0.0286458333333
0 0.6220703125 0.0768229166667 0.0305989583333 0.0338541666667
0 0.578450520833 0.0390625 0.0149739583333 0.0208333333333
0 0.2880859375 0.0787760416667 0.0319010416667 0.04296875
0 0.3466796875 0.0930989583333 0.033203125 0.0377604166667
0 0.466471354167 0.123372395833 0.0240885416667 0.0319010416667
0 0.569661458333 0.237955729167 0.0833333333333 0.112630208333
0 0.825846354167 0.0263671875 0.013671875 0.0240885416667
