0 0.0732421875 0.27734375 0.060546875 0.083984375
0 0.2705078125 0.271484375 0.05859375 0.068359375
0 0.283203125 0.36279296875 0.05859375 0.0771484375
0 0.46484375 0.33203125 0.056640625 0.072265625
0 0.6416015625 0.33203125 0.0546875 0.080078125
0 0.70849609375 0.3447265625 0.0478515625 0.076171875
0 0.7353515625 0.39013671875 0.064453125 0.0927734375
0 0.83447265625 0.44580078125 0.0654296875 0.0751953125
0 0.8076171875 0.1923828125 0.052734375 0.0703125
0 0.04833984375 0.20751953125 0.0478515625 0.0576171875
0 0.02783203125 0.15771484375 0.0517578125 0.0302734375
