0 0.251302083333 0.260091145833 0.01953125 0.0240885416667
0 0.3310546875 0.254557291667 0.017578125 0.0234375
0 0.3154296875 0.214192708333 0.017578125 0.01953125
0 0.3779296875 0.216145833333 0.017578125 0.0208333333333
0 0.2890625 0.170247395833 0.0143229166667 0.0201822916667
0 0.244791666667 0.186197916667 0.0169270833333 0.0234375
0 0.181315104167 0.216796875 0.0162760416667 0.0208333333333
0 0.194010416667 0.177408854167 0.0182291666667 0.0201822916667
0 0.2412109375 0.4765625 0.029296875 0.0390625
0 0.190755208333 0.489908854167 0.0260416666667 0.0279947916667
0 0.326497395833 0.486002604167 0.021484375 0.025390625
0 0.60546875 0.469075520833 0.0299479166667 0.033203125
0 0.714518229167 0.249348958333 0.0475260416667 0.06640625
0 0.477864583333 0.150390625 0.0651041666667 0.0924479166667
0 0.373697916667 0.289713541667 0.0221354166667 0.0247395833333
0 0.590494791667 0.291341145833 0.0169270833333 0.0240885416667
0 0.783854166667 0.250325520833 0.0208333333333 0.025390625
0 0.177408854167 0.513346354167 0.017578125 0.0227864583333
0 0.2705078125 0.322265625 0.0188802083333 0.0182291666667
