0 0.80859375 0.34033203125 0.03515625 0.0419921875
0 0.75634765625 0.4599609375 0.0341796875 0.041015625
0 0.7109375 0.3388671875 0.033203125 0.0390625
0 0.60400390625 0.34423828125 0.0341796875 0.0400390625
0 0.6533203125 0.46142578125 0.03125 0.0361328125
0 0.54638671875 0.46875 0.0341796875 0.0390625
0 0.49462890625 0.34326171875 0.0322265625 0.0380859375
0 0.3857421875 0.3408203125 0.03125 0.037109375
0 0.29736328125 0.3291015625 0.0322265625 0.041015625
0 0.21044921875 0.28466796875 0.0380859375 0.0458984375
0 0.25244140625 0.45556640625 0.0322265625 0.0439453125
0 0.35009765625 0.4599609375 0.0341796875 0.0390625
0 0.44482421875 0.46044921875 0.0302734375 0.0400390625
