0 0.192664418212 0.0451096121417 0.0531197301855 0.0699831365936
0 0.284148397976 0.0379426644182 0.0489038785835 0.0607082630691
0 0.336003372681 0.072934232715 0.0548060708263 0.0801011804384
0 0.449409780776 0.0573355817875 0.0505902192243 0.0758853288364
0 0.741989881956 0.0345699831366 0.0623946037099 0.0607082630691
0 0.491146711636 0.0986509274874 0.0531197301855 0.0758853288364
0 0.200674536256 0.328836424958 0.0725126475548 0.0994940978078
0 0.545531197302 0.281618887015 0.0758853288364 0.0978077571669
0 0.54089376054 0.33305227656 0.0902192242833 0.123102866779
0 0.883220910624 0.387858347386 0.066610455312 0.0961214165261
0 0.290472175379 0.535413153457 0.0817875210793 0.101180438449
