0 0.24025974026 0.104545454545 0.012987012987 0.0155844155844
0 0.18961038961 0.138961038961 0.0142857142857 0.0207792207792
0 0.302922077922 0.149025974026 0.0136363636364 0.0214285714286
0 0.201623376623 0.184415584416 0.0149350649351 0.0181818181818
0 0.267532467532 0.178896103896 0.0142857142857 0.0175324675325
0 0.243181818182 0.27987012987 0.0201298701299 0.025974025974
0 0.342532467532 0.229545454545 0.0733766233766 0.108441558442
0 0.331493506494 0.126948051948 0.0136363636364 0.0175324675325
0 0.420454545455 0.157467532468 0.0149350649351 0.0201298701299
0 0.386363636364 0.113311688312 0.012987012987 0.0188311688312
0 0.50974025974 0.180519480519 0.087012987013 0.112987012987
0 0.648376623377 0.19025974026 0.0668831168831 0.103896103896
0 0.453571428571 0.0980519480519 0.0149350649351 0.012987012987
0 0.795454545455 0.088961038961 0.012987012987 0.0194805194805
0 0.779545454545 0.246753246753 0.0512987012987 0.0675324675325
