0 0.3857421875 0.35205078125 0.021484375 0.0283203125
0 0.4345703125 0.337890625 0.01953125 0.02734375
0 0.46484375 0.3544921875 0.021484375 0.033203125
0 0.4287109375 0.4296875 0.052734375 0.072265625
0 0.5390625 0.333984375 0.02734375 0.0390625
0 0.66259765625 0.3310546875 0.0283203125 0.033203125
0 0.73095703125 0.33154296875 0.0224609375 0.0341796875
0 0.75927734375 0.32421875 0.0283203125 0.0390625
0 0.7861328125 0.3505859375 0.029296875 0.041015625
0 0.82177734375 0.32763671875 0.0263671875 0.0341796875
0 0.91162109375 0.32958984375 0.0361328125 0.0576171875
0 0.9609375 0.3623046875 0.02734375 0.041015625
0 0.97021484375 0.3359375 0.0244140625 0.03125
0 0.09326171875 0.3427734375 0.0244140625 0.0390625
0 0.03564453125 0.35302734375 0.0244140625 0.0322265625
