0 0.89990234375 0.259530791789 0.0302734375 0.0342130987292
0 0.849609375 0.357771260997 0.044921875 0.0527859237537
0 0.7568359375 0.320625610948 0.02734375 0.0293255131965
0 0.7080078125 0.380254154448 0.033203125 0.039100684262
0 0.62060546875 0.36265884653 0.0244140625 0.0293255131965
0 0.5556640625 0.326490713587 0.021484375 0.0293255131965
0 0.51025390625 0.407624633431 0.0341796875 0.0449657869013
0 0.41943359375 0.319159335288 0.0244140625 0.0283479960899
0 0.3447265625 0.401759530792 0.033203125 0.0410557184751
0 0.2744140625 0.322091886608 0.02734375 0.0322580645161
0 0.1865234375 0.347507331378 0.041015625 0.0518084066471
0 0.14794921875 0.272727272727 0.0302734375 0.0351906158358
