0 0.1103515625 0.2763671875 0.04296875 0.060546875
0 0.23681640625 0.2998046875 0.0458984375 0.05078125
0 0.32763671875 0.2822265625 0.0400390625 0.0546875
0 0.45361328125 0.28515625 0.0458984375 0.060546875
0 0.59130859375 0.28076171875 0.0419921875 0.0615234375
0 0.73583984375 0.26708984375 0.0517578125 0.0634765625
0 0.8603515625 0.2646484375 0.044921875 0.056640625
0 0.1669921875 0.44580078125 0.04296875 0.0751953125
0 0.2861328125 0.4130859375 0.05078125 0.072265625
0 0.39794921875 0.41015625 0.0439453125 0.060546875
0 0.517578125 0.38330078125 0.04296875 0.0576171875
0 0.6650390625 0.45703125 0.052734375 0.072265625
0 0.76220703125 0.42919921875 0.0458984375 0.0654296875
0 0.8857421875 0.42822265625 0.041015625 0.0654296875
