0 0.9462890625 0.3837890625 0.01953125 0.0234375
0 0.8974609375 0.3740234375 0.0234375 0.025390625
0 0.8359375 0.349609375 0.0234375 0.029296875
0 0.7763671875 0.36474609375 0.021484375 0.0244140625
0 0.71240234375 0.388671875 0.0224609375 0.02734375
0 0.65087890625 0.38623046875 0.0224609375 0.0283203125
0 0.58154296875 0.375 0.0244140625 0.025390625
0 0.5224609375 0.3876953125 0.0234375 0.025390625
0 0.431640625 0.3857421875 0.021484375 0.0234375
0 0.36767578125 0.37158203125 0.0224609375 0.0263671875
0 0.30029296875 0.369140625 0.0224609375 0.025390625
0 0.24072265625 0.36962890625 0.0224609375 0.0224609375
0 0.171875 0.3544921875 0.0234375 0.02734375
0 0.1103515625 0.35986328125 0.0234375 0.0244140625
0 0.048828125 0.38037109375 0.01953125 0.0244140625
