0 0.75390625 0.281036168133 0.04296875 0.0576735092864
0 0.82763671875 0.324535679374 0.0322265625 0.0469208211144
0 0.55810546875 0.306940371457 0.0322265625 0.0410557184751
0 0.5146484375 0.318181818182 0.029296875 0.0381231671554
0 0.42431640625 0.352394916911 0.0205078125 0.0263929618768
0 0.439453125 0.374389051808 0.01953125 0.0293255131965
0 0.3896484375 0.319648093842 0.01953125 0.0234604105572
0 0.29150390625 0.356304985337 0.0283203125 0.030303030303
0 0.32470703125 0.340664711632 0.0224609375 0.0283479960899
0 0.24609375 0.358748778104 0.01953125 0.0312805474096
0 0.10986328125 0.338709677419 0.0302734375 0.0342130987292
0 0.01171875 0.352883675464 0.0234375 0.0430107526882
