0 0.68505859375 0.32421875 0.0537109375 0.07421875
0 0.43310546875 0.2666015625 0.0517578125 0.076171875
0 0.23681640625 0.34814453125 0.0380859375 0.0517578125
0 0.0927734375 0.56298828125 0.01953125 0.0244140625
0 0.06201171875 0.56884765625 0.0205078125 0.0224609375
0 0.1357421875 0.556640625 0.01953125 0.025390625
0 0.1611328125 0.5595703125 0.01953125 0.0234375
0 0.3017578125 0.54443359375 0.025390625 0.0244140625
0 0.93115234375 0.513671875 0.0341796875 0.04296875
0 0.88916015625 0.5068359375 0.0322265625 0.037109375
0 0.83544921875 0.5087890625 0.0302734375 0.0390625
0 0.95361328125 0.48876953125 0.0224609375 0.0302734375
0 0.98876953125 0.49853515625 0.0224609375 0.0361328125
0 0.96533203125 0.41943359375 0.0205078125 0.0263671875
0 0.5869140625 0.5439453125 0.01953125 0.025390625
0 0.57568359375 0.53271484375 0.0205078125 0.0263671875
0 0.9208984375 0.44384765625 0.021484375 0.0263671875
0 0.9697265625 0.37255859375 0.021484375 0.0205078125
