0 0.2119140625 0.389051808407 0.03125 0.0449657869013
0 0.31005859375 0.41788856305 0.0263671875 0.0439882697947
0 0.42041015625 0.407624633431 0.0283203125 0.0410557184751
0 0.53515625 0.395894428152 0.029296875 0.0430107526882
0 0.654296875 0.397849462366 0.02734375 0.0430107526882
0 0.76025390625 0.412023460411 0.0283203125 0.0400782013685
0 0.8505859375 0.378299120235 0.029296875 0.0449657869013
0 0.33447265625 0.522971652004 0.0302734375 0.0469208211144
0 0.47314453125 0.516617790811 0.0302734375 0.0459433040078
0 0.62060546875 0.516617790811 0.0302734375 0.0478983382209
0 0.75146484375 0.512218963832 0.0302734375 0.0469208211144
