0 0.7705078125 0.1943359375 0.029296875 0.037109375
0 0.88232421875 0.17529296875 0.0263671875 0.0400390625
0 0.97412109375 0.302734375 0.0302734375 0.04296875
0 0.8759765625 0.234375 0.029296875 0.041015625
0 0.8447265625 0.3935546875 0.025390625 0.03515625
0 0.669921875 0.1337890625 0.0234375 0.033203125
0 0.56982421875 0.1826171875 0.0263671875 0.041015625
0 0.64111328125 0.236328125 0.0244140625 0.037109375
0 0.75341796875 0.31396484375 0.0283203125 0.0439453125
0 0.73291015625 0.31298828125 0.0244140625 0.0361328125
0 0.6728515625 0.23388671875 0.01953125 0.0283203125
0 0.6357421875 0.31103515625 0.02734375 0.0400390625
0 0.6435546875 0.3818359375 0.02734375 0.037109375
0 0.388671875 0.2548828125 0.025390625 0.033203125
0 0.54150390625 0.25146484375 0.0244140625 0.0302734375
0 0.5498046875 0.31787109375 0.0234375 0.0380859375
0 0.45654296875 0.3173828125 0.0263671875 0.037109375
0 0.5400390625 0.38720703125 0.025390625 0.0439453125
0 0.5595703125 0.44140625 0.02734375 0.044921875
0 0.42529296875 0.38916015625 0.0283203125 0.0400390625
0 0.5556640625 0.53515625 0.02734375 0.029296875
0 0.578125 0.60498046875 0.03125 0.0439453125
0 0.408203125 0.53857421875 0.029296875 0.0458984375
0 0.4658203125 0.67822265625 0.03125 0.0458984375
0 0.43115234375 0.68505859375 0.0322265625 0.0478515625
0 0.5869140625 0.6826171875 0.033203125 0.048828125
0 0.947265625 0.44384765625 0.033203125 0.0478515625
0 0.84423828125 0.45556640625 0.0263671875 0.0419921875
0 0.8876953125 0.5361328125 0.029296875 0.033203125
0 0.92236328125 0.6279296875 0.0283203125 0.048828125
0 0.77001953125 0.5146484375 0.0322265625 0.041015625
0 0.8349609375 0.59130859375 0.033203125 0.0439453125
0 0.83251953125 0.6962890625 0.0322265625 0.05078125
0 0.966796875 0.70751953125 0.02734375 0.0478515625
0 0.72900390625 0.61181640625 0.0322265625 0.0498046875
0 0.66943359375 0.52783203125 0.0283203125 0.0322265625
0 0.6865234375 0.6171875 0.029296875 0.044921875
0 0.69140625 0.73388671875 0.03515625 0.0498046875
0 0.23681640625 0.126953125 0.0224609375 0.029296875
0 0.041015625 0.25732421875 0.0234375 0.0361328125
0 0.14111328125 0.2490234375 0.0283203125 0.037109375
0 0.26611328125 0.240234375 0.0244140625 0.03125
0 0.31005859375 0.298828125 0.0283203125 0.041015625
0 0.22412109375 0.35888671875 0.0263671875 0.0400390625
0 0.3193359375 0.373046875 0.029296875 0.0390625
0 0.2861328125 0.431640625 0.02734375 0.0390625
0 0.1044921875 0.32958984375 0.0234375 0.0380859375
0 0.10498046875 0.36962890625 0.0283203125 0.0419921875
0 0.02685546875 0.4443359375 0.0283203125 0.0390625
0 0.07666015625 0.4453125 0.0263671875 0.033203125
0 0.06689453125 0.61474609375 0.0263671875 0.0419921875
0 0.205078125 0.58935546875 0.029296875 0.0439453125
0 0.31396484375 0.60107421875 0.0283203125 0.0400390625
0 0.30078125 0.67333984375 0.03515625 0.0498046875
0 0.17236328125 0.697265625 0.0341796875 0.05078125
0 0.07275390625 0.6865234375 0.0283203125 0.044921875
0 0.0244140625 0.67822265625 0.03125 0.0458984375
0 0.3369140625 0.52392578125 0.029296875 0.0419921875
0 0.1826171875 0.52587890625 0.02734375 0.0361328125
0 0.35009765625 0.68212890625 0.0322265625 0.0439453125
