0 0.42626953125 0.197265625 0.0888671875 0.12890625
0 0.01318359375 0.45263671875 0.0263671875 0.0439453125
0 0.05029296875 0.609375 0.0361328125 0.04296875
0 0.013671875 0.6552734375 0.02734375 0.052734375
0 0.173828125 0.50146484375 0.041015625 0.0498046875
0 0.150390625 0.46728515625 0.029296875 0.0400390625
0 0.22412109375 0.3837890625 0.0341796875 0.04296875
0 0.2734375 0.4521484375 0.029296875 0.03515625
0 0.28515625 0.5087890625 0.04296875 0.04296875
0 0.515625 0.44921875 0.025390625 0.037109375
0 0.63037109375 0.61865234375 0.0322265625 0.0439453125
0 0.6748046875 0.7109375 0.025390625 0.04296875
0 0.626953125 0.33349609375 0.03125 0.0478515625
0 0.80029296875 0.35693359375 0.0283203125 0.0400390625
0 0.87353515625 0.44873046875 0.0302734375 0.0419921875
0 0.95458984375 0.36083984375 0.0322265625 0.0380859375
0 0.96728515625 0.6279296875 0.0322265625 0.044921875
0 0.29150390625 0.36474609375 0.0322265625 0.0341796875
0 0.517578125 0.5419921875 0.02734375 0.033203125
0 0.51953125 0.64599609375 0.029296875 0.0380859375
0 0.6806640625 0.73876953125 0.025390625 0.0322265625
