0 0.163853727145 0.378691983122 0.0182841068917 0.0232067510549
0 0.280239099859 0.269338959212 0.0189873417722 0.0225035161744
0 0.336146272855 0.264064697609 0.0168776371308 0.0232067510549
0 0.367440225035 0.314345991561 0.0189873417722 0.0225035161744
0 0.396272855134 0.325949367089 0.0147679324895 0.0147679324895
0 0.399085794655 0.139240506329 0.0161744022504 0.0182841068917
0 0.446202531646 0.139240506329 0.0203938115331 0.0225035161744
0 0.463080168776 0.108298171589 0.0147679324895 0.0168776371308
0 0.540084388186 0.154008438819 0.0154711673699 0.0182841068917
0 0.565049226442 0.107946554149 0.0147679324895 0.0175808720113
0 0.470464135021 0.176863572433 0.0168776371308 0.0189873417722
0 0.592475386779 0.148382559775 0.0161744022504 0.0210970464135
0 0.626582278481 0.189170182841 0.0168776371308 0.0196905766526
0 0.568213783404 0.225738396624 0.0182841068917 0.0225035161744
0 0.574894514768 0.176863572433 0.0175808720113 0.0203938115331
0 0.508790436006 0.0344585091421 0.0147679324895 0.0154711673699
0 0.802390998594 0.118846694796 0.0154711673699 0.0196905766526
0 0.738748241913 0.143459915612 0.0147679324895 0.0196905766526
0 0.728902953586 0.220112517581 0.0161744022504 0.0196905766526
0 0.809774964838 0.221167369902 0.0161744022504 0.0189873417722
0 0.740506329114 0.119549929677 0.014064697609 0.0154711673699
0 0.841420534459 0.126582278481 0.0147679324895 0.0154711673699
0 0.604430379747 0.512658227848 0.0147679324895 0.0182841068917
0 0.646272855134 0.435654008439 0.0168776371308 0.0232067510549
0 0.703938115331 0.425105485232 0.0168776371308 0.0232067510549
0 0.594936708861 0.585091420534 0.0210970464135 0.0253164556962
0 0.657876230661 0.581926863572 0.0260196905767 0.0260196905767
0 0.348804500703 0.528481012658 0.0196905766526 0.0232067510549
0 0.606891701828 0.356540084388 0.0225035161744 0.0239099859353
0 0.658579465541 0.363572433193 0.0246132208158 0.0239099859353
0 0.715541490858 0.314345991561 0.0189873417722 0.0196905766526
0 0.823839662447 0.365682137834 0.0189873417722 0.0225035161744
0 0.831223628692 0.487341772152 0.0196905766526 0.0225035161744
0 0.76582278481 0.595288326301 0.0450070323488 0.0541490857947
0 0.697257383966 0.606891701828 0.0457102672293 0.0576652601969
0 0.355485232068 0.628691983122 0.0203938115331 0.0295358649789
0 0.241561181435 0.526371308017 0.0400843881857 0.0457102672293
0 0.476793248945 0.458860759494 0.0506329113924 0.0569620253165
0 0.541139240506 0.415260196906 0.0288326300985 0.0260196905767
0 0.475738396624 0.419479606188 0.0288326300985 0.0274261603376
0 0.433544303797 0.420886075949 0.0274261603376 0.035864978903
0 0.302390998594 0.520042194093 0.0225035161744 0.0274261603376
0 0.563291139241 0.505977496484 0.0253164556962 0.035864978903
