0 0.19873046875 0.4404296875 0.0224609375 0.029296875
0 0.25244140625 0.43408203125 0.0244140625 0.0302734375
0 0.31005859375 0.47412109375 0.0205078125 0.0283203125
0 0.32177734375 0.45654296875 0.0205078125 0.0283203125
0 0.35205078125 0.455078125 0.0224609375 0.02734375
0 0.6064453125 0.455078125 0.021484375 0.02734375
0 0.62841796875 0.462890625 0.0205078125 0.021484375
0 0.68408203125 0.46484375 0.0205078125 0.025390625
0 0.521484375 0.4716796875 0.01953125 0.0234375
0 0.4541015625 0.443359375 0.021484375 0.025390625
0 0.40869140625 0.4482421875 0.0224609375 0.025390625
0 0.322265625 0.5341796875 0.02734375 0.03125
0 0.17626953125 0.5234375 0.0322265625 0.03515625
0 0.45703125 0.54736328125 0.025390625 0.0302734375
0 0.51318359375 0.55810546875 0.0224609375 0.0263671875
0 0.64111328125 0.53466796875 0.0205078125 0.0224609375
0 0.7548828125 0.52734375 0.021484375 0.025390625
0 0.8251953125 0.51123046875 0.021484375 0.0263671875
0 0.7265625 0.4619140625 0.021484375 0.025390625
