0 0.382293080054 0.377204884668 0.0332428765265 0.0420624151967
0 0.309023066486 0.462008141113 0.0440976933514 0.0542740841248
0 0.425712347354 0.459972862958 0.0440976933514 0.0542740841248
0 0.751017639077 0.38263229308 0.0379918588874 0.055630936228
0 0.699457259159 0.452510176391 0.0393487109905 0.0407055630936
0 0.66723202171 0.368385345997 0.0359565807327 0.0515603799186
0 0.618046132972 0.141112618725 0.067842605156 0.0909090909091
0 0.226594301221 0.0858208955224 0.0298507462687 0.0359565807327
0 0.501017639077 0.0393487109905 0.0251017639077 0.0366350067843
0 0.578358208955 0.0430800542741 0.0264586160109 0.0359565807327
0 0.645183175034 0.0651289009498 0.0203527815468 0.0325644504749
0 0.744911804613 0.123134328358 0.0257801899593 0.0386702849389
0 0.802578018996 0.134667571235 0.0217096336499 0.0223880597015
