0 0.86474609375 0.39208984375 0.0263671875 0.0322265625
0 0.9345703125 0.349609375 0.02734375 0.03125
0 0.87109375 0.3583984375 0.02734375 0.03125
0 0.8056640625 0.3515625 0.021484375 0.03125
0 0.83056640625 0.439453125 0.0302734375 0.03125
0 0.7646484375 0.390625 0.02734375 0.033203125
0 0.73779296875 0.3642578125 0.0224609375 0.03125
0 0.75830078125 0.50439453125 0.0283203125 0.0322265625
0 0.70263671875 0.44873046875 0.0283203125 0.0341796875
0 0.609375 0.498046875 0.03125 0.037109375
0 0.93115234375 0.48779296875 0.0244140625 0.0322265625
0 0.65966796875 0.40087890625 0.0283203125 0.0341796875
0 0.56689453125 0.40087890625 0.0224609375 0.0361328125
0 0.47265625 0.33642578125 0.05078125 0.0693359375
0 0.15576171875 0.47412109375 0.0244140625 0.0302734375
0 0.1806640625 0.5205078125 0.025390625 0.03125
0 0.275390625 0.51611328125 0.0234375 0.0302734375
0 0.26123046875 0.47314453125 0.0244140625 0.0322265625
0 0.35302734375 0.4638671875 0.0224609375 0.029296875
0 0.28515625 0.4140625 0.0234375 0.033203125
0 0.318359375 0.3916015625 0.0234375 0.02734375
0 0.2294921875 0.38525390625 0.021484375 0.0263671875
0 0.263671875 0.31396484375 0.021484375 0.0244140625
0 0.20751953125 0.31689453125 0.0205078125 0.0263671875
0 0.15771484375 0.3076171875 0.0205078125 0.0234375
0 0.17578125 0.41259765625 0.025390625 0.0322265625
0 0.13525390625 0.38134765625 0.0244140625 0.0341796875
0 0.0908203125 0.39892578125 0.0234375 0.0322265625
0 0.107421875 0.4296875 0.0234375 0.029296875
0 0.07275390625 0.5068359375 0.0263671875 0.033203125
0 0.04931640625 0.45947265625 0.0263671875 0.0322265625
0 0.060546875 0.41796875 0.021484375 0.0234375
0 0.0751953125 0.32080078125 0.021484375 0.0244140625
0 0.369140625 0.35302734375 0.0234375 0.0302734375
0 0.4013671875 0.2900390625 0.021484375 0.02734375
0 0.541015625 0.3193359375 0.0234375 0.033203125
