0 0.044921875 0.19189453125 0.056640625 0.0517578125
0 0.2578125 0.189453125 0.0546875 0.046875
0 0.037109375 0.31982421875 0.0390625 0.0634765625
0 0.09375 0.3759765625 0.056640625 0.060546875
0 0.2978515625 0.36181640625 0.0546875 0.0791015625
0 0.50732421875 0.31982421875 0.0537109375 0.0751953125
0 0.4453125 0.23681640625 0.046875 0.0439453125
0 0.6875 0.32666015625 0.064453125 0.0869140625
0 0.9638671875 0.23583984375 0.05078125 0.0732421875
0 0.94775390625 0.3505859375 0.0595703125 0.07421875
