0 0.620980707395 0.361736334405 0.0458199356913 0.0578778135048
0 0.805466237942 0.283360128617 0.0434083601286 0.0506430868167
0 0.760048231511 0.100080385852 0.0345659163987 0.0458199356913
0 0.581189710611 0.0819935691318 0.0385852090032 0.048231511254
0 0.432475884244 0.108118971061 0.0385852090032 0.0474276527331
0 0.252411575563 0.119774919614 0.0337620578778 0.0385852090032
0 0.200160771704 0.101286173633 0.0353697749196 0.040192926045
0 0.398311897106 0.252009646302 0.0570739549839 0.0538585209003
0 0.0988745980707 0.213424437299 0.0209003215434 0.0297427652733
0 0.0968649517685 0.252813504823 0.0168810289389 0.0442122186495
0 0.876205787781 0.0699356913183 0.024115755627 0.024115755627
0 0.846061093248 0.0546623794212 0.0329581993569 0.0369774919614
0 0.358922829582 0.427250803859 0.0393890675241 0.0586816720257
