0 0.8603515625 0.208211143695 0.021484375 0.0332355816227
0 0.96533203125 0.370967741935 0.0693359375 0.11045943304
0 0.91259765625 0.347018572825 0.0595703125 0.0879765395894
0 0.71142578125 0.394428152493 0.0712890625 0.0850439882698
0 0.80615234375 0.337732160313 0.0380859375 0.0439882697947
0 0.60986328125 0.387585532747 0.0673828125 0.0850439882698
0 0.49609375 0.394916911046 0.0625 0.0782013685239
0 0.31884765625 0.408113391984 0.0634765625 0.0791788856305
0 0.15087890625 0.456011730205 0.0556640625 0.0674486803519
0 0.06005859375 0.406158357771 0.0576171875 0.0635386119257
0 0.11767578125 0.355816226784 0.0419921875 0.0527859237537
0 0.2001953125 0.36119257087 0.03125 0.0322580645161
0 0.25048828125 0.395894428152 0.0302734375 0.039100684262
0 0.72412109375 0.243401759531 0.0380859375 0.0312805474096
0 0.65625 0.258553274682 0.033203125 0.0381231671554
0 0.59228515625 0.227272727273 0.0263671875 0.0342130987292
0 0.49609375 0.306451612903 0.033203125 0.0381231671554
0 0.5234375 0.239491691105 0.025390625 0.0312805474096
0 0.44384765625 0.259530791789 0.0283203125 0.0361681329423
0 0.39990234375 0.294721407625 0.0244140625 0.030303030303
0 0.4150390625 0.259042033236 0.021484375 0.0293255131965
0 0.46533203125 0.211143695015 0.0205078125 0.0273704789834
0 0.53515625 0.16715542522 0.0234375 0.0293255131965
0 0.3916015625 0.216031280547 0.0234375 0.0293255131965
0 0.34619140625 0.299608993157 0.0283203125 0.030303030303
0 0.2431640625 0.339198435973 0.029296875 0.0332355816227
0 0.27783203125 0.274193548387 0.0263671875 0.030303030303
0 0.251953125 0.312316715543 0.025390625 0.030303030303
0 0.158203125 0.286412512219 0.02734375 0.0293255131965
0 0.2236328125 0.25073313783 0.0234375 0.0342130987292
0 0.146484375 0.256109481916 0.0234375 0.0293255131965
0 0.10595703125 0.27761485826 0.0244140625 0.0332355816227
0 0.18798828125 0.22091886608 0.0244140625 0.0332355816227
0 0.0439453125 0.297165200391 0.029296875 0.0332355816227
0 0.45068359375 0.149560117302 0.0244140625 0.0312805474096
0 0.62158203125 0.155913978495 0.0244140625 0.0244379276637
0 0.1005859375 0.188660801564 0.021484375 0.0273704789834
0 0.03271484375 0.221896383187 0.0205078125 0.0273704789834
0 0.0546875 0.186705767351 0.01953125 0.0234604105572
0 0.5673828125 0.347507331378 0.03125 0.0400782013685
0 0.302734375 0.241935483871 0.02734375 0.030303030303
0 0.064453125 0.336754643206 0.021484375 0.0263929618768
0 0.0205078125 0.454056695992 0.041015625 0.069403714565
0 0.337890625 0.143695014663 0.01953125 0.019550342131
