0 0.91650390625 0.3193359375 0.0205078125 0.03125
0 0.96142578125 0.4306640625 0.0244140625 0.03125
0 0.6884765625 0.30908203125 0.01953125 0.0224609375
0 0.65234375 0.32177734375 0.01953125 0.0224609375
0 0.58447265625 0.43310546875 0.0224609375 0.0302734375
0 0.5546875 0.24658203125 0.01953125 0.0263671875
0 0.5419921875 0.3271484375 0.01953125 0.0234375
0 0.5009765625 0.32470703125 0.021484375 0.0283203125
0 0.51806640625 0.36474609375 0.0224609375 0.0283203125
0 0.4755859375 0.349609375 0.021484375 0.025390625
0 0.44921875 0.32275390625 0.056640625 0.0361328125
0 0.78173828125 0.4443359375 0.0205078125 0.029296875
0 0.63525390625 0.47705078125 0.0458984375 0.0439453125
0 0.18310546875 0.44775390625 0.0205078125 0.0302734375
