0 0.42431640625 0.372922776149 0.0595703125 0.0967741935484
0 0.66650390625 0.230694037146 0.0556640625 0.0879765395894
0 0.0908203125 0.152003910068 0.01953125 0.0322580645161
0 0.10546875 0.314760508309 0.025390625 0.0371456500489
0 0.21142578125 0.317204301075 0.0205078125 0.0342130987292
0 0.0654296875 0.16275659824 0.021484375 0.0322580645161
0 0.0234375 0.30449657869 0.025390625 0.0439882697947
0 0.16650390625 0.154447702835 0.0244140625 0.0312805474096
0 0.0703125 0.310850439883 0.01953125 0.0332355816227
0 0.39697265625 0.177419354839 0.0205078125 0.0342130987292
