0 0.114661654135 0.0159624413146 0.0601503759398 0.0281690140845
0 0.0601503759398 0.390610328638 0.0582706766917 0.0732394366197
0 0.285244360902 0.0962441314554 0.0592105263158 0.0910798122066
0 0.241541353383 0.393896713615 0.0451127819549 0.0929577464789
0 0.413063909774 0.194835680751 0.0761278195489 0.12676056338
0 0.456766917293 0.194835680751 0.0394736842105 0.0629107981221
0 0.540883458647 0.165727699531 0.0610902255639 0.0760563380282
0 0.585526315789 0.129577464789 0.0601503759398 0.0694835680751
0 0.61795112782 0.1779342723 0.062969924812 0.0816901408451
0 0.657894736842 0.0262910798122 0.0451127819549 0.0525821596244
0 0.731203007519 0.129107981221 0.0676691729323 0.0816901408451
0 0.644266917293 0.463849765258 0.0479323308271 0.0845070422535
0 0.518796992481 0.517370892019 0.062030075188 0.0732394366197
0 0.320488721805 0.476525821596 0.0563909774436 0.0816901408451
0 0.735432330827 0.659154929577 0.0686090225564 0.0788732394366
0 0.257988721805 0.578873239437 0.0610902255639 0.087323943662
0 0.661184210526 0.180751173709 0.0404135338346 0.0760563380282
0 0.846334586466 0.0934272300469 0.0404135338346 0.068544600939
