0 0.829576502732 0.0935792349727 0.0362021857923 0.0642076502732
0 0.60587431694 0.24556010929 0.0642076502732 0.082650273224
0 0.637295081967 0.284494535519 0.0368852459016 0.056693989071
0 0.507513661202 0.216530054645 0.166666666667 0.214480874317
0 0.693306010929 0.293032786885 0.0136612021858 0.016393442623
0 0.419057377049 0.259904371585 0.0553278688525 0.0621584699454
0 0.386270491803 0.300204918033 0.0321038251366 0.0403005464481
0 0.334699453552 0.261953551913 0.0450819672131 0.0594262295082
0 0.275956284153 0.300204918033 0.0724043715847 0.0840163934426
0 0.183743169399 0.289275956284 0.0409836065574 0.0580601092896
0 0.356898907104 0.268442622951 0.0157103825137 0.0218579234973
