0 0.04150390625 0.74609375 0.0478515625 0.060546875
0 0.09521484375 0.67041015625 0.0283203125 0.0361328125
0 0.19091796875 0.66796875 0.0283203125 0.041015625
0 0.74560546875 0.6630859375 0.0322265625 0.037109375
0 0.63037109375 0.68408203125 0.0302734375 0.0458984375
0 0.095703125 0.57568359375 0.02734375 0.0283203125
0 0.49560546875 0.64208984375 0.0556640625 0.0673828125
0 0.2353515625 0.76953125 0.037109375 0.0234375
0 0.68798828125 0.75732421875 0.0341796875 0.0439453125
0 0.02880859375 0.50830078125 0.0322265625 0.0380859375
0 0.81640625 0.76318359375 0.03515625 0.0361328125
0 0.359375 0.75927734375 0.0390625 0.0439453125
0 0.33642578125 0.70068359375 0.0283203125 0.0341796875
0 0.39306640625 0.68603515625 0.0244140625 0.0361328125
0 0.443359375 0.65625 0.021484375 0.03125
0 0.9677734375 0.77001953125 0.044921875 0.0224609375
0 0.52392578125 0.39599609375 0.1865234375 0.2197265625
0 0.93798828125 0.69189453125 0.0419921875 0.0458984375
0 0.81591796875 0.69921875 0.0419921875 0.04296875
0 0.845703125 0.59228515625 0.0234375 0.0380859375
0 0.685546875 0.56103515625 0.03125 0.0380859375
0 0.6943359375 0.6826171875 0.041015625 0.046875
0 0.3505859375 0.66015625 0.037109375 0.048828125
0 0.28515625 0.68310546875 0.03515625 0.0517578125
0 0.3125 0.60205078125 0.025390625 0.0419921875
0 0.28955078125 0.5810546875 0.0205078125 0.03125
0 0.22998046875 0.576171875 0.0302734375 0.03515625
0 0.056640625 0.587890625 0.025390625 0.033203125
0 0.09130859375 0.61669921875 0.0283203125 0.0380859375
0 0.173828125 0.73779296875 0.037109375 0.0537109375
