0 0.781766200762 0.173015873016 0.0565438373571 0.0895238095238
0 0.519695044473 0.114285714286 0.0889453621347 0.116825396825
0 0.235705209657 0.0946031746032 0.0584498094028 0.0812698412698
0 0.296378653113 0.187936507937 0.0247776365947 0.031746031746
0 0.675349428208 0.23619047619 0.0355781448539 0.0419047619048
0 0.632782719187 0.267619047619 0.012706480305 0.015873015873
0 0.611499364676 0.289206349206 0.0158831003812 0.0209523809524
0 0.302414231258 0.106666666667 0.0152477763659 0.0203174603175
0 0.268106734435 0.148888888889 0.0139771283355 0.0146031746032
0 0.638500635324 0.459047619048 0.0470139771283 0.0571428571429
0 0.805590851334 0.209206349206 0.0241423125794 0.0336507936508
