0 0.6943359375 0.23681640625 0.052734375 0.0673828125
0 0.94775390625 0.5849609375 0.0205078125 0.021484375
0 0.919921875 0.6201171875 0.0234375 0.02734375
0 0.82275390625 0.5908203125 0.0263671875 0.029296875
0 0.853515625 0.4951171875 0.01953125 0.0234375
0 0.55859375 0.39306640625 0.01953125 0.0244140625
0 0.4912109375 0.38818359375 0.01953125 0.0224609375
0 0.587890625 0.5234375 0.021484375 0.02734375
0 0.541015625 0.53515625 0.021484375 0.029296875
0 0.48779296875 0.52587890625 0.0224609375 0.0322265625
0 0.43896484375 0.525390625 0.0224609375 0.029296875
0 0.40771484375 0.52001953125 0.0244140625 0.0322265625
0 0.36328125 0.51025390625 0.025390625 0.0302734375
0 0.31201171875 0.5146484375 0.0224609375 0.029296875
0 0.2607421875 0.4931640625 0.0234375 0.03125
0 0.28857421875 0.486328125 0.0224609375 0.029296875
0 0.32568359375 0.451171875 0.0205078125 0.03125
0 0.26904296875 0.4501953125 0.0205078125 0.025390625
0 0.24169921875 0.44140625 0.0205078125 0.025390625
0 0.1962890625 0.43798828125 0.01953125 0.0205078125
0 0.16455078125 0.4501953125 0.0263671875 0.03125
0 0.1533203125 0.3994140625 0.01953125 0.0234375
0 0.19921875 0.49267578125 0.021484375 0.0263671875
0 0.23779296875 0.4111328125 0.0205078125 0.021484375
0 0.1416015625 0.31201171875 0.01953125 0.0244140625
0 0.1103515625 0.24951171875 0.03515625 0.0595703125
0 0.615234375 0.5576171875 0.021484375 0.029296875
