0 0.225552968568 0.247818499127 0.0192083818393 0.0244328097731
0 0.324796274738 0.262361838278 0.023282887078 0.0337405468296
0 0.352153667055 0.362129144852 0.0197904540163 0.0331588132635
0 0.261641443539 0.0162885398487 0.0168800931315 0.0232693426411
0 0.494761350407 0.146015125073 0.0209545983702 0.0314136125654
0 0.395809080326 0.210005817336 0.0209545983702 0.0302501454334
0 0.487485448196 0.247818499127 0.0215366705471 0.0302501454334
0 0.42753201397 0.259453170448 0.0215366705471 0.0279232111693
0 0.385040745052 0.236183827807 0.0238649592549 0.0314136125654
0 0.394062863795 0.299011052938 0.0279394644936 0.0360674810937
0 0.535797438882 0.0474112856312 0.0215366705471 0.0238510762071
0 0.608556461001 0.0849331006399 0.0215366705471 0.0279232111693
0 0.535215366705 0.0904595695172 0.022700814901 0.0261780104712
0 0.569557625146 0.139325189063 0.022700814901 0.0285049447353
0 0.541618160652 0.206806282723 0.0215366705471 0.0308318789994
0 0.784924330617 0.306864456079 0.0250291036088 0.0319953461315
0 0.766880093132 0.353984874927 0.0261932479627 0.0319953461315
0 0.691501746217 0.358929610239 0.0291036088475 0.0337405468296
0 0.745052386496 0.412449098313 0.0291036088475 0.043048283886
0 0.766006984866 0.444153577661 0.0244470314319 0.0331588132635
0 0.75 0.472367655614 0.0320139697322 0.0302501454334
0 0.451979045402 0.534613147179 0.03434225844 0.043048283886
0 0.279103608847 0.594531704479 0.0331781140861 0.0360674810937
0 0.347206053551 0.676847004072 0.0413271245634 0.0401396160558
0 0.657450523865 0.413612565445 0.0308498253783 0.0314136125654
0 0.640570430733 0.439499709133 0.0320139697322 0.0447934845841
0 0.712456344587 0.500581733566 0.0314318975553 0.0366492146597
0 0.757275902212 0.58784176847 0.0302677532014 0.0401396160558
0 0.678114086147 0.556719022688 0.0256111757858 0.0372309482257
0 0.680442374854 0.634089586969 0.0174621653085 0.0267597440372
0 0.734284051222 0.686445607912 0.0355064027939 0.043048283886
0 0.606228172293 0.490983129727 0.0261932479627 0.0383944153578
0 0.282887077998 0.358347876672 0.0535506402794 0.044211751018
0 0.208963911525 0.476148923793 0.0139697322468 0.0354857475276
