0 0.97314453125 0.372434017595 0.0517578125 0.0664711632454
0 0.8505859375 0.403714565005 0.05078125 0.0606060606061
0 0.69287109375 0.438416422287 0.0498046875 0.0518084066471
0 0.57568359375 0.421798631476 0.0517578125 0.0635386119257
0 0.62548828125 0.33137829912 0.0498046875 0.0645161290323
0 0.7119140625 0.294232649071 0.041015625 0.0547409579668
0 0.81005859375 0.323069403715 0.0595703125 0.0674486803519
0 0.87451171875 0.275659824047 0.0439453125 0.0527859237537
0 0.8037109375 0.218475073314 0.044921875 0.049853372434
0 0.86376953125 0.202834799609 0.0380859375 0.0478983382209
0 0.93994140625 0.218963831867 0.0400390625 0.0488758553275
0 0.98828125 0.253176930596 0.0234375 0.0684261974585
0 0.9677734375 0.203812316716 0.033203125 0.0459433040078
0 0.7744140625 0.19696969697 0.033203125 0.0361681329423
0 0.69287109375 0.250244379277 0.0361328125 0.0430107526882
0 0.68505859375 0.207722385142 0.0361328125 0.0400782013685
0 0.74609375 0.184750733138 0.029296875 0.0332355816227
0 0.63232421875 0.281524926686 0.0419921875 0.0527859237537
0 0.62109375 0.247311827957 0.03515625 0.0469208211144
0 0.59619140625 0.232160312805 0.0302734375 0.0381231671554
0 0.66015625 0.182306940371 0.029296875 0.0263929618768
0 0.56298828125 0.189149560117 0.0322265625 0.0361681329423
0 0.533203125 0.24633431085 0.037109375 0.0449657869013
0 0.51318359375 0.293255131965 0.0439453125 0.0547409579668
0 0.4853515625 0.200391006843 0.025390625 0.0332355816227
0 0.51806640625 0.216031280547 0.0322265625 0.0410557184751
0 0.4287109375 0.271260997067 0.037109375 0.0420332355816
0 0.42578125 0.245356793744 0.03515625 0.0430107526882
0 0.3994140625 0.207722385142 0.033203125 0.0420332355816
0 0.34765625 0.293743890518 0.03515625 0.0439882697947
0 0.4462890625 0.322580645161 0.041015625 0.0508308895406
0 0.49267578125 0.35972629521 0.0439453125 0.0566959921799
0 0.37890625 0.347996089932 0.041015625 0.0508308895406
0 0.42822265625 0.434506353861 0.0478515625 0.0654936461388
0 0.36572265625 0.562072336266 0.0634765625 0.0742913000978
0 0.30078125 0.433040078201 0.046875 0.0625610948192
0 0.25048828125 0.368523949169 0.0419921875 0.0566959921799
0 0.302734375 0.292766373412 0.0390625 0.0459433040078
0 0.296875 0.200879765396 0.025390625 0.030303030303
0 0.35546875 0.204789833822 0.025390625 0.0342130987292
0 0.28076171875 0.182795698925 0.0224609375 0.0293255131965
0 0.2822265625 0.24633431085 0.033203125 0.039100684262
0 0.2333984375 0.244868035191 0.03515625 0.049853372434
0 0.19287109375 0.33284457478 0.0400390625 0.0518084066471
0 0.25390625 0.221896383187 0.02734375 0.0351906158358
0 0.22265625 0.214076246334 0.02734375 0.0351906158358
0 0.234375 0.181329423265 0.0234375 0.0283479960899
0 0.18701171875 0.181818181818 0.0322265625 0.0293255131965
0 0.13671875 0.221407624633 0.037109375 0.0459433040078
0 0.11572265625 0.204301075269 0.0263671875 0.0332355816227
0 0.0830078125 0.237536656891 0.029296875 0.0312805474096
0 0.060546875 0.27468230694 0.029296875 0.039100684262
0 0.08203125 0.341153470186 0.03515625 0.0449657869013
0 0.142578125 0.436950146628 0.052734375 0.058651026393
0 0.115234375 0.376344086022 0.04296875 0.0508308895406
0 0.046875 0.435972629521 0.048828125 0.058651026393
0 0.01708984375 0.390518084066 0.0341796875 0.0518084066471
0 0.0166015625 0.323558162268 0.03125 0.0410557184751
0 0.01708984375 0.264907135875 0.0263671875 0.0293255131965
0 0.03076171875 0.236559139785 0.0263671875 0.0293255131965
0 0.03955078125 0.210654936461 0.0205078125 0.0283479960899
0 0.05126953125 0.188172043011 0.0205078125 0.0283479960899
0 0.3359375 0.230694037146 0.033203125 0.0410557184751
