0 0.0966796875 0.5341796875 0.0234375 0.025390625
0 0.02685546875 0.55712890625 0.0302734375 0.0458984375
0 0.19921875 0.57421875 0.025390625 0.02734375
0 0.19091796875 0.6044921875 0.0205078125 0.025390625
0 0.1865234375 0.6318359375 0.01953125 0.025390625
0 0.16552734375 0.67626953125 0.0263671875 0.0302734375
0 0.1181640625 0.63671875 0.0234375 0.025390625
0 0.1123046875 0.60107421875 0.01953125 0.0283203125
0 0.04296875 0.591796875 0.03515625 0.046875
0 0.2080078125 0.4736328125 0.01953125 0.021484375
0 0.3251953125 0.42626953125 0.03125 0.0634765625
0 0.4140625 0.61083984375 0.021484375 0.0244140625
0 0.5771484375 0.3974609375 0.01953125 0.025390625
0 0.48193359375 0.4794921875 0.0224609375 0.029296875
0 0.43701171875 0.55126953125 0.0205078125 0.0244140625
0 0.46630859375 0.60009765625 0.0224609375 0.0302734375
0 0.55419921875 0.462890625 0.0556640625 0.0703125
0 0.23388671875 0.67529296875 0.0205078125 0.0205078125
0 0.716796875 0.47412109375 0.021484375 0.0205078125
0 0.7158203125 0.42333984375 0.01953125 0.0263671875
0 0.7548828125 0.39306640625 0.021484375 0.0244140625
0 0.76318359375 0.42138671875 0.0205078125 0.0244140625
0 0.8251953125 0.48779296875 0.021484375 0.0263671875
0 0.732421875 0.4873046875 0.076171875 0.05078125
0 0.923828125 0.400390625 0.01953125 0.025390625
0 0.97607421875 0.47900390625 0.0224609375 0.0263671875
0 0.89453125 0.4521484375 0.01953125 0.02734375
0 0.84375 0.52392578125 0.01953125 0.0263671875
0 0.9189453125 0.51123046875 0.0234375 0.0283203125
0 0.92236328125 0.55078125 0.0224609375 0.02734375
0 0.78076171875 0.6220703125 0.0224609375 0.029296875
0 0.7333984375 0.6962890625 0.0234375 0.03125
0 0.8388671875 0.69384765625 0.029296875 0.0341796875
0 0.8818359375 0.650390625 0.02734375 0.037109375
0 0.91455078125 0.67041015625 0.0224609375 0.0263671875
0 0.96826171875 0.58642578125 0.0244140625 0.0341796875
0 0.93408203125 0.6162109375 0.0244140625 0.037109375
