0 0.162536443149 0.0768950437318 0.0524781341108 0.111516034985
0 0.225583090379 0.145408163265 0.0765306122449 0.0998542274052
0 0.249635568513 0.2277696793 0.0779883381924 0.111516034985
0 0.637755102041 0.326166180758 0.0918367346939 0.129008746356
0 0.376822157434 0.339285714286 0.0860058309038 0.123177842566
0 0.533527696793 0.206268221574 0.0743440233236 0.103498542274
0 0.694241982507 0.165816326531 0.0721574344023 0.0896501457726
0 0.442055393586 0.157434402332 0.0721574344023 0.103498542274
0 0.611151603499 0.055029154519 0.0779883381924 0.0940233236152
0 0.840379008746 0.202259475219 0.0626822157434 0.0998542274052
0 0.770772594752 0.0451895043732 0.0721574344023 0.0743440233236
0 0.18112244898 0.334912536443 0.0779883381924 0.146501457726
