0 0.814858490566 0.0750196386489 0.0353773584906 0.0432050274941
0 0.754323899371 0.0805184603299 0.0400943396226 0.0416339355852
0 0.525157232704 0.126865671642 0.0817610062893 0.0934799685782
0 0.413522012579 0.0361351139042 0.0314465408805 0.0392772977219
0 0.343553459119 0.0298507462687 0.0314465408805 0.0361351139042
0 0.245676100629 0.0227808326787 0.0353773584906 0.0439905734485
0 0.318789308176 0.130400628437 0.0369496855346 0.0502749410841
0 0.397012578616 0.104870384918 0.0345911949686 0.0432050274941
0 0.242924528302 0.204241948154 0.0283018867925 0.0392772977219
0 0.166273584906 0.186567164179 0.0353773584906 0.0400628436764
0 0.183962264151 0.165357423409 0.0283018867925 0.0384917517675
0 0.218160377358 0.136292223095 0.0243710691824 0.0290652003142
0 0.137971698113 0.107227022781 0.0275157232704 0.0369206598586
0 0.117531446541 0.147289866457 0.0338050314465 0.0416339355852
0 0.109669811321 0.205813040063 0.0227987421384 0.0487038491752
0 0.115172955975 0.305970149254 0.0322327044025 0.044776119403
0 0.447720125786 0.173998428908 0.0259433962264 0.0353495679497
0 0.823113207547 0.314218381775 0.0298742138365 0.0392772977219
0 0.650943396226 0.17792615868 0.0220125786164 0.032207384132
0 0.873034591195 0.250589159466 0.0212264150943 0.0314218381775
