0 0.11767578125 0.30889540567 0.0400390625 0.0566959921799
0 0.24267578125 0.320625610948 0.0341796875 0.0449657869013
0 0.3466796875 0.316715542522 0.03515625 0.0488758553275
0 0.4443359375 0.30449657869 0.03125 0.0439882697947
0 0.53466796875 0.298142717498 0.0283203125 0.0508308895406
0 0.619140625 0.309384164223 0.03515625 0.0400782013685
0 0.72314453125 0.315738025415 0.0302734375 0.0488758553275
0 0.828125 0.342619745846 0.02734375 0.0439882697947
0 0.775390625 0.450146627566 0.033203125 0.0478983382209
0 0.65625 0.445259042033 0.03515625 0.0478983382209
0 0.54443359375 0.436461388074 0.0361328125 0.0537634408602
0 0.4130859375 0.435972629521 0.037109375 0.0527859237537
0 0.2978515625 0.442326490714 0.037109375 0.0518084066471
0 0.185546875 0.455522971652 0.03515625 0.0469208211144
