0 0.0732421875 0.376344086022 0.02734375 0.0332355816227
0 0.17626953125 0.378787878788 0.0244140625 0.0342130987292
0 0.2646484375 0.41495601173 0.0234375 0.0342130987292
0 0.2919921875 0.477028347996 0.0234375 0.0371456500489
0 0.1337890625 0.489247311828 0.02734375 0.0381231671554
0 0.1826171875 0.487781036168 0.025390625 0.0371456500489
0 0.26025390625 0.567937438905 0.0244140625 0.0371456500489
0 0.3564453125 0.432062561095 0.025390625 0.0351906158358
0 0.38818359375 0.476539589443 0.0263671875 0.0420332355816
0 0.375 0.576735092864 0.029296875 0.039100684262
0 0.49560546875 0.572825024438 0.0244140625 0.0332355816227
0 0.48291015625 0.479960899316 0.0263671875 0.0351906158358
0 0.43896484375 0.41495601173 0.0263671875 0.0381231671554
0 0.5224609375 0.406647116325 0.025390625 0.0351906158358
0 0.5673828125 0.481427174976 0.025390625 0.0361681329423
0 0.61376953125 0.574780058651 0.0263671875 0.0371456500489
0 0.73388671875 0.575268817204 0.0283203125 0.0400782013685
0 0.654296875 0.484359726295 0.025390625 0.0342130987292
0 0.611328125 0.427174975562 0.0234375 0.0351906158358
0 0.70263671875 0.431573802542 0.0263671875 0.0342130987292
0 0.79736328125 0.421798631476 0.0263671875 0.0283479960899
0 0.75 0.487292277615 0.0234375 0.030303030303
0 0.845703125 0.484359726295 0.025390625 0.0400782013685
0 0.90966796875 0.490713587488 0.0244140625 0.0410557184751
0 0.90283203125 0.423264907136 0.0224609375 0.0312805474096
