0 0.562601626016 0.358245329001 0.0715447154472 0.0633631194151
0 0.274796747967 0.614541023558 0.0162601626016 0.0219333874898
0 0.324390243902 0.611291632819 0.0162601626016 0.0186839967506
0 0.386178861789 0.643379366369 0.0487804878049 0.055239642567
0 0.305691056911 0.639317627945 0.0162601626016 0.0227457351747
0 0.239430894309 0.764419171405 0.0186991869919 0.0292445166531
0 0.259349593496 0.798131600325 0.0211382113821 0.0235580828595
0 0.234146341463 0.920796100731 0.0211382113821 0.0284321689683
0 0.283739837398 0.952883834281 0.0178861788618 0.0259951259139
0 0.297154471545 0.908204711617 0.020325203252 0.0259951259139
0 0.123170731707 0.663281884647 0.0788617886179 0.0609260763607
0 0.678048780488 0.700649878148 0.0178861788618 0.0203086921202
0 0.727642276423 0.674248578392 0.0162601626016 0.021121039805
0 0.79674796748 0.597887896019 0.0162601626016 0.0194963444354
0 0.692682926829 0.873679935012 0.019512195122 0.0284321689683
0 0.694715447154 0.818034118603 0.0186991869919 0.0259951259139
0 0.636178861789 0.813160032494 0.0170731707317 0.0243704305443
0 0.649593495935 0.790820471162 0.0178861788618 0.0235580828595
0 0.907317073171 0.902112103981 0.0178861788618 0.0251827782291
0 0.623170731707 0.659626320065 0.0186991869919 0.0227457351747
