0 0.11328125 0.353515625 0.021484375 0.021484375
0 0.29150390625 0.35791015625 0.0205078125 0.0302734375
0 0.3798828125 0.357421875 0.01953125 0.029296875
0 0.4013671875 0.34716796875 0.01953125 0.0283203125
0 0.443359375 0.3583984375 0.021484375 0.025390625
0 0.5205078125 0.34521484375 0.01953125 0.0302734375
0 0.189453125 0.42822265625 0.0234375 0.0283203125
0 0.25439453125 0.43115234375 0.0224609375 0.0302734375
0 0.3466796875 0.458984375 0.0234375 0.029296875
0 0.41943359375 0.44091796875 0.0205078125 0.0283203125
0 0.47998046875 0.43701171875 0.0205078125 0.0283203125
0 0.53955078125 0.4365234375 0.0205078125 0.029296875
0 0.2060546875 0.5009765625 0.025390625 0.033203125
0 0.30078125 0.49853515625 0.0234375 0.0361328125
0 0.4072265625 0.501953125 0.025390625 0.03515625
0 0.53076171875 0.5048828125 0.0244140625 0.037109375
0 0.6650390625 0.34912109375 0.01953125 0.0263671875
0 0.59619140625 0.45166015625 0.0205078125 0.0244140625
0 0.64208984375 0.5048828125 0.0244140625 0.033203125
0 0.66015625 0.41650390625 0.0234375 0.0302734375
0 0.72802734375 0.3466796875 0.0244140625 0.02734375
0 0.802734375 0.349609375 0.01953125 0.0234375
0 0.8359375 0.3564453125 0.01953125 0.0234375
0 0.89794921875 0.36865234375 0.0244140625 0.0283203125
0 0.76611328125 0.44921875 0.0224609375 0.02734375
0 0.859375 0.47021484375 0.021484375 0.0263671875
