0 0.24462890625 0.26416015625 0.0400390625 0.0556640625
0 0.3681640625 0.283203125 0.037109375 0.044921875
0 0.1474609375 0.50732421875 0.04296875 0.0498046875
0 0.310546875 0.4462890625 0.041015625 0.0546875
0 0.49853515625 0.31005859375 0.0380859375 0.0595703125
0 0.4873046875 0.443359375 0.04296875 0.052734375
0 0.611328125 0.287109375 0.041015625 0.05859375
0 0.7060546875 0.30322265625 0.0390625 0.0537109375
0 0.85595703125 0.30126953125 0.0400390625 0.0537109375
0 0.68896484375 0.45849609375 0.0439453125 0.0576171875
0 0.81787109375 0.416015625 0.0419921875 0.0546875
