0 0.125 0.401270772239 0.01953125 0.0263929618768
0 0.18212890625 0.405669599218 0.0205078125 0.0215053763441
0 0.11962890625 0.55376344086 0.0224609375 0.0283479960899
0 0.568359375 0.41788856305 0.01953125 0.0205278592375
0 0.619140625 0.513685239492 0.01953125 0.0205278592375
0 0.63818359375 0.508797653959 0.0205078125 0.0224828934506
0 0.640625 0.424731182796 0.01953125 0.0244379276637
0 0.7900390625 0.41495601173 0.021484375 0.030303030303
0 0.86328125 0.413978494624 0.0234375 0.0283479960899
0 0.3857421875 0.605083088954 0.021484375 0.0293255131965
0 0.53271484375 0.61485826002 0.0224609375 0.0254154447703
0 0.5712890625 0.599706744868 0.021484375 0.0224828934506
