0 0.21923828125 0.377321603128 0.0302734375 0.0351906158358
0 0.31201171875 0.376832844575 0.0322265625 0.0439882697947
0 0.38916015625 0.378299120235 0.0302734375 0.0351906158358
0 0.47705078125 0.421309872923 0.0283203125 0.0371456500489
0 0.544921875 0.399804496579 0.03125 0.0332355816227
0 0.611328125 0.383186705767 0.02734375 0.0293255131965
0 0.70654296875 0.41495601173 0.0283203125 0.030303030303
0 0.7490234375 0.407135874878 0.0234375 0.0361681329423
0 0.8056640625 0.433528836755 0.029296875 0.0342130987292
0 0.28955078125 0.391984359726 0.0224609375 0.0234604105572
