0 0.2939453125 0.3515625 0.021484375 0.02734375
0 0.33251953125 0.3564453125 0.0283203125 0.037109375
0 0.39111328125 0.34228515625 0.0263671875 0.0302734375
0 0.44384765625 0.3359375 0.0244140625 0.029296875
0 0.48583984375 0.3291015625 0.0380859375 0.041015625
0 0.580078125 0.357421875 0.029296875 0.029296875
0 0.61376953125 0.3349609375 0.0263671875 0.025390625
0 0.66259765625 0.3291015625 0.0322265625 0.029296875
0 0.744140625 0.33837890625 0.025390625 0.0244140625
0 0.8173828125 0.32177734375 0.0390625 0.0322265625
0 0.54736328125 0.32763671875 0.0224609375 0.0244140625
0 0.42626953125 0.33740234375 0.0224609375 0.0283203125
0 0.36767578125 0.3447265625 0.0224609375 0.021484375
