0 0.091796875 0.361681329423 0.03125 0.039100684262
0 0.1943359375 0.358748778104 0.03125 0.039100684262
0 0.14453125 0.517595307918 0.033203125 0.0478983382209
0 0.23388671875 0.513685239492 0.0341796875 0.049853372434
0 0.298828125 0.365102639296 0.033203125 0.0478983382209
0 0.4052734375 0.355816226784 0.033203125 0.0430107526882
0 0.39111328125 0.507331378299 0.0341796875 0.0488758553275
0 0.51025390625 0.348484848485 0.0302734375 0.0420332355816
0 0.509765625 0.532258064516 0.03125 0.0459433040078
0 0.6044921875 0.346041055718 0.03125 0.0371456500489
0 0.63916015625 0.497556207234 0.0341796875 0.0410557184751
0 0.71337890625 0.326979472141 0.0302734375 0.0400782013685
0 0.81103515625 0.363636363636 0.0322265625 0.0430107526882
0 0.779296875 0.475562072336 0.037109375 0.0439882697947
