0 0.07470703125 0.39306640625 0.0244140625 0.0322265625
0 0.13427734375 0.466796875 0.0205078125 0.029296875
0 0.283203125 0.4609375 0.01953125 0.02734375
0 0.3544921875 0.4638671875 0.01953125 0.02734375
0 0.4296875 0.39501953125 0.01953125 0.0263671875
0 0.6396484375 0.37060546875 0.01953125 0.0244140625
0 0.7109375 0.376953125 0.01953125 0.0234375
0 0.8603515625 0.37646484375 0.01953125 0.0244140625
0 0.8955078125 0.37548828125 0.01953125 0.0224609375
0 0.49267578125 0.4619140625 0.0205078125 0.02734375
0 0.64404296875 0.44677734375 0.0205078125 0.0263671875
