0 0.0712890625 0.348484848485 0.037109375 0.0478983382209
0 0.17919921875 0.369990224829 0.0341796875 0.0478983382209
0 0.2880859375 0.373900293255 0.03515625 0.0478983382209
0 0.46142578125 0.385630498534 0.0322265625 0.0459433040078
0 0.5361328125 0.402737047898 0.03125 0.0449657869013
0 0.6240234375 0.413000977517 0.029296875 0.0439882697947
0 0.0634765625 0.588465298143 0.03515625 0.0508308895406
0 0.71533203125 0.602639296188 0.0341796875 0.0420332355816
0 0.80908203125 0.541055718475 0.0361328125 0.0439882697947
0 0.90625 0.518084066471 0.041015625 0.0430107526882
0 0.181640625 0.587487781036 0.0390625 0.0508308895406
0 0.30810546875 0.5596285435 0.0341796875 0.0557184750733
0 0.38427734375 0.493646138807 0.0361328125 0.0430107526882
0 0.43994140625 0.594330400782 0.0380859375 0.0469208211144
0 0.580078125 0.524926686217 0.037109375 0.0469208211144
0 0.68798828125 0.395894428152 0.0361328125 0.0410557184751
0 0.77880859375 0.398826979472 0.0361328125 0.0410557184751
0 0.8642578125 0.38954056696 0.033203125 0.0459433040078
