0 0.0830078125 0.3505859375 0.0234375 0.0234375
0 0.1650390625 0.34423828125 0.021484375 0.0224609375
0 0.1962890625 0.34765625 0.0234375 0.0234375
0 0.2353515625 0.34765625 0.021484375 0.029296875
0 0.103515625 0.47314453125 0.03125 0.0302734375
0 0.1474609375 0.47607421875 0.03125 0.0283203125
0 0.21728515625 0.4365234375 0.0224609375 0.025390625
0 0.3359375 0.41845703125 0.025390625 0.0341796875
0 0.32861328125 0.34912109375 0.0205078125 0.0263671875
0 0.01513671875 0.35888671875 0.0302734375 0.0322265625
0 0.49365234375 0.34521484375 0.0224609375 0.0244140625
0 0.4384765625 0.5126953125 0.025390625 0.033203125
0 0.4658203125 0.52783203125 0.03125 0.0361328125
0 0.50439453125 0.46435546875 0.0224609375 0.0322265625
0 0.583984375 0.35986328125 0.021484375 0.0205078125
0 0.552734375 0.47900390625 0.02734375 0.0283203125
0 0.75830078125 0.36083984375 0.0205078125 0.0283203125
0 0.81396484375 0.34619140625 0.0244140625 0.0224609375
0 0.86279296875 0.39404296875 0.0244140625 0.0322265625
0 0.7099609375 0.474609375 0.02734375 0.03515625
0 0.68408203125 0.55615234375 0.0380859375 0.0498046875
0 0.74658203125 0.34033203125 0.0205078125 0.0244140625
0 0.88232421875 0.32763671875 0.0244140625 0.0322265625
0 0.90576171875 0.35693359375 0.0244140625 0.0244140625
0 0.841796875 0.51416015625 0.03515625 0.0380859375
0 0.67041015625 0.353515625 0.0224609375 0.02734375
0 0.68798828125 0.32470703125 0.0205078125 0.0263671875
0 0.7265625 0.3369140625 0.01953125 0.02734375
0 0.70849609375 0.419921875 0.0205078125 0.025390625
