0 0.10400390625 0.3486328125 0.0224609375 0.02734375
0 0.41015625 0.1650390625 0.021484375 0.021484375
0 0.4267578125 0.37255859375 0.01953125 0.0244140625
0 0.158203125 0.259765625 0.01953125 0.021484375
0 0.1630859375 0.28564453125 0.01953125 0.0244140625
0 0.19189453125 0.29345703125 0.0205078125 0.0244140625
0 0.052734375 0.294921875 0.01953125 0.021484375
0 0.7568359375 0.2568359375 0.01953125 0.025390625
0 0.85986328125 0.1962890625 0.0224609375 0.02734375
0 0.8876953125 0.1962890625 0.0234375 0.0234375
0 0.970703125 0.35400390625 0.021484375 0.0263671875
0 0.2763671875 0.154296875 0.01953125 0.021484375
0 0.57568359375 0.1962890625 0.0205078125 0.0234375
0 0.6103515625 0.1845703125 0.01953125 0.0234375
0 0.896484375 0.32568359375 0.0234375 0.0302734375
0 0.390625 0.48095703125 0.03125 0.0439453125
0 0.478515625 0.23291015625 0.021484375 0.0263671875
0 0.4248046875 0.20654296875 0.01953125 0.0244140625
0 0.607421875 0.3544921875 0.02734375 0.03125
0 0.5087890625 0.45849609375 0.033203125 0.0380859375
0 0.48388671875 0.46435546875 0.0244140625 0.0302734375
0 0.3466796875 0.2431640625 0.01953125 0.0234375
0 0.83544921875 0.15771484375 0.0205078125 0.0263671875
0 0.3388671875 0.15234375 0.01953125 0.0234375
0 0.244140625 0.36083984375 0.025390625 0.0322265625
0 0.8935546875 0.27880859375 0.01953125 0.0244140625
0 0.61865234375 0.44873046875 0.0380859375 0.0458984375
0 0.57275390625 0.44775390625 0.0322265625 0.0458984375
0 0.95703125 0.134765625 0.01953125 0.0234375
0 0.25 0.29638671875 0.01953125 0.0244140625
0 0.4609375 0.1474609375 0.025390625 0.029296875
0 0.119140625 0.24755859375 0.01953125 0.0244140625
0 0.6103515625 0.15234375 0.01953125 0.021484375
0 0.349609375 0.1162109375 0.01953125 0.021484375
0 0.10498046875 0.3515625 0.0224609375 0.02734375
0 0.0517578125 0.36474609375 0.021484375 0.0244140625
0 0.51953125 0.22216796875 0.01953125 0.0224609375
0 0.779296875 0.28173828125 0.021484375 0.0224609375
0 0.23681640625 0.18994140625 0.0205078125 0.0283203125
0 0.8662109375 0.28271484375 0.01953125 0.0244140625
0 0.74462890625 0.29541015625 0.0205078125 0.0205078125
0 0.734375 0.328125 0.025390625 0.03125
0 0.65625 0.3623046875 0.021484375 0.021484375
0 0.6279296875 0.3037109375 0.0234375 0.0234375
0 0.43408203125 0.4560546875 0.0205078125 0.03125
0 0.16943359375 0.31201171875 0.0205078125 0.0244140625
0 0.3037109375 0.2685546875 0.01953125 0.025390625
0 0.32275390625 0.1923828125 0.0224609375 0.0234375
0 0.40087890625 0.3134765625 0.0361328125 0.041015625
0 0.78369140625 0.3466796875 0.0283203125 0.0390625
0 0.74755859375 0.2275390625 0.0205078125 0.0234375
0 0.04833984375 0.12890625 0.0244140625 0.0234375
0 0.30224609375 0.3193359375 0.0224609375 0.025390625
0 0.306640625 0.36279296875 0.0234375 0.0283203125
