0 0.18310546875 0.35693359375 0.0341796875 0.0439453125
0 0.8232421875 0.3447265625 0.03125 0.0390625
0 0.7529296875 0.50390625 0.02734375 0.02734375
0 0.5322265625 0.6357421875 0.029296875 0.03125
0 0.5595703125 0.5048828125 0.029296875 0.0390625
0 0.6142578125 0.50927734375 0.02734375 0.0341796875
0 0.2529296875 0.51953125 0.03125 0.03125
0 0.37744140625 0.49462890625 0.0263671875 0.0322265625
0 0.427734375 0.517578125 0.025390625 0.033203125
0 0.4013671875 0.65673828125 0.03125 0.0302734375
0 0.33056640625 0.51318359375 0.0224609375 0.0263671875
