0 0.19287109375 0.29736328125 0.0380859375 0.0517578125
0 0.2861328125 0.30126953125 0.041015625 0.0517578125
0 0.2353515625 0.46630859375 0.0390625 0.0498046875
0 0.37255859375 0.41357421875 0.0361328125 0.0556640625
0 0.5185546875 0.46044921875 0.0390625 0.0498046875
0 0.5380859375 0.3203125 0.037109375 0.048828125
0 0.416015625 0.30078125 0.03515625 0.05078125
0 0.673828125 0.29736328125 0.0390625 0.0556640625
0 0.81689453125 0.2919921875 0.0380859375 0.05078125
0 0.7919921875 0.39306640625 0.0390625 0.0498046875
0 0.662109375 0.4384765625 0.0390625 0.048828125
