0 0.5107421875 0.310361681329 0.0390625 0.0518084066471
0 0.61376953125 0.299120234604 0.0400390625 0.0527859237537
0 0.39501953125 0.311827956989 0.0400390625 0.058651026393
0 0.15966796875 0.293255131965 0.0419921875 0.058651026393
0 0.14208984375 0.523460410557 0.0439453125 0.0576735092864
0 0.2734375 0.295210166178 0.041015625 0.0547409579668
0 0.298828125 0.524437927664 0.041015625 0.0596285434995
0 0.46484375 0.534213098729 0.04296875 0.0557184750733
0 0.64208984375 0.548387096774 0.0400390625 0.058651026393
0 0.82373046875 0.317204301075 0.0419921875 0.0576735092864
0 0.72314453125 0.300586510264 0.0419921875 0.0615835777126
