0 0.2470703125 0.2783203125 0.044921875 0.06640625
0 0.392578125 0.2958984375 0.044921875 0.0625
0 0.12109375 0.53271484375 0.048828125 0.0634765625
0 0.26611328125 0.5107421875 0.0458984375 0.060546875
0 0.53759765625 0.26416015625 0.0458984375 0.0595703125
0 0.6982421875 0.31201171875 0.04296875 0.0595703125
0 0.85546875 0.3017578125 0.04296875 0.0625
0 0.87060546875 0.53076171875 0.0498046875 0.0634765625
0 0.7431640625 0.53662109375 0.04296875 0.0615234375
0 0.59912109375 0.49560546875 0.0439453125 0.0634765625
0 0.4345703125 0.521484375 0.04296875 0.05859375
