0 0.0859375 0.3544921875 0.033203125 0.041015625
0 0.18603515625 0.3427734375 0.0341796875 0.04296875
0 0.216796875 0.4345703125 0.033203125 0.04296875
0 0.28515625 0.35302734375 0.029296875 0.0419921875
0 0.2783203125 0.43896484375 0.03125 0.0439453125
0 0.3447265625 0.44140625 0.03125 0.037109375
0 0.37158203125 0.3525390625 0.0302734375 0.037109375
0 0.458984375 0.34033203125 0.029296875 0.0380859375
0 0.43310546875 0.42333984375 0.0322265625 0.0419921875
0 0.53564453125 0.34423828125 0.0283203125 0.0341796875
0 0.61767578125 0.3466796875 0.0302734375 0.037109375
0 0.61083984375 0.4326171875 0.0322265625 0.041015625
0 0.517578125 0.40869140625 0.033203125 0.0458984375
0 0.80078125 0.3583984375 0.03125 0.044921875
0 0.90283203125 0.36474609375 0.0302734375 0.0361328125
0 0.8310546875 0.45556640625 0.03125 0.0419921875
0 0.70751953125 0.34716796875 0.0283203125 0.0400390625
0 0.68115234375 0.43359375 0.0302734375 0.041015625
0 0.75537109375 0.4443359375 0.0302734375 0.041015625
