0 0.8701171875 0.293255131965 0.03125 0.0430107526882
0 0.79443359375 0.323558162268 0.0302734375 0.039100684262
0 0.7568359375 0.339687194526 0.03125 0.0400782013685
0 0.73291015625 0.449657869013 0.0341796875 0.0410557184751
0 0.8125 0.478983382209 0.03515625 0.0371456500489
0 0.69189453125 0.317693059629 0.0283203125 0.0332355816227
0 0.63818359375 0.322091886608 0.0302734375 0.0381231671554
0 0.59423828125 0.32991202346 0.0283203125 0.0381231671554
0 0.564453125 0.33137829912 0.033203125 0.0410557184751
0 0.63232421875 0.435483870968 0.0341796875 0.0439882697947
0 0.568359375 0.513196480938 0.03515625 0.0410557184751
0 0.384765625 0.471163245357 0.0390625 0.0508308895406
0 0.2666015625 0.334799608993 0.033203125 0.0381231671554
0 0.3544921875 0.320625610948 0.03125 0.0449657869013
0 0.392578125 0.295698924731 0.033203125 0.0439882697947
0 0.4423828125 0.342130987292 0.029296875 0.0371456500489
0 0.484375 0.33137829912 0.029296875 0.039100684262
0 0.52392578125 0.32991202346 0.0283203125 0.0322580645161
0 0.19287109375 0.355327468231 0.0341796875 0.0400782013685
0 0.13134765625 0.326001955034 0.0361328125 0.0478983382209
