0 0.1640625 0.26318359375 0.046875 0.0595703125
0 0.1552734375 0.31884765625 0.044921875 0.0615234375
0 0.27099609375 0.3447265625 0.0478515625 0.068359375
0 0.302734375 0.26806640625 0.04296875 0.0595703125
0 0.46240234375 0.35107421875 0.0458984375 0.0615234375
0 0.4052734375 0.27587890625 0.041015625 0.0537109375
0 0.53466796875 0.26953125 0.0400390625 0.056640625
0 0.771484375 0.33984375 0.046875 0.060546875
0 0.7880859375 0.25537109375 0.04296875 0.0556640625
0 0.671875 0.2578125 0.041015625 0.056640625
0 0.66064453125 0.400390625 0.0439453125 0.060546875
