0 0.123046875 0.4130859375 0.048828125 0.0546875
0 0.26220703125 0.40478515625 0.0419921875 0.0576171875
0 0.25927734375 0.55712890625 0.0458984375 0.0634765625
0 0.1318359375 0.56884765625 0.048828125 0.0576171875
0 0.33544921875 0.30224609375 0.0419921875 0.0615234375
0 0.37158203125 0.40771484375 0.0439453125 0.0576171875
0 0.49658203125 0.40380859375 0.0439453125 0.0537109375
0 0.37548828125 0.57861328125 0.0458984375 0.0576171875
0 0.47314453125 0.57861328125 0.0458984375 0.0615234375
0 0.6943359375 0.30712890625 0.046875 0.0712890625
0 0.6162109375 0.408203125 0.04296875 0.052734375
0 0.77490234375 0.40185546875 0.0498046875 0.0673828125
0 0.5908203125 0.587890625 0.046875 0.0625
0 0.71533203125 0.57958984375 0.0439453125 0.0537109375
0 0.90185546875 0.38037109375 0.0478515625 0.0556640625
0 0.859375 0.57080078125 0.044921875 0.0615234375
