0 0.49609375 0.33984375 0.048828125 0.064453125
0 0.66015625 0.373046875 0.03515625 0.0625
0 0.78955078125 0.34423828125 0.0400390625 0.0576171875
0 0.712890625 0.36083984375 0.0390625 0.0576171875
0 0.56640625 0.46484375 0.01953125 0.029296875
0 0.15966796875 0.255859375 0.0302734375 0.03125
0 0.13330078125 0.3369140625 0.0263671875 0.02734375
0 0.0576171875 0.3271484375 0.02734375 0.029296875
0 0.06689453125 0.28515625 0.0224609375 0.029296875
0 0.17431640625 0.212890625 0.0205078125 0.021484375
0 0.2705078125 0.21044921875 0.0234375 0.0283203125
0 0.240234375 0.26220703125 0.02734375 0.0302734375
0 0.21630859375 0.33349609375 0.0244140625 0.0302734375
0 0.31640625 0.3271484375 0.021484375 0.021484375
0 0.31005859375 0.26220703125 0.0244140625 0.0283203125
0 0.33935546875 0.20654296875 0.0224609375 0.0302734375
0 0.3798828125 0.25439453125 0.0234375 0.0322265625
0 0.42529296875 0.21044921875 0.0244140625 0.0283203125
0 0.47900390625 0.2822265625 0.0244140625 0.02734375
0 0.57861328125 0.2626953125 0.0205078125 0.02734375
0 0.50732421875 0.2021484375 0.0263671875 0.029296875
0 0.59423828125 0.2060546875 0.0224609375 0.0234375
0 0.6328125 0.23095703125 0.01953125 0.0302734375
0 0.71826171875 0.25439453125 0.0283203125 0.0283203125
0 0.6494140625 0.30078125 0.02734375 0.033203125
0 0.67041015625 0.19189453125 0.0283203125 0.0244140625
0 0.75537109375 0.205078125 0.0283203125 0.03125
0 0.91845703125 0.236328125 0.0244140625 0.02734375
