0 0.552734375 0.3291015625 0.0234375 0.02734375
0 0.5439453125 0.4130859375 0.0234375 0.033203125
0 0.666015625 0.5224609375 0.02734375 0.03515625
0 0.5595703125 0.51220703125 0.02734375 0.0341796875
0 0.47265625 0.40869140625 0.0234375 0.0302734375
0 0.4580078125 0.49658203125 0.02734375 0.0341796875
0 0.35400390625 0.509765625 0.0263671875 0.033203125
0 0.4833984375 0.32177734375 0.021484375 0.0283203125
0 0.32666015625 0.3271484375 0.0224609375 0.02734375
0 0.4013671875 0.32763671875 0.021484375 0.0283203125
0 0.3984375 0.4091796875 0.0234375 0.029296875
0 0.30712890625 0.40478515625 0.0244140625 0.0322265625
0 0.22509765625 0.40966796875 0.0244140625 0.0302734375
0 0.1591796875 0.408203125 0.0234375 0.03125
0 0.15771484375 0.32861328125 0.0224609375 0.0302734375
0 0.2509765625 0.32666015625 0.021484375 0.0283203125
0 0.25439453125 0.5146484375 0.0283203125 0.033203125
0 0.88134765625 0.34521484375 0.0263671875 0.0322265625
0 0.74658203125 0.42578125 0.0244140625 0.033203125
0 0.689453125 0.41845703125 0.0234375 0.0263671875
0 0.70849609375 0.33984375 0.0224609375 0.02734375
0 0.78955078125 0.3310546875 0.0244140625 0.033203125
0 0.62744140625 0.3349609375 0.0224609375 0.02734375
0 0.61865234375 0.41845703125 0.0224609375 0.0322265625
