0 0.060546875 0.43798828125 0.021484375 0.0322265625
0 0.08251953125 0.49951171875 0.0224609375 0.0302734375
0 0.10791015625 0.38427734375 0.0224609375 0.0302734375
0 0.13623046875 0.43017578125 0.0205078125 0.0322265625
0 0.158203125 0.50439453125 0.021484375 0.0302734375
0 0.18310546875 0.37646484375 0.0205078125 0.0263671875
0 0.31494140625 0.4990234375 0.0224609375 0.02734375
0 0.2841796875 0.43798828125 0.021484375 0.0302734375
0 0.23681640625 0.49365234375 0.0224609375 0.0302734375
0 0.2158203125 0.423828125 0.021484375 0.033203125
0 0.2490234375 0.365234375 0.01953125 0.029296875
0 0.32275390625 0.36865234375 0.0205078125 0.0263671875
0 0.34814453125 0.4248046875 0.0205078125 0.029296875
0 0.9345703125 0.44384765625 0.021484375 0.0302734375
0 0.91259765625 0.494140625 0.0224609375 0.03125
0 0.8720703125 0.36865234375 0.01953125 0.0283203125
0 0.86376953125 0.427734375 0.0224609375 0.03125
0 0.8076171875 0.3642578125 0.021484375 0.02734375
0 0.7958984375 0.4306640625 0.021484375 0.029296875
0 0.7421875 0.37353515625 0.01953125 0.0263671875
0 0.83740234375 0.49951171875 0.0224609375 0.0302734375
0 0.720703125 0.43798828125 0.01953125 0.0244140625
0 0.76025390625 0.50146484375 0.0205078125 0.0283203125
0 0.671875 0.36279296875 0.01953125 0.0263671875
0 0.6005859375 0.35498046875 0.01953125 0.0283203125
0 0.38818359375 0.35986328125 0.0205078125 0.0283203125
0 0.42138671875 0.41845703125 0.0205078125 0.0302734375
0 0.458984375 0.35595703125 0.021484375 0.0283203125
0 0.392578125 0.5078125 0.021484375 0.02734375
0 0.466796875 0.49853515625 0.0234375 0.0322265625
0 0.525390625 0.35791015625 0.01953125 0.0322265625
0 0.49462890625 0.427734375 0.0205078125 0.029296875
0 0.5419921875 0.501953125 0.021484375 0.029296875
0 0.57080078125 0.41796875 0.0205078125 0.02734375
0 0.61767578125 0.5029296875 0.0205078125 0.029296875
0 0.69287109375 0.49267578125 0.0224609375 0.0302734375
0 0.65185546875 0.4326171875 0.0205078125 0.02734375
