0 0.84716796875 0.285434995112 0.0439453125 0.0469208211144
0 0.623046875 0.359237536657 0.048828125 0.0596285434995
0 0.51904296875 0.262952101662 0.0361328125 0.0469208211144
0 0.3896484375 0.427663734115 0.021484375 0.0244379276637
0 0.267578125 0.401759530792 0.048828125 0.0645161290323
0 0.07958984375 0.436950146628 0.0205078125 0.0351906158358
0 0.13818359375 0.434995112414 0.0205078125 0.0312805474096
0 0.29638671875 0.291788856305 0.0244140625 0.030303030303
0 0.24462890625 0.293743890518 0.0205078125 0.0244379276637
0 0.21435546875 0.287390029326 0.0205078125 0.0273704789834
0 0.10009765625 0.28054740958 0.0244140625 0.0351906158358
0 0.12109375 0.264418377322 0.021484375 0.0283479960899
0 0.0185546875 0.282991202346 0.025390625 0.0283479960899
