0 0.4931640625 0.312805474096 0.029296875 0.0332355816227
0 0.482421875 0.347018572825 0.037109375 0.039100684262
0 0.4365234375 0.30596285435 0.037109375 0.0488758553275
0 0.18505859375 0.312316715543 0.0419921875 0.0518084066471
0 0.2431640625 0.296676441838 0.03515625 0.0478983382209
0 0.27783203125 0.32991202346 0.0361328125 0.0439882697947
0 0.306640625 0.311827956989 0.029296875 0.0351906158358
0 0.359375 0.327468230694 0.033203125 0.0469208211144
0 0.3779296875 0.38954056696 0.041015625 0.0518084066471
0 0.06591796875 0.300097751711 0.0419921875 0.0625610948192
0 0.09033203125 0.396383186706 0.0634765625 0.069403714565
0 0.240234375 0.503910068426 0.052734375 0.0654936461388
0 0.76416015625 0.293743890518 0.0380859375 0.0439882697947
0 0.80615234375 0.30449657869 0.0478515625 0.0459433040078
0 0.9033203125 0.294232649071 0.04296875 0.0488758553275
0 0.6748046875 0.311827956989 0.04296875 0.0527859237537
0 0.6416015625 0.326979472141 0.0390625 0.049853372434
0 0.392578125 0.319159335288 0.029296875 0.0420332355816
0 0.5673828125 0.324046920821 0.0390625 0.0537634408602
0 0.53759765625 0.314760508309 0.0302734375 0.0430107526882
