0 0.90380859375 0.496089931574 0.0263671875 0.0381231671554
0 0.82861328125 0.511730205279 0.0263671875 0.0381231671554
0 0.83935546875 0.418377321603 0.0263671875 0.0351906158358
0 0.78466796875 0.405669599218 0.0244140625 0.0332355816227
0 0.76513671875 0.453567937439 0.0263671875 0.039100684262
0 0.740234375 0.509775171065 0.025390625 0.0361681329423
0 0.71044921875 0.439393939394 0.0283203125 0.0361681329423
0 0.6240234375 0.501955034213 0.029296875 0.0400782013685
0 0.6728515625 0.413978494624 0.02734375 0.0342130987292
0 0.63525390625 0.383186705767 0.0244140625 0.0351906158358
0 0.59375 0.390518084066 0.02734375 0.0322580645161
0 0.5419921875 0.399804496579 0.025390625 0.0332355816227
0 0.556640625 0.453079178886 0.025390625 0.0361681329423
0 0.50390625 0.451612903226 0.025390625 0.0332355816227
0 0.48046875 0.381231671554 0.0234375 0.0332355816227
0 0.4287109375 0.391495601173 0.025390625 0.0381231671554
0 0.4404296875 0.503421309873 0.025390625 0.0351906158358
0 0.1298828125 0.44623655914 0.033203125 0.0439882697947
0 0.19775390625 0.53128054741 0.0302734375 0.0439882697947
0 0.1865234375 0.369012707722 0.029296875 0.0400782013685
0 0.2216796875 0.356793743891 0.03125 0.0410557184751
0 0.2509765625 0.530303030303 0.029296875 0.0400782013685
0 0.384765625 0.50293255132 0.025390625 0.0361681329423
0 0.3193359375 0.389051808407 0.02734375 0.039100684262
0 0.3935546875 0.397849462366 0.025390625 0.0351906158358
0 0.32080078125 0.481427174976 0.0263671875 0.0361681329423
