0 0.2822265625 0.28857421875 0.04296875 0.0498046875
0 0.20068359375 0.26806640625 0.0439453125 0.0595703125
0 0.7958984375 0.29150390625 0.0390625 0.0517578125
0 0.798828125 0.44287109375 0.04296875 0.0537109375
0 0.56884765625 0.29443359375 0.0419921875 0.0498046875
0 0.669921875 0.27978515625 0.0390625 0.0537109375
0 0.673828125 0.44580078125 0.04296875 0.0556640625
0 0.5341796875 0.4609375 0.04296875 0.0546875
0 0.41650390625 0.2744140625 0.0439453125 0.05859375
0 0.42578125 0.453125 0.04296875 0.05859375
0 0.30029296875 0.478515625 0.0439453125 0.056640625
