0 0.5263671875 0.38916015625 0.021484375 0.0302734375
0 0.56494140625 0.3720703125 0.0244140625 0.025390625
0 0.6083984375 0.396484375 0.02734375 0.029296875
0 0.6484375 0.375 0.025390625 0.02734375
0 0.69091796875 0.3681640625 0.0244140625 0.029296875
0 0.724609375 0.36572265625 0.021484375 0.0263671875
0 0.779296875 0.37451171875 0.0234375 0.0361328125
0 0.87060546875 0.36669921875 0.0224609375 0.0302734375
0 0.759765625 0.46337890625 0.02734375 0.0400390625
0 0.6640625 0.45458984375 0.02734375 0.0380859375
0 0.56884765625 0.46533203125 0.0302734375 0.0361328125
0 0.1376953125 0.37939453125 0.025390625 0.0322265625
0 0.18115234375 0.37060546875 0.0263671875 0.0322265625
0 0.23828125 0.37646484375 0.025390625 0.0322265625
0 0.28369140625 0.3798828125 0.0263671875 0.033203125
0 0.3271484375 0.38134765625 0.021484375 0.0283203125
0 0.38134765625 0.38818359375 0.0244140625 0.0341796875
0 0.41357421875 0.3818359375 0.0224609375 0.03125
0 0.44580078125 0.3916015625 0.0244140625 0.033203125
0 0.49169921875 0.37841796875 0.0224609375 0.0302734375
0 0.34912109375 0.4736328125 0.0283203125 0.03515625
0 0.44189453125 0.47802734375 0.0283203125 0.0361328125
0 0.55224609375 0.5498046875 0.0322265625 0.044921875
0 0.4794921875 0.544921875 0.03125 0.041015625
