0 0.23974609375 0.29541015625 0.0361328125 0.0478515625
0 0.369140625 0.31201171875 0.037109375 0.0458984375
0 0.4951171875 0.30078125 0.037109375 0.05078125
0 0.63134765625 0.2880859375 0.0322265625 0.04296875
0 0.73486328125 0.29150390625 0.0380859375 0.0498046875
0 0.21484375 0.47900390625 0.041015625 0.0517578125
0 0.2978515625 0.4775390625 0.03515625 0.05078125
0 0.43212890625 0.4853515625 0.0361328125 0.046875
0 0.5517578125 0.48193359375 0.03515625 0.0419921875
0 0.6640625 0.4892578125 0.037109375 0.046875
0 0.76513671875 0.505859375 0.0380859375 0.04296875
