0 0.515007320644 0.409956076135 0.0329428989751 0.0571010248902
0 0.298682284041 0.17972181552 0.0307467057101 0.0373352855051
0 0.280014641288 0.115300146413 0.0300146412884 0.0446559297218
0 0.281844802343 0.050878477306 0.0219619326501 0.0226939970717
0 0.410688140556 0.128111273792 0.0351390922401 0.0424597364568
0 0.432650073206 0.190336749634 0.0322108345534 0.0292825768668
0 0.507686676428 0.124816983895 0.0373352855051 0.0373352855051
0 0.213030746706 0.161054172767 0.0307467057101 0.0439238653001
0 0.161786237189 0.112371888726 0.0204978038067 0.0285505124451
0 0.535871156662 0.233528550512 0.0717423133236 0.0922401171303
0 0.677891654466 0.226207906296 0.0307467057101 0.0395314787701
0 0.765739385066 0.233162518302 0.0322108345534 0.0387994143485
0 0.844802342606 0.304538799414 0.0336749633968 0.0497803806735
