0 0.53515625 0.416015625 0.04296875 0.060546875
0 0.90087890625 0.23046875 0.0263671875 0.041015625
0 0.94677734375 0.224609375 0.0244140625 0.029296875
0 0.845703125 0.224609375 0.01953125 0.03125
0 0.50927734375 0.20654296875 0.0341796875 0.0498046875
0 0.32861328125 0.228515625 0.0302734375 0.0390625
0 0.29150390625 0.20361328125 0.0205078125 0.0341796875
0 0.1865234375 0.25390625 0.025390625 0.037109375
0 0.21142578125 0.2294921875 0.0244140625 0.029296875
0 0.10107421875 0.251953125 0.0205078125 0.0234375
0 0.38525390625 0.3818359375 0.0419921875 0.064453125
0 0.458984375 0.25048828125 0.01953125 0.0283203125
0 0.53662109375 0.22216796875 0.0283203125 0.0341796875
