0 0.26708984375 0.273216031281 0.0556640625 0.0674486803519
0 0.75732421875 0.306451612903 0.0537109375 0.0733137829912
0 0.45751953125 0.300586510264 0.0205078125 0.0244379276637
0 0.58642578125 0.333822091887 0.0205078125 0.0283479960899
0 0.52587890625 0.313294232649 0.0205078125 0.0263929618768
0 0.4970703125 0.337732160313 0.01953125 0.030303030303
0 0.80615234375 0.217008797654 0.0244140625 0.0332355816227
0 0.8232421875 0.286901270772 0.021484375 0.0322580645161
0 0.86962890625 0.315249266862 0.0263671875 0.030303030303
0 0.927734375 0.213587487781 0.01953125 0.0263929618768
0 0.73095703125 0.145650048876 0.0205078125 0.0273704789834
0 0.185546875 0.161290322581 0.01953125 0.0234604105572
0 0.3095703125 0.155425219941 0.01953125 0.0273704789834
0 0.95654296875 0.331867057674 0.0263671875 0.030303030303
0 0.9248046875 0.286412512219 0.0234375 0.0293255131965
