0 0.9541015625 0.39501953125 0.037109375 0.0439453125
0 0.92919921875 0.34033203125 0.0380859375 0.0458984375
0 0.9287109375 0.24462890625 0.0390625 0.0458984375
0 0.85009765625 0.3818359375 0.0380859375 0.04296875
0 0.7890625 0.3544921875 0.037109375 0.044921875
0 0.7646484375 0.43017578125 0.041015625 0.0478515625
0 0.73828125 0.39501953125 0.03515625 0.0517578125
0 0.64990234375 0.38623046875 0.0380859375 0.0419921875
0 0.63525390625 0.33740234375 0.0361328125 0.0419921875
0 0.55029296875 0.3466796875 0.0400390625 0.044921875
0 0.57080078125 0.43701171875 0.0380859375 0.0439453125
0 0.45556640625 0.38623046875 0.0341796875 0.0458984375
0 0.4326171875 0.34716796875 0.04296875 0.0458984375
0 0.7529296875 0.2529296875 0.044921875 0.048828125
0 0.06689453125 0.24755859375 0.0517578125 0.0615234375
0 0.1875 0.298828125 0.04296875 0.0546875
0 0.35302734375 0.40869140625 0.0380859375 0.0458984375
0 0.36181640625 0.3427734375 0.0419921875 0.044921875
0 0.29931640625 0.38623046875 0.0361328125 0.0439453125
0 0.23193359375 0.408203125 0.0400390625 0.044921875
0 0.48193359375 0.3046875 0.0419921875 0.046875
