0 0.31591796875 0.338709677419 0.0380859375 0.0537634408602
0 0.3330078125 0.348484848485 0.0234375 0.0478983382209
0 0.35498046875 0.341642228739 0.0263671875 0.0361681329423
0 0.48095703125 0.368035190616 0.0361328125 0.049853372434
0 0.55224609375 0.306940371457 0.0380859375 0.0410557184751
0 0.650390625 0.297653958944 0.0390625 0.0615835777126
0 0.72998046875 0.314271749756 0.0341796875 0.0439882697947
0 0.79345703125 0.365591397849 0.0244140625 0.0371456500489
0 0.87451171875 0.279569892473 0.0458984375 0.0527859237537
0 0.986328125 0.333822091887 0.025390625 0.0283479960899
