0 0.756748466258 0.0315950920245 0.0251533742331 0.0374233128834
0 0.660429447853 0.0184049079755 0.0337423312883 0.0343558282209
0 0.71472392638 0.0990797546012 0.0294478527607 0.0361963190184
0 0.460122699387 0.0334355828221 0.0306748466258 0.0423312883436
0 0.373926380368 0.0444785276074 0.0288343558282 0.0337423312883
0 0.273619631902 0.0481595092025 0.0319018404908 0.0374233128834
0 0.334355828221 0.120858895706 0.0257668711656 0.0343558282209
0 0.436503067485 0.104601226994 0.0300613496933 0.0325153374233
0 0.576993865031 0.183742331288 0.0312883435583 0.0337423312883
0 0.693865030675 0.172392638037 0.0282208588957 0.0368098159509
0 0.776380368098 0.170858895706 0.0288343558282 0.0386503067485
0 0.484355828221 0.176993865031 0.0337423312883 0.0361963190184
0 0.393251533742 0.182208588957 0.0282208588957 0.0355828220859
0 0.305828220859 0.189263803681 0.0337423312883 0.0337423312883
0 0.435582822086 0.25245398773 0.0269938650307 0.0337423312883
0 0.409202453988 0.316257668712 0.0282208588957 0.0361963190184
0 0.370245398773 0.28036809816 0.0251533742331 0.0343558282209
0 0.21717791411 0.250306748466 0.0355828220859 0.0331288343558
0 0.806134969325 0.0963190184049 0.0159509202454 0.0355828220859
0 0.804601226994 0.300306748466 0.019018404908 0.0374233128834
0 0.788957055215 0.375460122699 0.0343558282209 0.039263803681
0 0.707055214724 0.311963190184 0.0312883435583 0.0361963190184
0 0.64754601227 0.243865030675 0.0300613496933 0.0361963190184
0 0.611963190184 0.315337423313 0.0349693251534 0.039263803681
0 0.680981595092 0.392024539877 0.0343558282209 0.038036809816
0 0.536196319018 0.471472392638 0.0466257668712 0.0558282208589
0 0.649079754601 0.471779141104 0.0319018404908 0.0466257668712
0 0.753374233129 0.454294478528 0.0319018404908 0.0411042944785
0 0.386503067485 0.542331288344 0.0355828220859 0.0441717791411
0 0.298773006135 0.51717791411 0.0306748466258 0.038036809816
0 0.381595092025 0.442944785276 0.0429447852761 0.0466257668712
0 0.20981595092 0.409509202454 0.0331288343558 0.0398773006135
0 0.331595092025 0.401840490798 0.0288343558282 0.039263803681
0 0.549079754601 0.248159509202 0.0306748466258 0.0349693251534
0 0.254294478528 0.111656441718 0.0288343558282 0.0343558282209
0 0.398466257669 0.242944785276 0.0288343558282 0.0306748466258
