0 0.16357421875 0.373900293255 0.0615234375 0.0674486803519
0 0.2548828125 0.311339198436 0.044921875 0.0576735092864
0 0.29248046875 0.295698924731 0.0322265625 0.0439882697947
0 0.34375 0.294232649071 0.03125 0.0410557184751
0 0.4619140625 0.299120234604 0.02734375 0.0351906158358
0 0.53515625 0.2761485826 0.02734375 0.0322580645161
0 0.60888671875 0.291300097752 0.0244140625 0.0312805474096
0 0.66552734375 0.281036168133 0.0224609375 0.0283479960899
0 0.783203125 0.272238514174 0.021484375 0.0283479960899
0 0.9150390625 0.263440860215 0.021484375 0.0263929618768
0 0.4453125 0.343108504399 0.033203125 0.0234604105572
