0 0.076171875 0.38427734375 0.029296875 0.0380859375
0 0.8857421875 0.37939453125 0.021484375 0.0322265625
0 0.96240234375 0.35546875 0.0283203125 0.037109375
0 0.9267578125 0.318359375 0.0234375 0.025390625
0 0.11669921875 0.341796875 0.0322265625 0.046875
0 0.3984375 0.3583984375 0.03515625 0.044921875
0 0.47900390625 0.3359375 0.0341796875 0.05078125
0 0.845703125 0.35693359375 0.03515625 0.0517578125
0 0.802734375 0.40478515625 0.03515625 0.0517578125
0 0.57080078125 0.390625 0.0205078125 0.02734375
0 0.63427734375 0.3701171875 0.0224609375 0.033203125
0 0.6298828125 0.34619140625 0.01953125 0.0244140625
0 0.65869140625 0.392578125 0.0224609375 0.029296875
0 0.68505859375 0.3544921875 0.0205078125 0.02734375
0 0.7646484375 0.32080078125 0.01953125 0.0263671875
0 0.74951171875 0.40087890625 0.0224609375 0.0341796875
0 0.8056640625 0.25537109375 0.01953125 0.0263671875
