0 0.08837890625 0.4033203125 0.0341796875 0.046875
0 0.15283203125 0.5029296875 0.0419921875 0.056640625
0 0.220703125 0.439453125 0.029296875 0.044921875
0 0.24072265625 0.36181640625 0.0361328125 0.0458984375
0 0.345703125 0.4111328125 0.029296875 0.037109375
0 0.30517578125 0.5126953125 0.0380859375 0.048828125
0 0.48291015625 0.43408203125 0.0322265625 0.0439453125
0 0.56396484375 0.3974609375 0.0322265625 0.048828125
0 0.5537109375 0.4892578125 0.033203125 0.04296875
0 0.63623046875 0.4287109375 0.0283203125 0.044921875
0 0.70263671875 0.39404296875 0.0322265625 0.0458984375
0 0.8193359375 0.37939453125 0.03125 0.0439453125
0 0.89208984375 0.40625 0.0380859375 0.044921875
0 0.7802734375 0.49072265625 0.03125 0.0478515625
