0 0.044921875 0.38514173998 0.0234375 0.0273704789834
0 0.130859375 0.394916911046 0.01953125 0.0254154447703
0 0.220703125 0.375366568915 0.0234375 0.0293255131965
0 0.29833984375 0.406158357771 0.0205078125 0.0263929618768
0 0.35205078125 0.286412512219 0.0419921875 0.058651026393
0 0.66943359375 0.401270772239 0.0205078125 0.0263929618768
0 0.7421875 0.385630498534 0.021484375 0.0263929618768
0 0.8330078125 0.302052785924 0.037109375 0.0547409579668
0 0.98193359375 0.39247311828 0.0224609375 0.030303030303
0 0.564453125 0.391495601173 0.021484375 0.0263929618768
