0 0.6689453125 0.36767578125 0.041015625 0.0595703125
0 0.05322265625 0.736328125 0.0302734375 0.037109375
0 0.294921875 0.74365234375 0.02734375 0.0341796875
0 0.3369140625 0.736328125 0.025390625 0.037109375
0 0.6611328125 0.74169921875 0.0390625 0.0478515625
0 0.72021484375 0.76318359375 0.0302734375 0.0322265625
0 0.6328125 0.7529296875 0.033203125 0.037109375
0 0.93408203125 0.7412109375 0.0341796875 0.04296875
0 0.724609375 0.64501953125 0.021484375 0.0322265625
0 0.80712890625 0.63232421875 0.0244140625 0.0322265625
0 0.88134765625 0.65478515625 0.0224609375 0.0341796875
0 0.68994140625 0.666015625 0.0224609375 0.029296875
0 0.234375 0.677734375 0.021484375 0.02734375
0 0.17919921875 0.7275390625 0.0224609375 0.02734375
0 0.58642578125 0.69873046875 0.0205078125 0.0263671875
0 0.43017578125 0.64453125 0.0224609375 0.03515625
0 0.49365234375 0.59130859375 0.0556640625 0.0400390625
0 0.9873046875 0.76318359375 0.025390625 0.0361328125
