0 0.126953125 0.38232421875 0.0234375 0.0283203125
0 0.29248046875 0.41259765625 0.0205078125 0.0263671875
0 0.3232421875 0.42236328125 0.0234375 0.0302734375
0 0.4013671875 0.39599609375 0.01953125 0.0263671875
0 0.451171875 0.4326171875 0.0234375 0.029296875
0 0.482421875 0.34033203125 0.033203125 0.0458984375
0 0.78857421875 0.31982421875 0.0361328125 0.0439453125
0 0.7158203125 0.36083984375 0.025390625 0.0302734375
0 0.6376953125 0.43408203125 0.0234375 0.0322265625
0 0.22998046875 0.369140625 0.0263671875 0.037109375
0 0.921875 0.35595703125 0.03125 0.0380859375
