0 0.10693359375 0.21337890625 0.0517578125 0.0634765625
0 0.01416015625 0.15625 0.0283203125 0.037109375
0 0.2265625 0.30126953125 0.037109375 0.0400390625
0 0.35009765625 0.18798828125 0.0322265625 0.0380859375
0 0.44580078125 0.27734375 0.0283203125 0.037109375
0 0.41455078125 0.2158203125 0.0283203125 0.037109375
0 0.49072265625 0.2021484375 0.0322265625 0.0390625
0 0.7734375 0.65234375 0.08984375 0.044921875
0 0.5556640625 0.17919921875 0.033203125 0.0400390625
0 0.5986328125 0.14404296875 0.033203125 0.0380859375
0 0.6298828125 0.28662109375 0.044921875 0.0576171875
0 0.73046875 0.2001953125 0.033203125 0.041015625
0 0.9599609375 0.22705078125 0.037109375 0.0400390625
0 0.216796875 0.16259765625 0.021484375 0.0283203125
0 0.20263671875 0.1962890625 0.0283203125 0.03515625
0 0.162109375 0.20556640625 0.03125 0.0380859375
0 0.2060546875 0.23095703125 0.025390625 0.0322265625
0 0.263671875 0.22119140625 0.025390625 0.0341796875
0 0.279296875 0.185546875 0.021484375 0.029296875
0 0.310546875 0.18359375 0.033203125 0.0390625
0 0.3251953125 0.1484375 0.0234375 0.029296875
0 0.337890625 0.384765625 0.03515625 0.0390625
0 0.45263671875 0.1953125 0.0341796875 0.033203125
0 0.43212890625 0.18994140625 0.0263671875 0.0400390625
0 0.65283203125 0.19287109375 0.0244140625 0.0361328125
0 0.68603515625 0.203125 0.0283203125 0.03515625
0 0.7080078125 0.1865234375 0.03125 0.04296875
0 0.94775390625 0.17041015625 0.0283203125 0.0400390625
