0 0.1591796875 0.69287109375 0.044921875 0.0458984375
0 0.24072265625 0.693359375 0.0439453125 0.046875
0 0.3701171875 0.68115234375 0.041015625 0.0498046875
0 0.4921875 0.685546875 0.041015625 0.046875
0 0.60400390625 0.67236328125 0.0458984375 0.0439453125
0 0.7158203125 0.658203125 0.04296875 0.044921875
0 0.84814453125 0.64990234375 0.0400390625 0.0419921875
0 0.11572265625 0.4384765625 0.0439453125 0.048828125
0 0.22314453125 0.4462890625 0.0458984375 0.046875
0 0.3330078125 0.42333984375 0.044921875 0.0517578125
0 0.421875 0.44189453125 0.044921875 0.0556640625
0 0.513671875 0.4296875 0.0390625 0.044921875
0 0.6044921875 0.40380859375 0.04296875 0.0439453125
0 0.70849609375 0.41796875 0.0439453125 0.052734375
0 0.78466796875 0.4189453125 0.0419921875 0.046875
0 0.1767578125 0.35888671875 0.037109375 0.0400390625
0 0.23974609375 0.33203125 0.0322265625 0.041015625
0 0.32421875 0.34228515625 0.0390625 0.0419921875
0 0.37548828125 0.3486328125 0.0380859375 0.044921875
0 0.42529296875 0.3310546875 0.0380859375 0.044921875
0 0.51025390625 0.349609375 0.0322265625 0.037109375
0 0.55908203125 0.32421875 0.0361328125 0.046875
0 0.61767578125 0.32275390625 0.0341796875 0.0419921875
0 0.67626953125 0.3408203125 0.0361328125 0.048828125
0 0.75048828125 0.31591796875 0.0361328125 0.0458984375
0 0.28466796875 0.255859375 0.0341796875 0.03515625
0 0.35205078125 0.24658203125 0.0361328125 0.0419921875
0 0.41748046875 0.23681640625 0.0322265625 0.0380859375
0 0.49853515625 0.23974609375 0.0341796875 0.0419921875
0 0.5771484375 0.2451171875 0.033203125 0.037109375
0 0.658203125 0.2333984375 0.03515625 0.041015625
0 0.73974609375 0.25927734375 0.0341796875 0.0400390625
