0 0.508052708638 0.168008784773 0.0336749633968 0.0417276720351
0 0.325036603221 0.39897510981 0.0366032210835 0.0409956076135
0 0.393118594436 0.389458272328 0.0322108345534 0.0409956076135
0 0.624450951684 0.378477306003 0.0322108345534 0.0409956076135
0 0.673499267936 0.407027818448 0.0351390922401 0.0424597364568
0 0.570644216691 0.506222547584 0.0373352855051 0.0431918008785
0 0.501098096633 0.510980966325 0.0387994143485 0.0409956076135
0 0.427525622255 0.509516837482 0.0366032210835 0.0439238653001
0 0.294655929722 0.59663250366 0.0417276720351 0.0468521229868
0 0.409956076135 0.590775988287 0.0439238653001 0.0512445095168
0 0.518301610542 0.7060761347 0.0439238653001 0.0549048316252
0 0.619692532943 0.60944363104 0.0431918008785 0.0519765739385
0 0.690702781845 0.616032210835 0.0431918008785 0.0475841874085
