0 0.2783203125 0.371945259042 0.04296875 0.0478983382209
0 0.41357421875 0.347507331378 0.0439453125 0.049853372434
0 0.56298828125 0.336754643206 0.0439453125 0.049853372434
0 0.21923828125 0.523460410557 0.0498046875 0.0537634408602
0 0.33984375 0.463831867058 0.048828125 0.0557184750733
0 0.4912109375 0.464809384164 0.044921875 0.0557184750733
0 0.64501953125 0.479960899316 0.0458984375 0.0547409579668
0 0.74267578125 0.524437927664 0.0458984375 0.0518084066471
0 0.58837890625 0.601173020528 0.0439453125 0.0527859237537
0 0.47265625 0.63587487781 0.046875 0.0557184750733
0 0.357421875 0.607038123167 0.046875 0.0508308895406
0 0.69091796875 0.417399804497 0.0419921875 0.0469208211144
