0 0.15869140625 0.55669599218 0.0693359375 0.0791788856305
0 0.23291015625 0.504887585533 0.0615234375 0.0733137829912
0 0.28759765625 0.409579667644 0.0634765625 0.080156402737
0 0.3798828125 0.368523949169 0.068359375 0.0703812316716
0 0.47119140625 0.382697947214 0.0712890625 0.0772238514174
0 0.59912109375 0.352883675464 0.0517578125 0.0703812316716
0 0.65869140625 0.357282502444 0.0576171875 0.0752688172043
0 0.712890625 0.346529814272 0.056640625 0.0733137829912
0 0.81982421875 0.383675464321 0.0634765625 0.0752688172043
0 0.8642578125 0.366080156403 0.0390625 0.069403714565
0 0.89697265625 0.370478983382 0.0478515625 0.0782013685239
0 0.9267578125 0.32991202346 0.052734375 0.0733137829912
