0 0.564127604167 0.384440104167 0.048828125 0.0514322916667
0 0.706380208333 0.404622395833 0.0364583333333 0.0423177083333
0 0.78515625 0.438802083333 0.0338541666667 0.04296875
0 0.728190104167 0.5029296875 0.0319010416667 0.041015625
0 0.750651041667 0.388020833333 0.0130208333333 0.0143229166667
0 0.632161458333 0.3876953125 0.0130208333333 0.0162760416667
0 0.621419270833 0.381184895833 0.013671875 0.021484375
0 0.471354166667 0.25390625 0.0559895833333 0.0638020833333
0 0.248372395833 0.4052734375 0.017578125 0.0305989583333
0 0.2529296875 0.5107421875 0.0162760416667 0.0345052083333
0 0.299153645833 0.508463541667 0.033203125 0.0390625
