0 0.4970703125 0.365102639296 0.029296875 0.0400782013685
0 0.58935546875 0.36412512219 0.0263671875 0.0381231671554
0 0.67333984375 0.387585532747 0.0302734375 0.0342130987292
0 0.76220703125 0.387585532747 0.0322265625 0.0381231671554
0 0.84130859375 0.381231671554 0.0283203125 0.0371456500489
0 0.93359375 0.448191593353 0.033203125 0.0361681329423
0 0.833984375 0.538123167155 0.03515625 0.0439882697947
0 0.72314453125 0.543499511241 0.0380859375 0.0449657869013
0 0.625 0.539589442815 0.03515625 0.0410557184751
0 0.521484375 0.542521994135 0.033203125 0.039100684262
0 0.419921875 0.529325513196 0.033203125 0.0439882697947
0 0.31494140625 0.538123167155 0.0361328125 0.0439882697947
0 0.2041015625 0.538123167155 0.033203125 0.0459433040078
0 0.095703125 0.534213098729 0.041015625 0.0381231671554
0 0.1318359375 0.371456500489 0.033203125 0.039100684262
0 0.2236328125 0.378787878788 0.03515625 0.0439882697947
0 0.31689453125 0.369012707722 0.0322265625 0.0400782013685
0 0.40576171875 0.373900293255 0.0322265625 0.0381231671554
