0 0.29443359375 0.3349609375 0.0302734375 0.037109375
0 0.24462890625 0.45361328125 0.0341796875 0.0400390625
0 0.36474609375 0.4580078125 0.0361328125 0.044921875
0 0.41748046875 0.3291015625 0.0302734375 0.0390625
0 0.48974609375 0.3603515625 0.0341796875 0.0390625
0 0.568359375 0.30712890625 0.033203125 0.0400390625
0 0.67578125 0.328125 0.033203125 0.04296875
0 0.46337890625 0.4921875 0.0400390625 0.044921875
0 0.62060546875 0.47314453125 0.0400390625 0.0478515625
0 0.755859375 0.43798828125 0.037109375 0.0458984375
0 0.42529296875 0.6220703125 0.0439453125 0.0546875
