0 0.07275390625 0.352883675464 0.0380859375 0.0371456500489
0 0.15380859375 0.390029325513 0.0341796875 0.039100684262
0 0.240234375 0.412512218964 0.03515625 0.039100684262
0 0.26806640625 0.375366568915 0.0341796875 0.0371456500489
0 0.2529296875 0.333333333333 0.03515625 0.0410557184751
0 0.3349609375 0.417399804497 0.03515625 0.0410557184751
0 0.3583984375 0.360703812317 0.03515625 0.0371456500489
0 0.4306640625 0.42082111437 0.037109375 0.0420332355816
0 0.4580078125 0.373900293255 0.037109375 0.0439882697947
0 0.5791015625 0.364613880743 0.046875 0.0469208211144
0 0.5439453125 0.427174975562 0.037109375 0.0469208211144
0 0.650390625 0.430596285435 0.0390625 0.0439882697947
0 0.75537109375 0.298142717498 0.0400390625 0.0469208211144
0 0.69970703125 0.366080156403 0.0380859375 0.0478983382209
0 0.8662109375 0.313782991202 0.044921875 0.0527859237537
0 0.7626953125 0.436461388074 0.037109375 0.0420332355816
0 0.8837890625 0.451612903226 0.0390625 0.0469208211144
