0 0.26318359375 0.212890625 0.0498046875 0.056640625
0 0.35009765625 0.18212890625 0.0458984375 0.0517578125
0 0.4345703125 0.19091796875 0.05078125 0.0576171875
0 0.51025390625 0.17822265625 0.0478515625 0.0537109375
0 0.5908203125 0.189453125 0.048828125 0.05859375
0 0.6689453125 0.20361328125 0.052734375 0.0615234375
0 0.4931640625 0.24169921875 0.056640625 0.0673828125
0 0.69482421875 0.2880859375 0.0498046875 0.05859375
0 0.708984375 0.38037109375 0.056640625 0.0849609375
0 0.50732421875 0.35400390625 0.0556640625 0.0673828125
0 0.3466796875 0.3271484375 0.05078125 0.06640625
0 0.3486328125 0.44970703125 0.05078125 0.0595703125
0 0.16650390625 0.35693359375 0.0458984375 0.0595703125
0 0.84130859375 0.33984375 0.0537109375 0.05859375
0 0.78955078125 0.4248046875 0.0517578125 0.0625
0 0.26025390625 0.31982421875 0.0498046875 0.0576171875
