0 0.10009765625 0.41552734375 0.0341796875 0.0439453125
0 0.19189453125 0.41015625 0.0341796875 0.037109375
0 0.20263671875 0.37841796875 0.0302734375 0.0302734375
0 0.27685546875 0.40478515625 0.0283203125 0.0341796875
0 0.29638671875 0.37890625 0.0244140625 0.03125
0 0.353515625 0.41650390625 0.02734375 0.0322265625
0 0.36083984375 0.38134765625 0.0244140625 0.0302734375
0 0.4375 0.38671875 0.02734375 0.037109375
0 0.5107421875 0.3916015625 0.02734375 0.033203125
0 0.54150390625 0.3544921875 0.0283203125 0.03515625
0 0.5947265625 0.39453125 0.029296875 0.03515625
0 0.63037109375 0.36572265625 0.0302734375 0.0341796875
0 0.69970703125 0.365234375 0.0322265625 0.037109375
0 0.791015625 0.373046875 0.033203125 0.0390625
0 0.873046875 0.3603515625 0.041015625 0.046875
