0 0.130067567568 0.226582278481 0.027027027027 0.0295358649789
0 0.208192567568 0.220675105485 0.0295608108108 0.0295358649789
0 0.285050675676 0.172995780591 0.0228040540541 0.0253164556962
0 0.146537162162 0.156962025316 0.0228040540541 0.0253164556962
0 0.211570945946 0.128691983122 0.0228040540541 0.031223628692
0 0.372043918919 0.135021097046 0.0177364864865 0.0270042194093
0 0.500844594595 0.126160337553 0.0523648648649 0.0447257383966
0 0.695523648649 0.0839662447257 0.0261824324324 0.031223628692
0 0.771114864865 0.0835443037975 0.0287162162162 0.0337552742616
0 0.732263513514 0.240928270042 0.0253378378378 0.0362869198312
0 0.755489864865 0.308438818565 0.03125 0.0362869198312
0 0.562922297297 0.19029535865 0.0261824324324 0.0345991561181
0 0.472550675676 0.228270042194 0.0211148648649 0.0227848101266
0 0.404983108108 0.294936708861 0.0329391891892 0.0362869198312
0 0.309121621622 0.321097046414 0.0287162162162 0.0345991561181
0 0.568834459459 0.322362869198 0.03125 0.0405063291139
0 0.581925675676 0.262869198312 0.0287162162162 0.031223628692
0 0.599239864865 0.377215189873 0.0380067567568 0.0337552742616
0 0.152449324324 0.479324894515 0.0278716216216 0.0320675105485
0 0.232685810811 0.491139240506 0.0261824324324 0.0320675105485
0 0.263091216216 0.401265822785 0.0278716216216 0.0278481012658
0 0.297297297297 0.483122362869 0.0320945945946 0.0362869198312
0 0.251689189189 0.544303797468 0.0287162162162 0.0371308016878
0 0.252533783784 0.613924050633 0.0287162162162 0.0329113924051
0 0.489864864865 0.465400843882 0.0337837837838 0.0362869198312
0 0.901182432432 0.123206751055 0.027027027027 0.0354430379747
0 0.67652027027 0.490717299578 0.0658783783784 0.0396624472574
0 0.456503378378 0.761603375527 0.0548986486486 0.0362869198312
0 0.494932432432 0.20253164557 0.0202702702703 0.0270042194093
0 0.0777027027027 0.570886075949 0.0168918918919 0.0379746835443
0 0.921452702703 0.43164556962 0.0219594594595 0.0345991561181
