0 0.0634765625 0.54931640625 0.02734375 0.0341796875
0 0.10498046875 0.6123046875 0.0302734375 0.037109375
0 0.16650390625 0.5673828125 0.0224609375 0.033203125
0 0.02099609375 0.685546875 0.0224609375 0.033203125
0 0.11962890625 0.68701171875 0.0283203125 0.0322265625
0 0.216796875 0.67822265625 0.033203125 0.0322265625
0 0.0458984375 0.4140625 0.025390625 0.02734375
0 0.14404296875 0.421875 0.0224609375 0.025390625
0 0.22998046875 0.4150390625 0.0244140625 0.029296875
0 0.3173828125 0.412109375 0.0234375 0.02734375
0 0.42919921875 0.4111328125 0.0244140625 0.029296875
0 0.40234375 0.462890625 0.01953125 0.0234375
0 0.68408203125 0.4228515625 0.0224609375 0.02734375
0 0.58740234375 0.42333984375 0.0244140625 0.0263671875
0 0.49609375 0.2939453125 0.037109375 0.048828125
0 0.5029296875 0.56689453125 0.025390625 0.0302734375
0 0.5771484375 0.5693359375 0.0234375 0.02734375
0 0.5654296875 0.68017578125 0.025390625 0.0302734375
0 0.607421875 0.75830078125 0.025390625 0.0302734375
0 0.64990234375 0.7509765625 0.0283203125 0.03515625
0 0.6279296875 0.72021484375 0.0234375 0.0244140625
0 0.70458984375 0.76513671875 0.0263671875 0.0302734375
0 0.728515625 0.69091796875 0.025390625 0.0302734375
0 0.80126953125 0.7314453125 0.0322265625 0.041015625
0 0.85009765625 0.75830078125 0.0244140625 0.0283203125
0 0.7548828125 0.609375 0.025390625 0.03515625
0 0.8212890625 0.6630859375 0.025390625 0.03515625
0 0.86865234375 0.61328125 0.0322265625 0.037109375
0 0.9306640625 0.6630859375 0.021484375 0.025390625
0 0.67919921875 0.47412109375 0.0205078125 0.0263671875
