0 0.02392578125 0.6640625 0.0478515625 0.06640625
0 0.44287109375 0.60693359375 0.1025390625 0.1142578125
0 0.51513671875 0.521484375 0.0556640625 0.072265625
0 0.5205078125 0.41064453125 0.041015625 0.0556640625
0 0.45361328125 0.3623046875 0.0439453125 0.048828125
0 0.52978515625 0.330078125 0.0361328125 0.046875
0 0.4072265625 0.31787109375 0.03125 0.0380859375
0 0.35791015625 0.2841796875 0.0283203125 0.029296875
0 0.2529296875 0.26220703125 0.021484375 0.0244140625
0 0.30322265625 0.24951171875 0.0205078125 0.0224609375
0 0.25830078125 0.3408203125 0.0400390625 0.05078125
0 0.5859375 0.27880859375 0.021484375 0.0283203125
0 0.8583984375 0.4716796875 0.05078125 0.056640625
0 0.83837890625 0.7138671875 0.1162109375 0.1484375
0 0.8837890625 0.33837890625 0.0390625 0.0478515625
0 0.8720703125 0.23876953125 0.033203125 0.0458984375
0 0.8486328125 0.31005859375 0.0234375 0.0244140625
0 0.947265625 0.25537109375 0.01953125 0.0263671875
0 0.62548828125 0.283203125 0.0205078125 0.02734375
