0 0.115234375 0.322091886608 0.044921875 0.0518084066471
0 0.2041015625 0.258553274682 0.0390625 0.0459433040078
0 0.32861328125 0.248778103617 0.0439453125 0.0537634408602
0 0.443359375 0.255620723363 0.044921875 0.0518084066471
0 0.56005859375 0.240469208211 0.0458984375 0.0508308895406
0 0.6923828125 0.220430107527 0.044921875 0.0478983382209
0 0.751953125 0.275171065494 0.046875 0.0557184750733
0 0.84228515625 0.234604105572 0.0458984375 0.0449657869013
0 0.87646484375 0.282502443793 0.0458984375 0.0606060606061
0 0.63232421875 0.30449657869 0.0419921875 0.049853372434
0 0.4951171875 0.311339198436 0.048828125 0.0537634408602
0 0.37158203125 0.320625610948 0.0478515625 0.0508308895406
0 0.23095703125 0.309872922776 0.0439453125 0.0527859237537
0 0.125 0.451612903226 0.046875 0.0566959921799
0 0.267578125 0.450635386119 0.046875 0.0566959921799
0 0.3984375 0.462365591398 0.048828125 0.0566959921799
0 0.53466796875 0.448680351906 0.0498046875 0.0566959921799
0 0.6728515625 0.448680351906 0.056640625 0.0527859237537
0 0.81396484375 0.442815249267 0.0478515625 0.0547409579668
0 0.1591796875 0.571847507331 0.05078125 0.0645161290323
0 0.34765625 0.574780058651 0.05078125 0.058651026393
0 0.53857421875 0.55816226784 0.0576171875 0.058651026393
0 0.7685546875 0.549364613881 0.052734375 0.058651026393
