0 0.3212890625 0.289345063539 0.03515625 0.0469208211144
0 0.30419921875 0.380254154448 0.0361328125 0.0449657869013
0 0.3857421875 0.368035190616 0.033203125 0.0420332355816
0 0.48193359375 0.361681329423 0.0341796875 0.0469208211144
0 0.57470703125 0.375855327468 0.0322265625 0.0400782013685
0 0.6171875 0.318181818182 0.03515625 0.0400782013685
0 0.6650390625 0.383186705767 0.03125 0.0410557184751
0 0.673828125 0.472140762463 0.03515625 0.0430107526882
0 0.5771484375 0.466275659824 0.037109375 0.0449657869013
0 0.49462890625 0.476539589443 0.0361328125 0.0459433040078
0 0.39501953125 0.474095796676 0.0341796875 0.0430107526882
0 0.31396484375 0.483382209189 0.0322265625 0.0400782013685
