0 0.506510416667 0.2 0.0213541666667 0.0239583333333
0 0.454427083333 0.14921875 0.0182291666667 0.0182291666667
0 0.377604166667 0.143229166667 0.01875 0.0197916666667
0 0.305208333333 0.195052083333 0.0197916666667 0.0223958333333
0 0.48671875 0.0799479166667 0.0171875 0.0223958333333
0 0.528645833333 0.0791666666667 0.0197916666667 0.0229166666667
0 0.552864583333 0.154427083333 0.0171875 0.0192708333333
0 0.623177083333 0.14453125 0.0192708333333 0.0203125
0 0.701822916667 0.190625 0.0182291666667 0.0260416666667
0 0.462239583333 0.381510416667 0.0286458333333 0.0307291666667
0 0.56328125 0.355729166667 0.0276041666667 0.0333333333333
0 0.510416666667 0.426822916667 0.0354166666667 0.0380208333333
0 0.565364583333 0.458854166667 0.0390625 0.0385416666667
0 0.652864583333 0.440104166667 0.0307291666667 0.0333333333333
0 0.51015625 0.54140625 0.0473958333333 0.0588541666667
