0 0.22021484375 0.34228515625 0.0478515625 0.0556640625
0 0.244140625 0.26025390625 0.0390625 0.0478515625
0 0.36767578125 0.216796875 0.0380859375 0.052734375
0 0.50048828125 0.28759765625 0.0400390625 0.0498046875
0 0.6376953125 0.23046875 0.0390625 0.0546875
0 0.73876953125 0.25048828125 0.0400390625 0.0458984375
0 0.7939453125 0.369140625 0.044921875 0.05859375
0 0.66845703125 0.5078125 0.0458984375 0.05859375
0 0.5263671875 0.484375 0.05078125 0.05859375
0 0.36865234375 0.5205078125 0.0458984375 0.05859375
