0 0.84130859375 0.41455078125 0.0400390625 0.0400390625
0 0.93505859375 0.45654296875 0.0341796875 0.0458984375
0 0.2353515625 0.39990234375 0.01953125 0.0244140625
0 0.55419921875 0.283203125 0.0205078125 0.0234375
0 0.703125 0.248046875 0.01953125 0.021484375
0 0.05517578125 0.4052734375 0.0380859375 0.041015625
0 0.08544921875 0.4482421875 0.0361328125 0.0390625
0 0.1865234375 0.42236328125 0.041015625 0.0478515625
0 0.31640625 0.3505859375 0.0390625 0.0546875
0 0.4287109375 0.36767578125 0.033203125 0.0439453125
0 0.55029296875 0.345703125 0.0400390625 0.044921875
0 0.63330078125 0.36669921875 0.0380859375 0.0458984375
0 0.7529296875 0.3583984375 0.037109375 0.04296875
