0 0.15771484375 0.267350928641 0.0283203125 0.0361681329423
0 0.24072265625 0.263440860215 0.0244140625 0.0342130987292
0 0.32421875 0.269305962854 0.02734375 0.0322580645161
0 0.41064453125 0.2761485826 0.0283203125 0.0342130987292
0 0.48974609375 0.262952101662 0.0263671875 0.0351906158358
0 0.58154296875 0.273216031281 0.0283203125 0.0342130987292
0 0.67041015625 0.272238514174 0.0263671875 0.0322580645161
0 0.11376953125 0.313782991202 0.0322265625 0.0430107526882
0 0.21044921875 0.327956989247 0.0322265625 0.0361681329423
0 0.30859375 0.330400782014 0.033203125 0.039100684262
0 0.39697265625 0.322091886608 0.0322265625 0.0381231671554
0 0.49365234375 0.325024437928 0.0322265625 0.0361681329423
0 0.59375 0.326490713587 0.03125 0.0351906158358
0 0.69384765625 0.326979472141 0.0322265625 0.0361681329423
0 0.75048828125 0.268817204301 0.0263671875 0.0312805474096
0 0.79052734375 0.326979472141 0.0322265625 0.0342130987292
0 0.89013671875 0.328934506354 0.0322265625 0.0361681329423
0 0.19482421875 0.430107526882 0.0341796875 0.039100684262
0 0.38330078125 0.434506353861 0.0361328125 0.0361681329423
0 0.49365234375 0.460410557185 0.0341796875 0.0410557184751
0 0.55322265625 0.474095796676 0.0341796875 0.039100684262
0 0.67236328125 0.450146627566 0.0361328125 0.0420332355816
0 0.82470703125 0.432062561095 0.0380859375 0.0449657869013
0 0.818359375 0.259530791789 0.029296875 0.0361681329423
