0 0.208961474037 0.193305439331 0.0644891122278 0.0937238493724
0 0.344221105528 0.261087866109 0.0569514237856 0.0803347280335
0 0.615577889447 0.133472803347 0.0569514237856 0.0878661087866
0 0.77554438861 0.150627615063 0.0603015075377 0.0820083682008
0 0.499162479062 0.360251046025 0.0586264656616 0.0878661087866
0 0.642797319933 0.296652719665 0.0644891122278 0.089539748954
0 0.784757118928 0.291213389121 0.0603015075377 0.0820083682008
0 0.310301507538 0.52050209205 0.0644891122278 0.092050209205
0 0.470686767169 0.498744769874 0.0686767169179 0.092050209205
0 0.664991624791 0.566108786611 0.070351758794 0.0979079497908
