0 0.083984375 0.44287109375 0.03125 0.0341796875
0 0.13330078125 0.4365234375 0.0302734375 0.03515625
0 0.1953125 0.44677734375 0.029296875 0.0341796875
0 0.2685546875 0.41748046875 0.029296875 0.0341796875
0 0.3291015625 0.43115234375 0.02734375 0.0341796875
0 0.38525390625 0.423828125 0.0283203125 0.03515625
0 0.45361328125 0.439453125 0.0283203125 0.03125
0 0.52490234375 0.43994140625 0.0283203125 0.0322265625
0 0.57958984375 0.45556640625 0.0244140625 0.0302734375
0 0.66796875 0.41796875 0.029296875 0.033203125
0 0.75732421875 0.46728515625 0.0302734375 0.0322265625
0 0.693359375 0.470703125 0.02734375 0.033203125
0 0.6767578125 0.52978515625 0.029296875 0.0322265625
0 0.75927734375 0.5458984375 0.0302734375 0.033203125
0 0.60693359375 0.52783203125 0.0283203125 0.0361328125
0 0.5478515625 0.51416015625 0.029296875 0.0341796875
0 0.48046875 0.51904296875 0.029296875 0.0302734375
0 0.91650390625 0.4970703125 0.0322265625 0.03515625
0 0.869140625 0.48876953125 0.03125 0.0361328125
0 0.8359375 0.48046875 0.02734375 0.03125
0 0.81591796875 0.46923828125 0.0224609375 0.0322265625
0 0.3916015625 0.61474609375 0.02734375 0.0302734375
0 0.46044921875 0.60986328125 0.0263671875 0.0322265625
0 0.5234375 0.6142578125 0.029296875 0.03515625
0 0.60791015625 0.61865234375 0.0302734375 0.0341796875
0 0.67724609375 0.62255859375 0.0302734375 0.0341796875
0 0.734375 0.63330078125 0.033203125 0.0341796875
