0 0.140625 0.44189453125 0.046875 0.0439453125
0 0.27685546875 0.40380859375 0.0439453125 0.0498046875
0 0.39404296875 0.4248046875 0.0478515625 0.056640625
0 0.40283203125 0.2998046875 0.0380859375 0.046875
0 0.55810546875 0.34619140625 0.0439453125 0.0556640625
0 0.51416015625 0.45703125 0.0458984375 0.0546875
0 0.60205078125 0.451171875 0.0478515625 0.05078125
0 0.716796875 0.314453125 0.041015625 0.05078125
0 0.84228515625 0.31298828125 0.0478515625 0.0537109375
0 0.7783203125 0.46630859375 0.052734375 0.0576171875
0 0.9228515625 0.45361328125 0.05859375 0.0595703125
