0 0.17578125 0.34228515625 0.060546875 0.0615234375
0 0.28564453125 0.27197265625 0.0537109375 0.0693359375
0 0.31591796875 0.37841796875 0.0537109375 0.0595703125
0 0.43701171875 0.39697265625 0.0537109375 0.0615234375
0 0.4267578125 0.32275390625 0.0546875 0.0517578125
0 0.5537109375 0.33154296875 0.052734375 0.0615234375
0 0.64501953125 0.32763671875 0.0498046875 0.0615234375
0 0.720703125 0.3720703125 0.052734375 0.0625
0 0.75927734375 0.271484375 0.0498046875 0.06640625
0 0.83740234375 0.37744140625 0.0517578125 0.0615234375
0 0.6474609375 0.4365234375 0.05859375 0.064453125
0 0.51806640625 0.4951171875 0.0537109375 0.056640625
