0 0.09521484375 0.28662109375 0.0302734375 0.0361328125
0 0.20703125 0.31298828125 0.02734375 0.0341796875
0 0.32373046875 0.31884765625 0.0302734375 0.0380859375
0 0.45068359375 0.30078125 0.0302734375 0.037109375
0 0.5498046875 0.32763671875 0.025390625 0.0341796875
0 0.671875 0.34619140625 0.029296875 0.0322265625
0 0.72265625 0.29052734375 0.029296875 0.0400390625
0 0.77587890625 0.3466796875 0.0302734375 0.03515625
0 0.7255859375 0.3779296875 0.033203125 0.041015625
0 0.63720703125 0.3876953125 0.0283203125 0.03125
0 0.55615234375 0.38818359375 0.0302734375 0.0322265625
0 0.46044921875 0.37841796875 0.0302734375 0.0322265625
0 0.43212890625 0.43994140625 0.0302734375 0.0380859375
0 0.52099609375 0.4697265625 0.0302734375 0.03125
0 0.4619140625 0.50537109375 0.03515625 0.0322265625
0 0.58154296875 0.49462890625 0.0341796875 0.0361328125
0 0.6083984375 0.4443359375 0.03125 0.03515625
0 0.677734375 0.44189453125 0.03125 0.0361328125
0 0.7490234375 0.44970703125 0.03125 0.0341796875
0 0.6572265625 0.50146484375 0.029296875 0.0341796875
0 0.7236328125 0.50732421875 0.03125 0.0322265625
0 0.80859375 0.5498046875 0.03125 0.0390625
0 0.875 0.51513671875 0.03125 0.0380859375
0 0.12255859375 0.3671875 0.0322265625 0.033203125
0 0.2119140625 0.36962890625 0.029296875 0.0361328125
0 0.29345703125 0.35400390625 0.0322265625 0.0361328125
0 0.37548828125 0.36669921875 0.0322265625 0.0361328125
0 0.0966796875 0.46630859375 0.03125 0.0380859375
0 0.19189453125 0.45068359375 0.0322265625 0.0419921875
0 0.27783203125 0.43701171875 0.0322265625 0.0361328125
0 0.36376953125 0.4541015625 0.0322265625 0.03515625
0 0.15966796875 0.58837890625 0.0361328125 0.0400390625
0 0.2734375 0.6015625 0.037109375 0.041015625
0 0.291015625 0.50732421875 0.03125 0.0361328125
0 0.37548828125 0.51220703125 0.0302734375 0.0341796875
0 0.39990234375 0.58837890625 0.0361328125 0.0439453125
0 0.48828125 0.5810546875 0.033203125 0.041015625
0 0.93212890625 0.5888671875 0.0322265625 0.03515625
0 0.78857421875 0.62158203125 0.0302734375 0.0322265625
0 0.70703125 0.60888671875 0.03125 0.0380859375
0 0.59716796875 0.58935546875 0.0361328125 0.0458984375
