0 0.02197265625 0.45556640625 0.0283203125 0.0302734375
0 0.88427734375 0.52099609375 0.0439453125 0.0517578125
0 0.7255859375 0.5009765625 0.041015625 0.052734375
0 0.583984375 0.50830078125 0.044921875 0.0498046875
0 0.39892578125 0.50390625 0.0419921875 0.048828125
0 0.26025390625 0.51806640625 0.0419921875 0.0478515625
0 0.1162109375 0.52880859375 0.044921875 0.0498046875
0 0.98876953125 0.49267578125 0.0224609375 0.0302734375
0 0.931640625 0.498046875 0.0234375 0.02734375
0 0.81396484375 0.52685546875 0.0205078125 0.0244140625
0 0.93115234375 0.46875 0.0205078125 0.0234375
0 0.919921875 0.37646484375 0.01953125 0.0224609375
0 0.6513671875 0.35595703125 0.01953125 0.0244140625
0 0.6953125 0.45703125 0.01953125 0.01953125
0 0.78564453125 0.18994140625 0.0224609375 0.0224609375
0 0.3359375 0.52099609375 0.0234375 0.0302734375
0 0.205078125 0.5087890625 0.0234375 0.03125
0 0.23486328125 0.4619140625 0.0224609375 0.029296875
0 0.189453125 0.47314453125 0.025390625 0.0302734375
0 0.1181640625 0.47705078125 0.01953125 0.0224609375
0 0.0888671875 0.48681640625 0.0234375 0.0244140625
0 0.17724609375 0.39111328125 0.0205078125 0.0244140625
0 0.2373046875 0.38525390625 0.01953125 0.0244140625
0 0.513671875 0.52587890625 0.01953125 0.0263671875
0 0.65625 0.5439453125 0.01953125 0.025390625
