0 0.18896484375 0.383186705767 0.0458984375 0.058651026393
0 0.3115234375 0.402248289345 0.03515625 0.0400782013685
0 0.30078125 0.455522971652 0.041015625 0.0508308895406
0 0.392578125 0.380254154448 0.037109375 0.0527859237537
0 0.43017578125 0.418377321603 0.0439453125 0.058651026393
0 0.53076171875 0.378299120235 0.0419921875 0.0547409579668
0 0.66650390625 0.391495601173 0.0380859375 0.0576735092864
0 0.775390625 0.409090909091 0.041015625 0.0537634408602
0 0.65625 0.538123167155 0.048828125 0.0654936461388
0 0.88623046875 0.394428152493 0.0458984375 0.0518084066471
