0 0.08349609375 0.297165200391 0.0341796875 0.0508308895406
0 0.14501953125 0.311339198436 0.0361328125 0.0478983382209
0 0.2041015625 0.291788856305 0.029296875 0.0420332355816
0 0.2265625 0.425219941349 0.03515625 0.0371456500489
0 0.25927734375 0.300097751711 0.0263671875 0.0312805474096
0 0.30322265625 0.288367546432 0.0263671875 0.0410557184751
0 0.36279296875 0.253176930596 0.0302734375 0.0332355816227
0 0.45849609375 0.234115347019 0.0283203125 0.0381231671554
0 0.4365234375 0.278592375367 0.033203125 0.0469208211144
0 0.501953125 0.275171065494 0.025390625 0.0381231671554
0 0.15478515625 0.511241446725 0.0400390625 0.0488758553275
0 0.328125 0.427663734115 0.033203125 0.0400782013685
0 0.31201171875 0.52394916911 0.0400390625 0.0606060606061
0 0.44140625 0.425708699902 0.03125 0.0342130987292
0 0.51318359375 0.413978494624 0.0302734375 0.0439882697947
0 0.45703125 0.523460410557 0.0390625 0.0518084066471
0 0.564453125 0.264907135875 0.02734375 0.0410557184751
0 0.60888671875 0.25073313783 0.0263671875 0.0361681329423
0 0.6484375 0.253176930596 0.0234375 0.0332355816227
0 0.7001953125 0.258064516129 0.02734375 0.0371456500489
0 0.76318359375 0.269794721408 0.0283203125 0.0351906158358
0 0.80322265625 0.270772238514 0.0341796875 0.0410557184751
0 0.90185546875 0.251710654936 0.0361328125 0.0478983382209
0 0.6171875 0.400293255132 0.03125 0.0459433040078
0 0.685546875 0.394428152493 0.03125 0.0420332355816
0 0.62109375 0.497556207234 0.041015625 0.0547409579668
0 0.7529296875 0.373411534702 0.033203125 0.0430107526882
0 0.796875 0.495112414467 0.0390625 0.0459433040078
0 0.9052734375 0.468230694037 0.04296875 0.0508308895406
