0 0.12255859375 0.29541015625 0.0283203125 0.0361328125
0 0.19189453125 0.30810546875 0.0263671875 0.0361328125
0 0.06689453125 0.40673828125 0.0283203125 0.0400390625
0 0.134765625 0.40673828125 0.025390625 0.0361328125
0 0.09130859375 0.48876953125 0.0263671875 0.0400390625
0 0.09326171875 0.578125 0.0283203125 0.0390625
0 0.17333984375 0.583984375 0.0283203125 0.0390625
0 0.24658203125 0.30810546875 0.0244140625 0.0361328125
0 0.28759765625 0.30859375 0.0283203125 0.03515625
0 0.32568359375 0.3095703125 0.0283203125 0.037109375
0 0.21435546875 0.404296875 0.0302734375 0.03515625
0 0.2939453125 0.3984375 0.03125 0.03515625
0 0.3603515625 0.40283203125 0.02734375 0.0341796875
0 0.177734375 0.49755859375 0.03125 0.0380859375
0 0.25927734375 0.49365234375 0.0302734375 0.0361328125
0 0.259765625 0.58447265625 0.02734375 0.0361328125
0 0.38134765625 0.3115234375 0.0263671875 0.029296875
0 0.44287109375 0.31298828125 0.0283203125 0.0361328125
0 0.5185546875 0.31494140625 0.025390625 0.0341796875
0 0.41162109375 0.4033203125 0.0244140625 0.033203125
0 0.4658203125 0.40869140625 0.02734375 0.0400390625
0 0.5205078125 0.40771484375 0.02734375 0.0361328125
0 0.34716796875 0.49658203125 0.0283203125 0.0400390625
0 0.42431640625 0.498046875 0.0263671875 0.033203125
0 0.49365234375 0.49755859375 0.0263671875 0.0400390625
0 0.3408203125 0.58984375 0.02734375 0.0390625
0 0.4150390625 0.5888671875 0.029296875 0.0390625
0 0.4921875 0.59716796875 0.029296875 0.0400390625
0 0.5869140625 0.31787109375 0.0234375 0.0380859375
0 0.65185546875 0.31640625 0.0224609375 0.03515625
0 0.58544921875 0.40478515625 0.0244140625 0.0380859375
0 0.67138671875 0.4111328125 0.0263671875 0.03515625
0 0.72314453125 0.32861328125 0.0283203125 0.0361328125
0 0.79345703125 0.322265625 0.0244140625 0.03515625
0 0.87158203125 0.31640625 0.0244140625 0.037109375
0 0.74462890625 0.41455078125 0.0283203125 0.0361328125
0 0.830078125 0.41064453125 0.025390625 0.0380859375
0 0.90234375 0.42529296875 0.029296875 0.0341796875
0 0.72021484375 0.49072265625 0.0283203125 0.0380859375
0 0.80712890625 0.4951171875 0.0283203125 0.037109375
0 0.8916015625 0.51318359375 0.029296875 0.0341796875
0 0.94140625 0.51318359375 0.029296875 0.0341796875
0 0.56494140625 0.49609375 0.0263671875 0.03515625
0 0.64501953125 0.4951171875 0.0283203125 0.0390625
0 0.568359375 0.587890625 0.029296875 0.037109375
0 0.65869140625 0.58544921875 0.0283203125 0.0361328125
0 0.74365234375 0.58935546875 0.0283203125 0.0380859375
0 0.8369140625 0.609375 0.02734375 0.0390625
