0 0.701171875 0.368035190616 0.0234375 0.0342130987292
0 0.75048828125 0.377321603128 0.0283203125 0.0371456500489
0 0.83544921875 0.406158357771 0.0283203125 0.0361681329423
0 0.2041015625 0.398826979472 0.03125 0.039100684262
0 0.244140625 0.377810361681 0.025390625 0.030303030303
0 0.30126953125 0.396871945259 0.0302734375 0.0371456500489
0 0.3369140625 0.410068426197 0.02734375 0.0342130987292
0 0.3955078125 0.438905180841 0.025390625 0.0254154447703
0 0.42138671875 0.389051808407 0.0302734375 0.0351906158358
0 0.50048828125 0.374877810362 0.0283203125 0.0400782013685
0 0.56640625 0.368035190616 0.02734375 0.030303030303
0 0.58642578125 0.402248289345 0.0263671875 0.0381231671554
0 0.64892578125 0.372434017595 0.0263671875 0.0351906158358
