0 0.171875 0.43310546875 0.01953125 0.0224609375
0 0.20849609375 0.44287109375 0.0244140625 0.0224609375
0 0.26220703125 0.41796875 0.0224609375 0.025390625
0 0.3232421875 0.4228515625 0.0234375 0.02734375
0 0.37744140625 0.42626953125 0.0224609375 0.0283203125
0 0.42919921875 0.447265625 0.0283203125 0.02734375
0 0.486328125 0.43115234375 0.021484375 0.0263671875
0 0.56640625 0.4462890625 0.0234375 0.029296875
0 0.64208984375 0.4736328125 0.0205078125 0.0234375
0 0.6572265625 0.43603515625 0.021484375 0.0263671875
0 0.421875 0.546875 0.021484375 0.02734375
