0 0.7646484375 0.484848484848 0.04296875 0.0469208211144
0 0.7470703125 0.33284457478 0.03515625 0.0400782013685
0 0.68798828125 0.508797653959 0.0400390625 0.0576735092864
0 0.56640625 0.5522971652 0.04296875 0.0547409579668
0 0.64794921875 0.336265884653 0.0341796875 0.0449657869013
0 0.4033203125 0.557184750733 0.041015625 0.0566959921799
0 0.4560546875 0.30742913001 0.03515625 0.0381231671554
0 0.35205078125 0.302052785924 0.0361328125 0.0371456500489
0 0.30029296875 0.304985337243 0.0400390625 0.0449657869013
0 0.23583984375 0.299120234604 0.0361328125 0.0430107526882
0 0.1494140625 0.263440860215 0.046875 0.0576735092864
0 0.056640625 0.263440860215 0.05078125 0.0557184750733
0 0.08056640625 0.44477028348 0.0615234375 0.0684261974585
0 0.22509765625 0.469208211144 0.0517578125 0.0606060606061
0 0.55810546875 0.321603128055 0.0322265625 0.0351906158358
0 0.8857421875 0.512218963832 0.046875 0.0566959921799
0 0.9619140625 0.30303030303 0.04296875 0.0527859237537
0 0.84716796875 0.323069403715 0.0419921875 0.0478983382209
