0 0.09375 0.49951171875 0.041015625 0.0556640625
0 0.20166015625 0.47119140625 0.0400390625 0.0537109375
0 0.2626953125 0.50048828125 0.03515625 0.0478515625
0 0.36328125 0.46826171875 0.03515625 0.0498046875
0 0.4267578125 0.46044921875 0.03515625 0.0498046875
0 0.5205078125 0.45263671875 0.03515625 0.0439453125
0 0.5966796875 0.4609375 0.03515625 0.048828125
0 0.67529296875 0.4521484375 0.0341796875 0.0390625
0 0.74609375 0.46240234375 0.033203125 0.0458984375
0 0.85302734375 0.43798828125 0.0322265625 0.0361328125
0 0.919921875 0.4677734375 0.03125 0.041015625
