0 0.93798828125 0.411534701857 0.0244140625 0.0469208211144
0 0.76904296875 0.401270772239 0.0283203125 0.0420332355816
0 0.69140625 0.426686217009 0.033203125 0.0439882697947
0 0.833984375 0.35826001955 0.025390625 0.0322580645161
0 0.662109375 0.495112414467 0.021484375 0.0615835777126
0 0.58447265625 0.466764418377 0.0380859375 0.0439882697947
0 0.53173828125 0.41935483871 0.0322265625 0.0430107526882
0 0.3662109375 0.505376344086 0.044921875 0.0566959921799
0 0.36767578125 0.44477028348 0.0322265625 0.0508308895406
0 0.28564453125 0.462854349951 0.0322265625 0.0518084066471
0 0.212890625 0.366080156403 0.01953125 0.0244379276637
0 0.2236328125 0.588954056696 0.02734375 0.069403714565
