0 0.8125 0.30029296875 0.044921875 0.0556640625
0 0.79296875 0.35498046875 0.05078125 0.0654296875
0 0.70556640625 0.33740234375 0.0439453125 0.0517578125
0 0.76904296875 0.45654296875 0.0517578125 0.0634765625
0 0.666015625 0.23193359375 0.041015625 0.0556640625
0 0.62646484375 0.333984375 0.0439453125 0.06640625
0 0.59130859375 0.32861328125 0.0341796875 0.0498046875
0 0.56298828125 0.27734375 0.0439453125 0.05078125
0 0.54248046875 0.34521484375 0.0576171875 0.0615234375
0 0.59912109375 0.4560546875 0.0615234375 0.078125
0 0.68896484375 0.47119140625 0.0556640625 0.0712890625
0 0.4951171875 0.4052734375 0.05859375 0.078125
0 0.47412109375 0.31640625 0.0322265625 0.052734375
0 0.43505859375 0.32275390625 0.0439453125 0.0595703125
0 0.357421875 0.32861328125 0.0390625 0.0595703125
0 0.3857421875 0.4150390625 0.05859375 0.072265625
0 0.27880859375 0.369140625 0.0498046875 0.064453125
0 0.28125 0.48876953125 0.0625 0.0751953125
0 0.2177734375 0.49755859375 0.072265625 0.0888671875
