0 0.64892578125 0.266862170088 0.0244140625 0.0332355816227
0 0.48046875 0.393450635386 0.087890625 0.112414467253
0 0.26123046875 0.36412512219 0.0419921875 0.0557184750733
0 0.4677734375 0.264418377322 0.029296875 0.0420332355816
0 0.275390625 0.262952101662 0.025390625 0.0332355816227
0 0.25537109375 0.228739002933 0.0224609375 0.0332355816227
0 0.88818359375 0.283479960899 0.0322265625 0.0371456500489
0 0.74951171875 0.368523949169 0.0517578125 0.0664711632454
0 0.76123046875 0.217986314761 0.0224609375 0.0254154447703
0 0.12353515625 0.301075268817 0.0302734375 0.0410557184751
