0 0.86279296875 0.40283203125 0.0341796875 0.0400390625
0 0.8193359375 0.4345703125 0.0234375 0.03125
0 0.5966796875 0.451171875 0.0234375 0.03125
0 0.52490234375 0.361328125 0.0322265625 0.044921875
0 0.31640625 0.4873046875 0.01953125 0.02734375
0 0.404296875 0.42626953125 0.0234375 0.0380859375
0 0.4599609375 0.44189453125 0.0234375 0.0244140625
0 0.24267578125 0.42919921875 0.0224609375 0.0341796875
0 0.1162109375 0.44384765625 0.025390625 0.0322265625
0 0.05419921875 0.47705078125 0.0205078125 0.0283203125
