0 0.13525390625 0.3134765625 0.0537109375 0.0703125
0 0.2138671875 0.23681640625 0.048828125 0.0615234375
0 0.3369140625 0.28515625 0.052734375 0.072265625
0 0.3994140625 0.24658203125 0.044921875 0.0556640625
0 0.49462890625 0.2734375 0.0517578125 0.072265625
0 0.580078125 0.35009765625 0.05859375 0.0673828125
0 0.42138671875 0.37158203125 0.0634765625 0.0673828125
0 0.255859375 0.38818359375 0.0546875 0.0556640625
0 0.24169921875 0.48681640625 0.0673828125 0.0791015625
0 0.55712890625 0.22998046875 0.0458984375 0.0615234375
0 0.64013671875 0.2841796875 0.0478515625 0.05078125
0 0.8388671875 0.30224609375 0.046875 0.0615234375
0 0.79345703125 0.416015625 0.0556640625 0.064453125
0 0.70703125 0.37158203125 0.05859375 0.0712890625
0 0.71875 0.53955078125 0.05859375 0.0751953125
0 0.81884765625 0.513671875 0.0654296875 0.07421875
0 0.62158203125 0.607421875 0.0654296875 0.0703125
0 0.287109375 0.56982421875 0.05859375 0.0751953125
0 0.47216796875 0.5927734375 0.0634765625 0.072265625
