0 0.55908203125 0.756109481916 0.0517578125 0.0459433040078
0 0.70849609375 0.488269794721 0.0458984375 0.0557184750733
0 0.79296875 0.389051808407 0.0390625 0.0469208211144
0 0.625 0.385630498534 0.041015625 0.0518084066471
0 0.4970703125 0.373411534702 0.0390625 0.0488758553275
0 0.5048828125 0.257086999022 0.037109375 0.058651026393
0 0.5302734375 0.502443792766 0.04296875 0.0566959921799
0 0.26708984375 0.493646138807 0.0458984375 0.0566959921799
0 0.3837890625 0.38514173998 0.041015625 0.0547409579668
0 0.35498046875 0.367057673509 0.0341796875 0.0537634408602
0 0.1494140625 0.394916911046 0.04296875 0.0449657869013
