0 0.0419921875 0.35498046875 0.01953125 0.0244140625
0 0.14111328125 0.5087890625 0.0361328125 0.048828125
0 0.19140625 0.38427734375 0.03125 0.0400390625
0 0.1962890625 0.4443359375 0.03515625 0.0390625
0 0.20068359375 0.5185546875 0.0302734375 0.0390625
0 0.24853515625 0.5224609375 0.0419921875 0.052734375
0 0.64013671875 0.48046875 0.0283203125 0.03515625
0 0.49072265625 0.41796875 0.0244140625 0.0390625
0 0.46044921875 0.4111328125 0.0263671875 0.0390625
0 0.4658203125 0.35986328125 0.029296875 0.0361328125
0 0.53857421875 0.37255859375 0.0244140625 0.0380859375
0 0.5869140625 0.3720703125 0.021484375 0.029296875
0 0.64990234375 0.384765625 0.0263671875 0.03125
0 0.6865234375 0.36181640625 0.025390625 0.0302734375
0 0.70947265625 0.474609375 0.0302734375 0.041015625
0 0.7275390625 0.5087890625 0.037109375 0.048828125
0 0.90234375 0.49560546875 0.03515625 0.0380859375
0 0.830078125 0.4892578125 0.037109375 0.04296875
0 0.78369140625 0.44970703125 0.0283203125 0.0400390625
0 0.83447265625 0.4384765625 0.0302734375 0.037109375
0 0.81201171875 0.37451171875 0.0283203125 0.0341796875
0 0.7587890625 0.41357421875 0.025390625 0.0322265625
0 0.724609375 0.37060546875 0.021484375 0.0244140625
0 0.28515625 0.46875 0.03125 0.0390625
0 0.287109375 0.4345703125 0.029296875 0.03515625
0 0.28369140625 0.3466796875 0.0263671875 0.03125
0 0.3603515625 0.52685546875 0.03125 0.0380859375
0 0.41259765625 0.48095703125 0.0302734375 0.0419921875
0 0.46484375 0.5185546875 0.03125 0.048828125
0 0.49462890625 0.48486328125 0.0302734375 0.0380859375
0 0.52880859375 0.51806640625 0.0302734375 0.0400390625
0 0.56494140625 0.50244140625 0.0263671875 0.0341796875
0 0.61279296875 0.517578125 0.0380859375 0.05078125
