0 0.275096525097 0.380424300868 0.03861003861 0.053037608486
0 0.368725868726 0.391996142719 0.0366795366795 0.0549662487946
0 0.40250965251 0.491321118611 0.042471042471 0.053037608486
0 0.294401544402 0.475891996143 0.0444015444015 0.0607521697203
0 0.192084942085 0.488910318226 0.042471042471 0.0559305689489
0 0.840733590734 0.394406943105 0.042471042471 0.0520732883317
0 0.77027027027 0.452266152363 0.0482625482625 0.0617164898746
0 0.651061776062 0.493731918997 0.0415057915058 0.0578592092575
0 0.526061776062 0.520732883317 0.0405405405405 0.0559305689489
0 0.485038610039 0.392478302797 0.0415057915058 0.0520732883317
0 0.603281853282 0.397782063645 0.0405405405405 0.0491803278689
0 0.733590733591 0.405978784957 0.0405405405405 0.0443587270974
