0 0.337890625 0.427663734115 0.044921875 0.0596285434995
0 0.39990234375 0.434017595308 0.0380859375 0.0566959921799
0 0.421875 0.406647116325 0.037109375 0.0566959921799
0 0.43359375 0.359237536657 0.041015625 0.0557184750733
0 0.46337890625 0.334799608993 0.0302734375 0.0459433040078
0 0.6650390625 0.210654936461 0.03125 0.0459433040078
0 0.61865234375 0.215542521994 0.0302734375 0.0400782013685
0 0.59765625 0.232160312805 0.03515625 0.0478983382209
0 0.54736328125 0.230694037146 0.0419921875 0.0488758553275
0 0.5576171875 0.270283479961 0.037109375 0.0557184750733
0 0.6767578125 0.175953079179 0.029296875 0.019550342131
0 0.19921875 0.581622678397 0.029296875 0.0469208211144
