0 0.261173184358 0.103720930233 0.0288640595903 0.0344186046512
0 0.487895716946 0.0972093023256 0.0297951582868 0.0381395348837
0 0.756052141527 0.121860465116 0.048417132216 0.0409302325581
0 0.677374301676 0.297674418605 0.0400372439479 0.0446511627907
0 0.506052141527 0.261395348837 0.0493482309125 0.0520930232558
0 0.322625698324 0.276279069767 0.0400372439479 0.0372093023256
0 0.477188081937 0.42976744186 0.0549348230912 0.0613953488372
0 0.175977653631 0.446046511628 0.0614525139665 0.0511627906977
0 0.819366852886 0.496279069767 0.0521415270019 0.0660465116279
0 0.307728119181 0.673953488372 0.0586592178771 0.073488372093
0 0.481378026071 0.688372093023 0.0633147113594 0.0725581395349
0 0.85009310987 0.727906976744 0.0651769087523 0.0753488372093
