0 0.31689453125 0.290811339198 0.1240234375 0.153470185728
0 0.10107421875 0.653958944282 0.0205078125 0.0371456500489
0 0.8359375 0.19403714565 0.05859375 0.0635386119257
0 0.63623046875 0.270283479961 0.0283203125 0.0361681329423
0 0.66455078125 0.309384164223 0.0263671875 0.0518084066471
0 0.69873046875 0.284946236559 0.0224609375 0.0263929618768
0 0.736328125 0.313294232649 0.03515625 0.0420332355816
0 0.56201171875 0.512707722385 0.0361328125 0.0518084066471
0 0.2119140625 0.668132942326 0.01953125 0.0361681329423
0 0.35302734375 0.677908113392 0.0205078125 0.0322580645161
0 0.91357421875 0.660312805474 0.0205078125 0.0342130987292
