0 0.9599609375 0.650048875855 0.01953125 0.0234604105572
0 0.29443359375 0.721407624633 0.0205078125 0.0332355816227
0 0.26953125 0.802541544477 0.02734375 0.039100684262
0 0.3955078125 0.702346041056 0.0234375 0.030303030303
0 0.48876953125 0.77908113392 0.0205078125 0.0312805474096
0 0.5546875 0.810361681329 0.037109375 0.0469208211144
0 0.60986328125 0.695014662757 0.0244140625 0.0351906158358
0 0.6611328125 0.681329423265 0.02734375 0.0312805474096
0 0.478515625 0.672043010753 0.021484375 0.0322580645161
0 0.64794921875 0.60899315738 0.0224609375 0.0273704789834
0 0.330078125 0.633431085044 0.0234375 0.0215053763441
0 0.38916015625 0.806451612903 0.0302734375 0.0293255131965
