0 0.40380859375 0.215053763441 0.0615234375 0.0273704789834
0 0.44482421875 0.305474095797 0.0322265625 0.0342130987292
0 0.58935546875 0.299120234604 0.0341796875 0.0410557184751
0 0.9892578125 0.11045943304 0.021484375 0.0332355816227
0 0.876953125 0.101173020528 0.03125 0.0263929618768
0 0.7724609375 0.105571847507 0.048828125 0.0351906158358
0 0.56787109375 0.100195503421 0.0361328125 0.0244379276637
0 0.068359375 0.208699902248 0.033203125 0.0557184750733
0 0.173828125 0.211632453568 0.041015625 0.0576735092864
0 0.265625 0.194525904203 0.0390625 0.0430107526882
0 0.20263671875 0.122189638319 0.0302734375 0.0312805474096
0 0.0546875 0.10752688172 0.03515625 0.039100684262
0 0.3359375 0.103616813294 0.03125 0.0312805474096
0 0.453125 0.103128054741 0.03515625 0.030303030303
