0 0.193359375 0.349609375 0.02734375 0.048828125
0 0.17431640625 0.22314453125 0.0205078125 0.0322265625
0 0.11767578125 0.2392578125 0.0224609375 0.033203125
0 0.04931640625 0.23828125 0.0263671875 0.029296875
0 0.44970703125 0.22900390625 0.0224609375 0.0361328125
0 0.33837890625 0.2158203125 0.0302734375 0.0390625
0 0.26416015625 0.2392578125 0.0283203125 0.02734375
0 0.85205078125 0.23583984375 0.0283203125 0.0400390625
0 0.70947265625 0.21142578125 0.0283203125 0.0419921875
0 0.87841796875 0.2265625 0.0224609375 0.037109375
