0 0.9462890625 0.36767578125 0.025390625 0.0361328125
0 0.8828125 0.36767578125 0.02734375 0.0322265625
0 0.81640625 0.3798828125 0.0234375 0.02734375
0 0.857421875 0.3056640625 0.021484375 0.03125
0 0.9208984375 0.32177734375 0.021484375 0.0302734375
0 0.97412109375 0.30029296875 0.0205078125 0.0244140625
0 0.9482421875 0.291015625 0.021484375 0.029296875
0 0.9267578125 0.244140625 0.01953125 0.025390625
0 0.87353515625 0.28125 0.0244140625 0.029296875
0 0.94677734375 0.18603515625 0.0224609375 0.0263671875
0 0.8916015625 0.1865234375 0.01953125 0.02734375
0 0.8369140625 0.1904296875 0.0234375 0.025390625
0 0.74853515625 0.37353515625 0.0283203125 0.0283203125
0 0.798828125 0.3203125 0.021484375 0.029296875
0 0.8056640625 0.29150390625 0.025390625 0.0302734375
0 0.80029296875 0.22509765625 0.0244140625 0.0302734375
0 0.751953125 0.28173828125 0.0234375 0.0263671875
0 0.728515625 0.3193359375 0.0234375 0.029296875
0 0.68408203125 0.369140625 0.0224609375 0.02734375
0 0.66650390625 0.33056640625 0.0224609375 0.0283203125
0 0.6904296875 0.28662109375 0.0234375 0.0302734375
0 0.72119140625 0.19287109375 0.0205078125 0.0283203125
0 0.625 0.35888671875 0.021484375 0.0302734375
0 0.6298828125 0.2861328125 0.0234375 0.03515625
0 0.68115234375 0.23779296875 0.0205078125 0.0263671875
0 0.6484375 0.18798828125 0.021484375 0.0283203125
0 0.572265625 0.36376953125 0.0234375 0.0263671875
0 0.48095703125 0.3603515625 0.0224609375 0.029296875
0 0.43310546875 0.35986328125 0.0224609375 0.0283203125
0 0.3974609375 0.32421875 0.01953125 0.025390625
0 0.4375 0.28759765625 0.0234375 0.0302734375
0 0.46044921875 0.31298828125 0.0244140625 0.0302734375
0 0.53271484375 0.31494140625 0.0244140625 0.0302734375
0 0.59423828125 0.32080078125 0.0205078125 0.0283203125
0 0.56591796875 0.2744140625 0.0224609375 0.03125
0 0.5068359375 0.27880859375 0.021484375 0.0283203125
0 0.4765625 0.22607421875 0.025390625 0.0283203125
0 0.548828125 0.22802734375 0.021484375 0.0302734375
0 0.583984375 0.18994140625 0.0234375 0.0302734375
0 0.51171875 0.1953125 0.025390625 0.03125
0 0.4462890625 0.21728515625 0.021484375 0.0322265625
0 0.42236328125 0.23486328125 0.0244140625 0.0322265625
0 0.6015625 0.23876953125 0.0234375 0.0263671875
0 0.3740234375 0.37158203125 0.0234375 0.0283203125
0 0.33544921875 0.37109375 0.0244140625 0.02734375
0 0.271484375 0.357421875 0.0234375 0.03125
0 0.2900390625 0.328125 0.0234375 0.029296875
0 0.3349609375 0.33203125 0.021484375 0.02734375
0 0.38134765625 0.27734375 0.0224609375 0.02734375
0 0.31591796875 0.28662109375 0.0244140625 0.0302734375
0 0.28857421875 0.25439453125 0.0244140625 0.0302734375
0 0.29052734375 0.234375 0.0224609375 0.01953125
0 0.24609375 0.2861328125 0.0234375 0.02734375
0 0.19580078125 0.28173828125 0.0224609375 0.0322265625
0 0.19189453125 0.32080078125 0.0244140625 0.0302734375
0 0.20068359375 0.3681640625 0.0244140625 0.03125
0 0.34033203125 0.20068359375 0.0205078125 0.0322265625
0 0.265625 0.20361328125 0.021484375 0.0244140625
0 0.19921875 0.1884765625 0.021484375 0.03125
0 0.1337890625 0.44677734375 0.01953125 0.0302734375
0 0.05126953125 0.38916015625 0.0224609375 0.0322265625
0 0.025390625 0.36669921875 0.0234375 0.0341796875
0 0.12548828125 0.35986328125 0.0244140625 0.0341796875
0 0.125 0.328125 0.021484375 0.01953125
0 0.06396484375 0.3271484375 0.0205078125 0.025390625
0 0.029296875 0.326171875 0.01953125 0.025390625
0 0.13037109375 0.2880859375 0.0224609375 0.02734375
0 0.068359375 0.29052734375 0.025390625 0.0361328125
0 0.11962890625 0.26123046875 0.0224609375 0.0244140625
0 0.06005859375 0.2451171875 0.0224609375 0.02734375
0 0.01025390625 0.23046875 0.0205078125 0.025390625
0 0.0166015625 0.19091796875 0.0234375 0.0302734375
0 0.0859375 0.1923828125 0.0234375 0.03125
0 0.11328125 0.1904296875 0.021484375 0.0234375
0 0.1591796875 0.40234375 0.025390625 0.033203125
