0 0.85541727672 0.348096632504 0.0212298682284 0.0285505124451
0 0.808931185944 0.354685212299 0.0204978038067 0.0256222547584
0 0.819912152269 0.344070278184 0.0146412884334 0.0204978038067
0 0.609077598829 0.325402635432 0.0234260614934 0.0256222547584
0 0.626281112738 0.229502196193 0.0183016105417 0.0226939970717
0 0.450585651537 0.308565153734 0.0226939970717 0.0329428989751
0 0.30710102489 0.339311859444 0.0212298682284 0.0270863836018
0 0.371156661786 0.24121522694 0.0204978038067 0.0256222547584
0 0.274890190337 0.383601756955 0.0256222547584 0.0292825768668
0 0.161054172767 0.393118594436 0.0219619326501 0.0292825768668
