0 0.95947265625 0.33935546875 0.0224609375 0.0263671875
0 0.87890625 0.345703125 0.021484375 0.025390625
0 0.8271484375 0.34765625 0.021484375 0.025390625
0 0.8447265625 0.306640625 0.021484375 0.021484375
0 0.7626953125 0.34228515625 0.02734375 0.0302734375
0 0.7119140625 0.34033203125 0.025390625 0.0244140625
0 0.78662109375 0.30810546875 0.0205078125 0.0224609375
0 0.66162109375 0.34814453125 0.0224609375 0.0244140625
0 0.66064453125 0.31787109375 0.0224609375 0.0263671875
0 0.58837890625 0.3115234375 0.0224609375 0.021484375
0 0.5517578125 0.326171875 0.0234375 0.025390625
0 0.587890625 0.36669921875 0.044921875 0.0419921875
0 0.45849609375 0.34814453125 0.0205078125 0.0224609375
0 0.5009765625 0.31298828125 0.01953125 0.0224609375
0 0.4638671875 0.3125 0.021484375 0.0234375
0 0.41943359375 0.314453125 0.0224609375 0.02734375
0 0.3857421875 0.3427734375 0.0234375 0.03125
0 0.36181640625 0.314453125 0.0205078125 0.02734375
0 0.326171875 0.32958984375 0.025390625 0.0419921875
0 0.30712890625 0.3046875 0.0205078125 0.02734375
0 0.185546875 0.30419921875 0.0234375 0.0263671875
0 0.0458984375 0.302734375 0.029296875 0.03515625
