0 0.497803806735 0.340409956076 0.0585651537335 0.0585651537335
0 0.841142020498 0.404831625183 0.0204978038067 0.0263543191801
0 0.752562225476 0.392020497804 0.0234260614934 0.0329428989751
0 0.659590043924 0.388726207906 0.0219619326501 0.0307467057101
0 0.636530014641 0.396778916545 0.0183016105417 0.0292825768668
0 0.599926793558 0.397144948755 0.0197657393851 0.0329428989751
0 0.406295754026 0.396046852123 0.0263543191801 0.0322108345534
0 0.320644216691 0.406661786237 0.0161054172767 0.0153733528551
0 0.249633967789 0.383967789165 0.0248901903367 0.0314787701318
0 0.150805270864 0.379209370425 0.0146412884334 0.0175695461201
0 0.173133235725 0.285871156662 0.0270863836018 0.0358711566618
