0 0.97265625 0.1875 0.04296875 0.05078125
0 0.8681640625 0.18896484375 0.03125 0.0458984375
0 0.81982421875 0.17529296875 0.0361328125 0.0439453125
0 0.7802734375 0.189453125 0.04296875 0.048828125
0 0.701171875 0.1982421875 0.044921875 0.044921875
0 0.56787109375 0.1943359375 0.0361328125 0.048828125
0 0.5712890625 0.140625 0.037109375 0.03125
0 0.498046875 0.19189453125 0.037109375 0.0615234375
0 0.50146484375 0.1396484375 0.0224609375 0.029296875
0 0.3837890625 0.20751953125 0.0390625 0.0419921875
0 0.3935546875 0.15771484375 0.041015625 0.0439453125
0 0.34375 0.1611328125 0.029296875 0.037109375
0 0.296875 0.201171875 0.048828125 0.052734375
0 0.1083984375 0.1689453125 0.03515625 0.048828125
0 0.048828125 0.17822265625 0.037109375 0.0673828125
