0 0.783674963397 0.367130307467 0.0212298682284 0.0183016105417
0 0.717423133236 0.357247437775 0.0204978038067 0.0219619326501
0 0.712664714495 0.277452415813 0.0197657393851 0.0322108345534
0 0.60102489019 0.396778916545 0.0453879941435 0.0541727672035
0 0.620424597365 0.296852122987 0.0197657393851 0.0300146412884
0 0.516471449488 0.349560761347 0.0183016105417 0.0241581259151
0 0.444363103953 0.315519765739 0.0161054172767 0.0234260614934
0 0.313323572474 0.287335285505 0.0204978038067 0.0270863836018
0 0.315519765739 0.364568081991 0.0219619326501 0.0219619326501
0 0.232064421669 0.37262079063 0.0146412884334 0.0190336749634
0 0.172035139092 0.317715959004 0.0175695461201 0.0234260614934
0 0.137262079063 0.371522693997 0.0183016105417 0.0241581259151
