0 0.9189453125 0.267350928641 0.05078125 0.0654936461388
0 0.91650390625 0.16275659824 0.0439453125 0.0635386119257
0 0.82421875 0.182795698925 0.037109375 0.0527859237537
0 0.78173828125 0.262952101662 0.0517578125 0.0625610948192
0 0.6669921875 0.254643206256 0.0546875 0.0518084066471
0 0.7421875 0.156402737048 0.046875 0.0547409579668
0 0.60205078125 0.180351906158 0.0439453125 0.0557184750733
0 0.46533203125 0.2761485826 0.0419921875 0.0674486803519
0 0.4599609375 0.162267839687 0.052734375 0.0645161290323
0 0.392578125 0.172531769306 0.041015625 0.0576735092864
0 0.412109375 0.273704789834 0.05078125 0.0625610948192
0 0.3056640625 0.293255131965 0.05078125 0.0547409579668
0 0.25439453125 0.185239491691 0.0478515625 0.0635386119257
0 0.19677734375 0.263440860215 0.0458984375 0.0615835777126
0 0.171875 0.191593352884 0.03125 0.0547409579668
0 0.09716796875 0.188172043011 0.0419921875 0.0596285434995
0 0.02001953125 0.260997067449 0.0400390625 0.0547409579668
