0 0.876953125 0.25537109375 0.025390625 0.0361328125
0 0.7001953125 0.2646484375 0.02734375 0.029296875
0 0.6904296875 0.18505859375 0.03125 0.0380859375
0 0.59228515625 0.1845703125 0.0224609375 0.03125
0 0.5546875 0.15576171875 0.025390625 0.0283203125
0 0.47314453125 0.2783203125 0.0263671875 0.037109375
0 0.47314453125 0.17333984375 0.0244140625 0.0400390625
0 0.35546875 0.2587890625 0.029296875 0.046875
0 0.35107421875 0.181640625 0.0263671875 0.03515625
0 0.205078125 0.2607421875 0.025390625 0.037109375
0 0.1904296875 0.18115234375 0.025390625 0.0380859375
0 0.2451171875 0.17333984375 0.029296875 0.0400390625
0 0.08642578125 0.1767578125 0.0283203125 0.037109375
0 0.05078125 0.25830078125 0.02734375 0.0322265625
0 0.291015625 0.68505859375 0.025390625 0.0380859375
