0 0.9375 0.4482421875 0.021484375 0.025390625
0 0.9169921875 0.44140625 0.0234375 0.025390625
0 0.87548828125 0.44189453125 0.0224609375 0.0224609375
0 0.76318359375 0.43701171875 0.0205078125 0.0302734375
0 0.55712890625 0.416015625 0.0224609375 0.029296875
0 0.43115234375 0.4521484375 0.0478515625 0.0390625
0 0.1943359375 0.3935546875 0.01953125 0.025390625
0 0.1484375 0.4169921875 0.01953125 0.021484375
0 0.0322265625 0.41455078125 0.01953125 0.0283203125
0 0.03125 0.38818359375 0.01953125 0.0244140625
0 0.07958984375 0.33984375 0.0205078125 0.0234375
0 0.025390625 0.333984375 0.021484375 0.029296875
0 0.38525390625 0.39501953125 0.0205078125 0.0244140625
