0 0.7880859375 0.22314453125 0.0234375 0.0263671875
0 0.6328125 0.21533203125 0.021484375 0.0263671875
0 0.59033203125 0.21533203125 0.0224609375 0.0224609375
0 0.4931640625 0.2158203125 0.021484375 0.0234375
0 0.40771484375 0.21044921875 0.0205078125 0.0302734375
0 0.38916015625 0.21240234375 0.0205078125 0.0263671875
0 0.34423828125 0.20947265625 0.0244140625 0.0224609375
0 0.25634765625 0.19775390625 0.0244140625 0.0400390625
0 0.13623046875 0.173828125 0.0224609375 0.02734375
0 0.07666015625 0.20068359375 0.0244140625 0.0283203125
