0 0.9453125 0.34228515625 0.01953125 0.0205078125
0 0.7568359375 0.3349609375 0.01953125 0.02734375
0 0.6748046875 0.322265625 0.01953125 0.029296875
0 0.6318359375 0.33349609375 0.01953125 0.0263671875
0 0.55615234375 0.34619140625 0.0458984375 0.0615234375
0 0.4638671875 0.3271484375 0.01953125 0.025390625
0 0.44287109375 0.30908203125 0.0205078125 0.0224609375
0 0.1435546875 0.32080078125 0.01953125 0.0244140625
0 0.0908203125 0.30126953125 0.0234375 0.0244140625
0 0.0771484375 0.30859375 0.021484375 0.0234375
0 0.02001953125 0.3193359375 0.0224609375 0.0234375
