0 0.8505859375 0.3681640625 0.025390625 0.029296875
0 0.6005859375 0.3740234375 0.01953125 0.0234375
0 0.5546875 0.37060546875 0.046875 0.0419921875
0 0.48779296875 0.28125 0.0224609375 0.029296875
0 0.4423828125 0.28759765625 0.0234375 0.0341796875
0 0.39013671875 0.30126953125 0.0205078125 0.0302734375
0 0.3505859375 0.29833984375 0.025390625 0.0205078125
0 0.2392578125 0.30322265625 0.01953125 0.0263671875
0 0.16650390625 0.29443359375 0.0244140625 0.0263671875
0 0.177734375 0.26611328125 0.0234375 0.0263671875
0 0.0810546875 0.27783203125 0.021484375 0.0283203125
