0 0.672767203514 0.272327964861 0.0468521229868 0.0585651537335
0 0.553440702782 0.284773060029 0.0351390922401 0.0409956076135
0 0.493411420205 0.248901903367 0.0322108345534 0.0366032210835
0 0.437042459736 0.273792093704 0.0380673499268 0.0468521229868
0 0.301976573939 0.298682284041 0.0285505124451 0.0336749633968
0 0.266471449488 0.306734992679 0.0292825768668 0.0263543191801
0 0.241947291362 0.296486090776 0.0300146412884 0.0322108345534
0 0.19289897511 0.296486090776 0.0329428989751 0.0395314787701
0 0.218887262079 0.266105417277 0.0248901903367 0.0285505124451
0 0.256954612006 0.254026354319 0.0263543191801 0.0278184480234
0 0.859077598829 0.234260614934 0.0314787701318 0.0512445095168
0 0.791727672035 0.248535871157 0.0300146412884 0.0387994143485
