0 0.9599609375 0.2587890625 0.03515625 0.04296875
0 0.89013671875 0.19580078125 0.0380859375 0.0400390625
0 0.857421875 0.2470703125 0.041015625 0.05078125
0 0.76220703125 0.3330078125 0.0400390625 0.072265625
0 0.76806640625 0.2431640625 0.0361328125 0.04296875
0 0.7080078125 0.224609375 0.0390625 0.048828125
0 0.60888671875 0.24755859375 0.0361328125 0.0419921875
0 0.49560546875 0.2275390625 0.0439453125 0.044921875
0 0.3525390625 0.2392578125 0.033203125 0.037109375
0 0.12158203125 0.16455078125 0.0322265625 0.0439453125
0 0.1484375 0.2138671875 0.046875 0.068359375
0 0.24365234375 0.2275390625 0.0380859375 0.046875
0 0.2080078125 0.19189453125 0.033203125 0.0439453125
0 0.2763671875 0.2138671875 0.033203125 0.04296875
0 0.3486328125 0.19140625 0.03515625 0.0390625
0 0.4482421875 0.1826171875 0.033203125 0.037109375
0 0.5390625 0.19384765625 0.04296875 0.0556640625
