0 0.96240234375 0.48583984375 0.0224609375 0.0341796875
0 0.8984375 0.484375 0.021484375 0.029296875
0 0.8310546875 0.453125 0.0234375 0.02734375
0 0.837890625 0.42578125 0.021484375 0.025390625
0 0.88720703125 0.42919921875 0.0205078125 0.0283203125
0 0.8818359375 0.369140625 0.01953125 0.025390625
0 0.86669921875 0.3974609375 0.0205078125 0.02734375
0 0.8154296875 0.31689453125 0.021484375 0.0263671875
0 0.93798828125 0.3193359375 0.0244140625 0.033203125
0 0.822265625 0.380859375 0.0234375 0.03125
0 0.76953125 0.42919921875 0.01953125 0.0322265625
0 0.953125 0.18603515625 0.01953125 0.0263671875
0 0.9775390625 0.28173828125 0.021484375 0.0263671875
0 0.92236328125 0.25 0.0205078125 0.02734375
0 0.81640625 0.2841796875 0.01953125 0.025390625
0 0.8935546875 0.18603515625 0.021484375 0.0263671875
0 0.91796875 0.1533203125 0.01953125 0.0234375
0 0.83740234375 0.17626953125 0.0205078125 0.0283203125
0 0.7607421875 0.32763671875 0.01953125 0.0224609375
0 0.76318359375 0.240234375 0.0205078125 0.025390625
0 0.736328125 0.17578125 0.021484375 0.029296875
0 0.70703125 0.2216796875 0.021484375 0.029296875
0 0.7236328125 0.2509765625 0.01953125 0.02734375
0 0.72021484375 0.28369140625 0.0224609375 0.0283203125
0 0.7236328125 0.3193359375 0.01953125 0.02734375
0 0.67138671875 0.31884765625 0.0224609375 0.0263671875
0 0.67333984375 0.28125 0.0224609375 0.0234375
0 0.6630859375 0.24609375 0.01953125 0.029296875
0 0.64208984375 0.18603515625 0.0205078125 0.0263671875
0 0.6220703125 0.31298828125 0.01953125 0.0283203125
0 0.6123046875 0.2529296875 0.01953125 0.02734375
0 0.724609375 0.47314453125 0.0234375 0.0322265625
0 0.75439453125 0.4765625 0.0283203125 0.033203125
0 0.71484375 0.42626953125 0.01953125 0.0283203125
0 0.5869140625 0.44287109375 0.021484375 0.0302734375
0 0.580078125 0.3984375 0.0234375 0.03125
0 0.61962890625 0.36669921875 0.0205078125 0.0263671875
0 0.57373046875 0.32177734375 0.0205078125 0.0283203125
0 0.5390625 0.43701171875 0.02734375 0.0341796875
0 0.5146484375 0.39599609375 0.0234375 0.0302734375
0 0.4775390625 0.43310546875 0.021484375 0.0302734375
0 0.46923828125 0.40234375 0.0224609375 0.02734375
0 0.51318359375 0.3662109375 0.0205078125 0.02734375
0 0.5576171875 0.36328125 0.021484375 0.025390625
0 0.4580078125 0.322265625 0.01953125 0.02734375
0 0.4052734375 0.32373046875 0.0234375 0.0302734375
0 0.5166015625 0.28271484375 0.021484375 0.0283203125
0 0.5830078125 0.28125 0.0234375 0.03125
0 0.43505859375 0.2783203125 0.0244140625 0.03125
0 0.4912109375 0.259765625 0.021484375 0.033203125
0 0.6005859375 0.216796875 0.021484375 0.025390625
0 0.59130859375 0.1845703125 0.0205078125 0.0234375
0 0.4404296875 0.20849609375 0.021484375 0.0283203125
0 0.4736328125 0.15380859375 0.01953125 0.0244140625
0 0.35205078125 0.17822265625 0.0205078125 0.0263671875
0 0.3935546875 0.18798828125 0.01953125 0.0283203125
0 0.298828125 0.17822265625 0.01953125 0.0302734375
0 0.21923828125 0.48046875 0.0205078125 0.03125
0 0.15771484375 0.4658203125 0.0205078125 0.029296875
0 0.09619140625 0.474609375 0.0224609375 0.03125
0 0.0458984375 0.427734375 0.0234375 0.029296875
0 0.04150390625 0.39990234375 0.0205078125 0.0283203125
0 0.21728515625 0.43994140625 0.0224609375 0.0302734375
0 0.20849609375 0.40380859375 0.0224609375 0.0283203125
0 0.1767578125 0.4091796875 0.025390625 0.029296875
0 0.1396484375 0.365234375 0.01953125 0.03125
0 0.1474609375 0.3271484375 0.01953125 0.0234375
0 0.0771484375 0.36572265625 0.021484375 0.0322265625
0 0.1005859375 0.3173828125 0.01953125 0.02734375
0 0.234375 0.21337890625 0.01953125 0.0263671875
0 0.28125 0.2099609375 0.01953125 0.029296875
0 0.1962890625 0.18408203125 0.01953125 0.0224609375
0 0.2216796875 0.15283203125 0.021484375 0.0224609375
0 0.1689453125 0.1513671875 0.01953125 0.01953125
0 0.126953125 0.18359375 0.01953125 0.029296875
0 0.02587890625 0.21533203125 0.0205078125 0.0302734375
0 0.10888671875 0.43505859375 0.0205078125 0.0263671875
0 0.6162109375 0.4443359375 0.021484375 0.03125
