0 0.3251953125 0.374877810362 0.0859375 0.200391006843
0 0.6328125 0.349462365591 0.1484375 0.206256109482
0 0.49951171875 0.316715542522 0.0205078125 0.0312805474096
0 0.81396484375 0.381231671554 0.0400390625 0.0566959921799
0 0.806640625 0.312316715543 0.037109375 0.0459433040078
0 0.947265625 0.299608993157 0.044921875 0.0576735092864
0 0.01904296875 0.393939393939 0.0380859375 0.10752688172
0 0.04833984375 0.36265884653 0.0673828125 0.121212121212
0 0.4140625 0.370478983382 0.0234375 0.0351906158358
0 0.49755859375 0.35972629521 0.0205078125 0.0351906158358
0 0.43359375 0.336754643206 0.025390625 0.0400782013685
