0 0.92431640625 0.255859375 0.0654296875 0.078125
0 0.77685546875 0.33251953125 0.0498046875 0.0615234375
0 0.63525390625 0.232421875 0.0498046875 0.05859375
0 0.56005859375 0.29736328125 0.0439453125 0.0615234375
0 0.099609375 0.33349609375 0.068359375 0.0947265625
0 0.3193359375 0.34033203125 0.056640625 0.0732421875
0 0.4990234375 0.5234375 0.0546875 0.064453125
0 0.4638671875 0.275390625 0.037109375 0.046875
0 0.78515625 0.20751953125 0.056640625 0.0576171875
0 0.28515625 0.2548828125 0.046875 0.0546875
0 0.60498046875 0.25732421875 0.0380859375 0.0458984375
0 0.19677734375 0.27392578125 0.0361328125 0.0517578125
0 0.11962890625 0.271484375 0.0439453125 0.04296875
0 0.23779296875 0.36865234375 0.0361328125 0.0400390625
0 0.7099609375 0.244140625 0.04296875 0.044921875
0 0.587890625 0.52783203125 0.044921875 0.0634765625
0 0.73046875 0.513671875 0.056640625 0.060546875
