0 0.547054597701 0.751436781609 0.0423850574713 0.0445402298851
0 0.457614942529 0.714439655172 0.0416666666667 0.0495689655172
0 0.322916666667 0.693606321839 0.0308908045977 0.0409482758621
0 0.422054597701 0.720905172414 0.0352011494253 0.0510057471264
0 0.293103448276 0.832614942529 0.0373563218391 0.0387931034483
0 0.184267241379 0.679956896552 0.0308908045977 0.0380747126437
0 0.195761494253 0.609554597701 0.0265804597701 0.0280172413793
0 0.329382183908 0.589439655172 0.0280172413793 0.0352011494253
0 0.470905172414 0.638290229885 0.0280172413793 0.0337643678161
0 0.141163793103 0.679956896552 0.0179597701149 0.0466954022989
0 0.143318965517 0.641522988506 0.0222701149425 0.0316091954023
0 0.220545977011 0.677083333333 0.0287356321839 0.0366379310345
0 0.209051724138 0.568606321839 0.0172413793103 0.0294540229885
