0 0.450431034483 0.689295977011 0.0646551724138 0.0854885057471
0 0.280172413793 0.684267241379 0.0416666666667 0.055316091954
0 0.147270114943 0.678520114943 0.0301724137931 0.0711206896552
0 0.209770114943 0.222701149425 0.0201149425287 0.0373563218391
0 0.770474137931 0.395114942529 0.0265804597701 0.0359195402299
0 0.799209770115 0.441451149425 0.0237068965517 0.0308908045977
0 0.587643678161 0.383979885057 0.0244252873563 0.0294540229885
0 0.681393678161 0.372844827586 0.0251436781609 0.0287356321839
0 0.463362068966 0.380387931034 0.0258620689655 0.0323275862069
0 0.428520114943 0.355962643678 0.0222701149425 0.0237068965517
