0 0.277298850575 0.693606321839 0.0272988505747 0.0323275862069
0 0.458692528736 0.689295977011 0.0294540229885 0.0352011494253
0 0.506106321839 0.68283045977 0.0237068965517 0.0308908045977
0 0.562859195402 0.58441091954 0.0251436781609 0.0323275862069
0 0.661278735632 0.70617816092 0.0308908045977 0.0387931034483
0 0.497485632184 0.58908045977 0.0193965517241 0.0301724137931
0 0.387212643678 0.614583333333 0.0258620689655 0.0323275862069
0 0.255747126437 0.693247126437 0.0201149425287 0.0301724137931
0 0.760416666667 0.608117816092 0.0251436781609 0.0337643678161
0 0.661278735632 0.567887931034 0.0237068965517 0.0323275862069
0 0.735272988506 0.542744252874 0.0222701149425 0.0308908045977
0 0.779454022989 0.60632183908 0.0172413793103 0.0316091954023
0 0.702227011494 0.688218390805 0.0251436781609 0.0316091954023
0 0.481681034483 0.566091954023 0.0165229885057 0.0258620689655
0 0.533045977011 0.574353448276 0.0201149425287 0.0323275862069
0 0.716954022989 0.534841954023 0.0172413793103 0.0294540229885
