0 0.466235632184 0.269396551724 0.0431034482759 0.0531609195402
0 0.627155172414 0.177442528736 0.0330459770115 0.0488505747126
0 0.652298850575 0.233836206897 0.0272988505747 0.0423850574713
0 0.727370689655 0.316451149425 0.0409482758621 0.0524425287356
0 0.742816091954 0.262931034483 0.0287356321839 0.0445402298851
0 0.759698275862 0.229166666667 0.0323275862069 0.0431034482759
0 0.396551724138 0.268318965517 0.0330459770115 0.0438218390805
0 0.388290229885 0.185344827586 0.0366379310345 0.0431034482759
0 0.306393678161 0.26724137931 0.0337643678161 0.0459770114943
0 0.271192528736 0.226293103448 0.0308908045977 0.0416666666667
0 0.306393678161 0.182112068966 0.0280172413793 0.0395114942529
0 0.214439655172 0.308189655172 0.0423850574713 0.0502873563218
0 0.23132183908 0.276939655172 0.0287356321839 0.0452586206897
0 0.555316091954 0.146192528736 0.0316091954023 0.0366379310345
0 0.646192528736 0.296695402299 0.0366379310345 0.0560344827586
0 0.710129310345 0.516163793103 0.0495689655172 0.0567528735632
0 0.39224137931 0.498563218391 0.0502873563218 0.058908045977
0 0.401939655172 0.464798850575 0.0395114942529 0.0545977011494
0 0.302083333333 0.111709770115 0.0150862068966 0.0222701149425
0 0.507543103448 0.227370689655 0.0337643678161 0.0495689655172
0 0.308548850575 0.215517241379 0.0265804597701 0.0474137931034
