0 0.70556640625 0.6552734375 0.0908203125 0.119140625
0 0.4306640625 0.29931640625 0.08984375 0.0947265625
0 0.2412109375 0.22607421875 0.0625 0.0693359375
0 0.076171875 0.23486328125 0.08203125 0.0849609375
0 0.6181640625 0.63232421875 0.078125 0.0771484375
0 0.55615234375 0.548828125 0.0537109375 0.0703125
0 0.3837890625 0.50244140625 0.029296875 0.0361328125
0 0.61376953125 0.576171875 0.0322265625 0.052734375
0 0.84814453125 0.63818359375 0.0791015625 0.1025390625
0 0.98828125 0.60302734375 0.0234375 0.0947265625
