0 0.72119140625 0.4477028348 0.0478515625 0.058651026393
0 0.560546875 0.479960899316 0.03515625 0.0566959921799
0 0.49560546875 0.439393939394 0.0478515625 0.0596285434995
0 0.4248046875 0.49706744868 0.048828125 0.0674486803519
0 0.1142578125 0.453079178886 0.037109375 0.049853372434
0 0.076171875 0.477028347996 0.044921875 0.0606060606061
0 0.78173828125 0.574780058651 0.0595703125 0.0703812316716
0 0.92919921875 0.4477028348 0.0458984375 0.0469208211144
0 0.90283203125 0.458455522972 0.0400390625 0.0488758553275
0 0.78662109375 0.454545454545 0.0517578125 0.0547409579668
0 0.06298828125 0.482893450635 0.0517578125 0.0703812316716
0 0.65380859375 0.471163245357 0.0439453125 0.0566959921799
0 0.57470703125 0.508308895406 0.0439453125 0.0547409579668
