0 0.737673343606 0.796766743649 0.0346687211094 0.0400307929176
0 0.812403697997 0.757120862202 0.0254237288136 0.0346420323326
0 0.604391371341 0.729407236336 0.0254237288136 0.0315627405697
0 0.499229583975 0.749422632794 0.0261941448382 0.0315627405697
0 0.453775038521 0.768668206313 0.0277349768875 0.0346420323326
0 0.333975346687 0.803310238645 0.0254237288136 0.0331023864511
0 0.284668721109 0.804464973056 0.0300462249615 0.0384911470362
0 0.28312788906 0.728252501925 0.0254237288136 0.0307929176289
0 0.215331278891 0.735180908391 0.0208012326656 0.0277136258661
0 0.212634822804 0.655889145497 0.0246533127889 0.0354118552733
0 0.51001540832 0.696689761355 0.0277349768875 0.0400307929176
0 0.706856702619 0.668591224018 0.0254237288136 0.0346420323326
0 0.578197226502 0.673210161663 0.0223420647149 0.036181678214
0 0.616332819723 0.667051578137 0.0246533127889 0.0346420323326
0 0.593605546995 0.650115473441 0.0238828967643 0.0300230946882
0 0.567026194145 0.642802155504 0.0277349768875 0.0369515011547
0 0.587442218798 0.61739799846 0.0208012326656 0.0277136258661
0 0.539291217257 0.603156274057 0.0261941448382 0.0315627405697
0 0.68374422188 0.797151655119 0.0269645608629 0.036181678214
0 0.719953775039 0.802540415704 0.0269645608629 0.0331023864511
0 0.329738058552 0.662432640493 0.0246533127889 0.0346420323326
0 0.333204930663 0.620092378753 0.0208012326656 0.0269438029253
0 0.453775038521 0.703233256351 0.0215716486903 0.036181678214
0 0.623651771957 0.785989222479 0.0300462249615 0.0384911470362
0 0.534283513097 0.794072363356 0.0269645608629 0.036181678214
0 0.337442218798 0.714780600462 0.0215716486903 0.0331023864511
