0 0.364995602463 0.177440633245 0.0958663148637 0.135883905013
0 0.429639401935 0.193711521548 0.0554089709763 0.0831134564644
0 0.622251539138 0.153913808267 0.177660510114 0.138962181179
0 0.558707124011 0.475593667546 0.0927880386983 0.0980650835532
0 0.456904133685 0.491424802111 0.0817941952507 0.0532102022867
0 0.311565523307 0.520888302551 0.0312225153914 0.120052770449
0 0.655672823219 0.721196130167 0.0114335971856 0.0123131046614
0 0.688214599824 0.718777484609 0.00967458223395 0.0127528583993
0 0.719656992084 0.726693051891 0.00923482849604 0.0109938434477
0 0.490985048373 0.549912049252 0.0435356200528 0.0584872471416
