0 0.360372340426 0.0199291408326 0.020390070922 0.0256864481842
0 0.195921985816 0.014171833481 0.0212765957447 0.0230292294066
0 0.258421985816 0.0265721877768 0.0186170212766 0.0230292294066
0 0.0709219858156 0.0279007971656 0.0177304964539 0.0239149689991
0 0.236258865248 0.0186005314438 0.0221631205674 0.0248007085917
0 0.395390070922 0.0146147032772 0.0212765957447 0.0274579273694
0 0.49335106383 0.0181576616475 0.0186170212766 0.0274579273694
0 0.55585106383 0.0256864481842 0.0248226950355 0.0318866253322
0 0.627216312057 0.0217006200177 0.0239361702128 0.0327723649247
0 0.684840425532 0.0602302922941 0.020390070922 0.0265721877768
0 0.710106382979 0.0314437555359 0.0230496453901 0.0256864481842
0 0.787677304965 0.0292294065545 0.0186170212766 0.0283436669619
0 0.820035460993 0.0186005314438 0.0265957446809 0.0372010628875
0 0.361258865248 0.0212577502214 0.0186170212766 0.0230292294066
0 0.923315602837 0.063330380868 0.0434397163121 0.0451727192205
0 0.846631205674 0.036315323295 0.0248226950355 0.0283436669619
0 0.880319148936 0.0451727192205 0.0230496453901 0.0265721877768
