0 0.189238653001 0.196193265007 0.0241581259151 0.0453879941435
0 0.179355783309 0.204978038067 0.0263543191801 0.0380673499268
0 0.282576866764 0.230600292826 0.0263543191801 0.0366032210835
0 0.340409956076 0.217423133236 0.0190336749634 0.0263543191801
0 0.4560761347 0.191434846266 0.0175695461201 0.0256222547584
0 0.418374816984 0.189604685212 0.0183016105417 0.0278184480234
0 0.371522693997 0.222547584187 0.0197657393851 0.0263543191801
0 0.541727672035 0.204245973646 0.0146412884334 0.0248901903367
0 0.512811127379 0.425695461201 0.0314787701318 0.0417276720351
0 0.566983894583 0.364568081991 0.0344070278184 0.0380673499268
0 0.64494875549 0.206442166911 0.0161054172767 0.0219619326501
0 0.696193265007 0.202415812592 0.0146412884334 0.0197657393851
