0 0.052734375 0.35791015625 0.01953125 0.0244140625
0 0.08642578125 0.42236328125 0.0205078125 0.0263671875
0 0.18359375 0.42529296875 0.021484375 0.0263671875
0 0.16357421875 0.5166015625 0.0244140625 0.029296875
0 0.27392578125 0.48388671875 0.0263671875 0.0302734375
0 0.23681640625 0.43798828125 0.0224609375 0.0263671875
0 0.28662109375 0.3818359375 0.0224609375 0.02734375
0 0.330078125 0.42041015625 0.021484375 0.0283203125
0 0.37841796875 0.357421875 0.0263671875 0.03125
0 0.3828125 0.4150390625 0.0234375 0.02734375
0 0.43994140625 0.39404296875 0.0224609375 0.0283203125
0 0.57958984375 0.23974609375 0.0205078125 0.0361328125
0 0.8466796875 0.408203125 0.025390625 0.03125
0 0.92529296875 0.4931640625 0.0244140625 0.029296875
0 0.37890625 0.2783203125 0.029296875 0.033203125
0 0.10107421875 0.55224609375 0.0244140625 0.0283203125
