0 0.48046875 0.603515625 0.021484375 0.033203125
0 0.51611328125 0.84326171875 0.0341796875 0.0400390625
0 0.5673828125 0.828125 0.03125 0.033203125
0 0.62890625 0.828125 0.029296875 0.03515625
0 0.7216796875 0.8447265625 0.037109375 0.041015625
0 0.3193359375 0.07958984375 0.021484375 0.0302734375
0 0.4189453125 0.08154296875 0.0234375 0.0283203125
0 0.5029296875 0.10107421875 0.041015625 0.0634765625
0 0.56494140625 0.103515625 0.0205078125 0.029296875
0 0.6318359375 0.09814453125 0.037109375 0.0458984375
0 0.7275390625 0.0771484375 0.056640625 0.07421875
0 0.341796875 0.30126953125 0.029296875 0.0380859375
0 0.470703125 0.33056640625 0.02734375 0.0322265625
0 0.61328125 0.2880859375 0.01953125 0.025390625
0 0.6875 0.28271484375 0.021484375 0.0283203125
0 0.25732421875 0.61767578125 0.0263671875 0.0380859375
0 0.3173828125 0.6142578125 0.021484375 0.029296875
0 0.404296875 0.6044921875 0.0234375 0.029296875
