0 0.6337890625 0.493157380254 0.060546875 0.0752688172043
0 0.4345703125 0.529325513196 0.052734375 0.0752688172043
0 0.49169921875 0.389051808407 0.0361328125 0.0488758553275
0 0.052734375 0.41788856305 0.04296875 0.0381231671554
0 0.09619140625 0.370967741935 0.0302734375 0.0342130987292
0 0.953125 0.537634408602 0.0703125 0.058651026393
0 0.8642578125 0.634408602151 0.0703125 0.0488758553275
0 0.7978515625 0.438905180841 0.0546875 0.0645161290323
0 0.935546875 0.401270772239 0.03125 0.0361681329423
0 0.88525390625 0.408113391984 0.0263671875 0.0283479960899
0 0.85302734375 0.373411534702 0.0244140625 0.0293255131965
0 0.2626953125 0.503910068426 0.0546875 0.0674486803519
0 0.13916015625 0.441348973607 0.0576171875 0.0713587487781
0 0.21337890625 0.402737047898 0.0341796875 0.0527859237537
0 0.20751953125 0.357771260997 0.0302734375 0.0351906158358
0 0.28759765625 0.379276637341 0.0205078125 0.0410557184751
0 0.7255859375 0.42082111437 0.033203125 0.0439882697947
0 0.66015625 0.402737047898 0.0390625 0.0449657869013
0 0.38330078125 0.396871945259 0.0302734375 0.0351906158358
0 0.41455078125 0.456011730205 0.0439453125 0.0537634408602
