0 0.488965744401 0.0248133509003 0.0143829600351 0.0180061484409
0 0.452843653931 0.0298638559508 0.00318401405358 0.00373298199385
0 0.505434782609 0.0256916996047 0.014163372859 0.0169082125604
0 0.52003732982 0.0284914361001 0.0135046113307 0.0176767676768
0 0.545948616601 0.0256368028107 0.00559947299078 0.00647782169521
0 0.481664470795 0.100406236276 0.0103205972771 0.0137241985068
0 0.51608476065 0.106170399649 0.00779534475187 0.0111989459816
0 0.456851119895 0.181818181818 0.0105401844532 0.0129556433904
0 0.511363636364 0.185825647782 0.00911286780852 0.00977162933685
0 0.4926438296 0.173967940272 0.00812472551603 0.0108695652174
0 0.500219587176 0.180006587615 0.00439174352218 0.00537988581467
0 0.52086078173 0.184068950373 0.00351339481774 0.00581906016689
0 0.465579710145 0.182861220905 0.00581906016689 0.00713658322354
0 0.447628458498 0.186264822134 0.00527009222661 0.00581906016689
0 0.534914361001 0.259112867809 0.0191040843215 0.0239350021959
0 0.510979358805 0.267676767677 0.0107597716293 0.0138339920949
0 0.489953886693 0.278107158542 0.00845410628019 0.0107597716293
0 0.460035133948 0.272727272727 0.00702678963549 0.00834431269214
0 0.481335090031 0.33942687747 0.00790513833992 0.00911286780852
0 0.539690382082 0.334595959596 0.00691699604743 0.0110891523935
0 0.494126043039 0.449824330259 0.0143829600351 0.0169082125604
0 0.522727272727 0.46810496267 0.0226174791392 0.0273386034256
0 0.530467720685 0.434343434343 0.0126262626263 0.0177865612648
0 0.495937637242 0.413427755819 0.00417215634607 0.00428194993412
0 0.489404918753 0.422101449275 0.00494071146245 0.0062582345191
0 0.541556873079 0.389931927975 0.00691699604743 0.00823451910408
0 0.4963219148 0.497859025033 0.00757575757576 0.00933245498463
0 0.53557312253 0.499945103206 0.00439174352218 0.00559947299078
0 0.485617039965 0.511253842776 0.00373298199385 0.00494071146245
0 0.448506807202 0.505160298639 0.00922266139657 0.0122968818621
0 0.504336846728 0.49604743083 0.00340360122969 0.00461133069829
0 0.473100570927 0.567907334212 0.0169082125604 0.0207509881423
0 0.511967501098 0.563021519543 0.0107597716293 0.0125164690382
0 0.491216512956 0.56543697848 0.00570926657883 0.00812472551603
0 0.450812472552 0.650307422047 0.00944224857268 0.0133948177426
0 0.478370663153 0.653381642512 0.0111989459816 0.0147123407993
0 0.511089152394 0.658267457181 0.00724637681159 0.00933245498463
0 0.53271848924 0.665184453228 0.0105401844532 0.0128458498024
0 0.52453886693 0.654534475187 0.0062582345191 0.00669740887132
0 0.51948836188 0.655412823891 0.00428194993412 0.00581906016689
0 0.514986824769 0.650966183575 0.00494071146245 0.00548967940272
0 0.488965744401 0.653820816864 0.00406236275801 0.00505050505051
0 0.462944664032 0.726174791392 0.00779534475187 0.00900307422047
0 0.498627580149 0.711682037769 0.0106499780413 0.0138339920949
0 0.511693017128 0.719971453667 0.00977162933685 0.0117479139218
0 0.49945103206 0.799242424242 0.0169082125604 0.020092226614
0 0.53134606939 0.792270531401 0.0231664470795 0.0237154150198
0 0.48309178744 0.880105401845 0.0151515151515 0.0180061484409
0 0.496980676329 0.885210803689 0.0130654369785 0.0135046113307
0 0.549571805007 0.858256477822 0.00516029863856 0.00724637681159
0 0.45992534036 0.945926657883 0.0153711023276 0.0194334650856
0 0.482268335529 0.957894158981 0.0132850241546 0.0170180061484
0 0.503568291612 0.961462450593 0.0124066754502 0.0155906895037
0 0.522891963109 0.960090030742 0.0036231884058 0.006038647343
0 0.552700922266 0.957235397453 0.00527009222661 0.00779534475187
0 0.44806763285 0.271025472112 0.00527009222661 0.00713658322354
0 0.444883618797 0.111385595081 0.00219587176109 0.00691699604743
0 0.506807202459 0.448506807202 0.00680720245938 0.00812472551603
0 0.506752305665 0.495718050066 0.00340360122969 0.00461133069829
0 0.460364514712 0.813021519543 0.00702678963549 0.00900307422047
0 0.551877470356 0.904754062363 0.0086736934563 0.0165788317962
0 0.523605621432 0.955753184014 0.00329380764163 0.00461133069829
