0 0.50732421875 0.251953125 0.0888671875 0.095703125
0 0.87939453125 0.25390625 0.0849609375 0.08203125
0 0.30615234375 0.6240234375 0.0947265625 0.125
0 0.21240234375 0.2900390625 0.0830078125 0.107421875
0 0.11767578125 0.24169921875 0.0537109375 0.0634765625
0 0.0703125 0.4130859375 0.09375 0.125
0 0.3876953125 0.24267578125 0.041015625 0.0595703125
0 0.87109375 0.34619140625 0.076171875 0.1103515625
0 0.0888671875 0.3330078125 0.07421875 0.09375
0 0.744140625 0.189453125 0.068359375 0.048828125
