0 0.2158203125 0.261974584555 0.041015625 0.0566959921799
0 0.310546875 0.296676441838 0.0390625 0.0537634408602
0 0.4677734375 0.279569892473 0.033203125 0.0488758553275
0 0.2216796875 0.454056695992 0.046875 0.0615835777126
0 0.4052734375 0.442815249267 0.037109375 0.0488758553275
0 0.525390625 0.435972629521 0.0390625 0.0508308895406
0 0.6337890625 0.590420332356 0.04296875 0.0547409579668
0 0.49853515625 0.619745845552 0.0419921875 0.0703812316716
0 0.3662109375 0.597262952102 0.04296875 0.058651026393
0 0.71484375 0.277126099707 0.033203125 0.0478983382209
0 0.5849609375 0.228739002933 0.037109375 0.0449657869013
0 0.7548828125 0.423264907136 0.037109375 0.0566959921799
0 0.6435546875 0.433528836755 0.037109375 0.049853372434
0 0.775390625 0.594819159335 0.04296875 0.0557184750733
