0 0.384765625 0.34912109375 0.02734375 0.0478515625
0 0.4736328125 0.357421875 0.03125 0.05078125
0 0.55517578125 0.3603515625 0.0322265625 0.052734375
0 0.5869140625 0.39697265625 0.041015625 0.0576171875
0 0.7373046875 0.4716796875 0.052734375 0.072265625
0 0.62255859375 0.48779296875 0.0615234375 0.0927734375
0 0.70263671875 0.41796875 0.0361328125 0.0546875
0 0.74462890625 0.34521484375 0.0322265625 0.0419921875
0 0.72705078125 0.3505859375 0.0244140625 0.048828125
0 0.7822265625 0.3837890625 0.033203125 0.048828125
0 0.830078125 0.43310546875 0.078125 0.0791015625
0 0.91259765625 0.2919921875 0.0322265625 0.046875
0 0.84228515625 0.29638671875 0.0361328125 0.0556640625
0 0.8828125 0.65625 0.115234375 0.15625
0 0.94970703125 0.6728515625 0.1005859375 0.21875
0 0.498046875 0.72412109375 0.10546875 0.1845703125
0 0.3740234375 0.55859375 0.05859375 0.044921875
0 0.65283203125 0.38525390625 0.0361328125 0.0380859375
0 0.962890625 0.4306640625 0.033203125 0.044921875
