0 0.65771484375 0.53125 0.1123046875 0.130859375
0 0.12060546875 0.3681640625 0.0595703125 0.0859375
0 0.236328125 0.4189453125 0.083984375 0.119140625
0 0.32421875 0.42236328125 0.07421875 0.0966796875
0 0.279296875 0.32958984375 0.0546875 0.0712890625
0 0.30908203125 0.3525390625 0.0439453125 0.068359375
0 0.48388671875 0.38818359375 0.0556640625 0.0693359375
0 0.46728515625 0.30419921875 0.0537109375 0.0712890625
0 0.400390625 0.4111328125 0.0703125 0.095703125
0 0.369140625 0.34228515625 0.0625 0.0732421875
0 0.4248046875 0.353515625 0.0390625 0.060546875
0 0.66162109375 0.32666015625 0.0556640625 0.0732421875
0 0.748046875 0.40185546875 0.064453125 0.0927734375
0 0.70654296875 0.35400390625 0.0439453125 0.0595703125
0 0.609375 0.3544921875 0.041015625 0.0546875
0 0.5634765625 0.408203125 0.064453125 0.08203125
0 0.51513671875 0.61376953125 0.0927734375 0.1025390625
0 0.84423828125 0.3876953125 0.0732421875 0.09375
0 0.59228515625 0.478515625 0.0673828125 0.0859375
0 0.6181640625 0.3125 0.025390625 0.03125
0 0.01904296875 0.435546875 0.0361328125 0.109375
