0 0.24169921875 0.54931640625 0.0654296875 0.0693359375
0 0.32275390625 0.5205078125 0.0341796875 0.060546875
0 0.302734375 0.4375 0.04296875 0.048828125
0 0.4150390625 0.416015625 0.0234375 0.02734375
0 0.16064453125 0.4453125 0.0419921875 0.04296875
0 0.138671875 0.42138671875 0.02734375 0.0341796875
0 0.22265625 0.40185546875 0.03125 0.0361328125
0 0.546875 0.4677734375 0.041015625 0.046875
0 0.60009765625 0.44091796875 0.0283203125 0.0361328125
0 0.71923828125 0.4228515625 0.0244140625 0.029296875
0 0.7919921875 0.3916015625 0.01953125 0.021484375
0 0.46923828125 0.3623046875 0.0263671875 0.029296875
0 0.87890625 0.3525390625 0.01953125 0.021484375
0 0.83447265625 0.37109375 0.0205078125 0.025390625
0 0.09375 0.53759765625 0.021484375 0.0419921875
0 0.9873046875 0.44140625 0.025390625 0.037109375
0 0.87109375 0.4658203125 0.037109375 0.037109375
0 0.54541015625 0.38525390625 0.0322265625 0.0302734375
0 0.23193359375 0.37158203125 0.0224609375 0.0322265625
