0 0.626021798365 0.489448604493 0.179836512262 0.25459496256
0 0.361035422343 0.558883594282 0.183923705722 0.249149081007
0 0.482970027248 0.176991150442 0.0422343324251 0.0585432266848
0 0.273501362398 0.165759019741 0.0483651226158 0.074200136147
0 0.290190735695 0.279782164738 0.0435967302452 0.0626276378489
0 0.243188010899 0.304288631722 0.0531335149864 0.0830496936692
0 0.739441416894 0.192307692308 0.0456403269755 0.0660313138189
0 0.676430517711 0.137168141593 0.0572207084469 0.0837304288632
0 0.630108991826 0.709666439755 0.0299727520436 0.0456092579986
0 0.354904632153 0.715112321307 0.0381471389646 0.0537780803268
