0 0.19677734375 0.323558162268 0.0673828125 0.0625610948192
0 0.5673828125 0.561583577713 0.046875 0.0674486803519
0 0.619140625 0.475073313783 0.025390625 0.039100684262
0 0.63330078125 0.508797653959 0.0400390625 0.0459433040078
0 0.46728515625 0.503421309873 0.0283203125 0.0293255131965
0 0.54052734375 0.499511241447 0.0263671875 0.0293255131965
0 0.7998046875 0.566471163245 0.080078125 0.102639296188
0 0.7255859375 0.481427174976 0.03125 0.0439882697947
0 0.78515625 0.438416422287 0.01953125 0.0263929618768
0 0.92626953125 0.413978494624 0.0302734375 0.0283479960899
0 0.9404296875 0.374877810362 0.01953125 0.0205278592375
