0 0.05517578125 0.382209188661 0.0419921875 0.0547409579668
0 0.10205078125 0.41348973607 0.0439453125 0.058651026393
0 0.18408203125 0.434017595308 0.0458984375 0.0606060606061
0 0.2490234375 0.398338220919 0.041015625 0.0557184750733
0 0.33251953125 0.410068426197 0.0439453125 0.0596285434995
0 0.39453125 0.377321603128 0.044921875 0.0566959921799
0 0.48828125 0.419843597263 0.041015625 0.0596285434995
0 0.5986328125 0.392961876833 0.048828125 0.0625610948192
0 0.693359375 0.390029325513 0.0390625 0.0566959921799
0 0.755859375 0.409090909091 0.046875 0.0654936461388
0 0.84814453125 0.411534701857 0.0517578125 0.0703812316716
