0 0.18994140625 0.40576171875 0.0361328125 0.0419921875
0 0.37548828125 0.3896484375 0.0478515625 0.056640625
0 0.3720703125 0.54736328125 0.052734375 0.0654296875
0 0.22509765625 0.5146484375 0.0439453125 0.05859375
0 0.2666015625 0.5888671875 0.052734375 0.0625
0 0.18505859375 0.57958984375 0.0576171875 0.0732421875
0 0.13720703125 0.52001953125 0.0498046875 0.0595703125
0 0.521484375 0.5322265625 0.048828125 0.064453125
0 0.5712890625 0.4736328125 0.041015625 0.044921875
0 0.6484375 0.498046875 0.05078125 0.0625
0 0.69287109375 0.51171875 0.0302734375 0.044921875
0 0.6328125 0.634765625 0.052734375 0.05859375
0 0.8251953125 0.6337890625 0.05859375 0.06640625
