0 0.056640625 0.38232421875 0.03515625 0.0634765625
0 0.17138671875 0.39404296875 0.0361328125 0.0478515625
0 0.23876953125 0.4052734375 0.0380859375 0.041015625
0 0.30859375 0.38916015625 0.03515625 0.0458984375
0 0.38330078125 0.42333984375 0.0361328125 0.0439453125
0 0.46875 0.4375 0.02734375 0.033203125
0 0.51513671875 0.4091796875 0.0341796875 0.041015625
0 0.595703125 0.3916015625 0.03515625 0.041015625
0 0.80615234375 0.4150390625 0.0478515625 0.05859375
0 0.8271484375 0.43896484375 0.033203125 0.0478515625
0 0.77099609375 0.38232421875 0.0322265625 0.0400390625
0 0.7548828125 0.4091796875 0.0234375 0.03515625
0 0.6455078125 0.41064453125 0.01953125 0.0224609375
