0 0.14306640625 0.63587487781 0.0400390625 0.0342130987292
0 0.009765625 0.563538611926 0.01953125 0.0263929618768
0 0.2763671875 0.563538611926 0.029296875 0.0283479960899
0 0.30712890625 0.538611925709 0.0224609375 0.0273704789834
0 0.33056640625 0.597262952102 0.0283203125 0.0332355816227
0 0.345703125 0.565982404692 0.0234375 0.0312805474096
0 0.3759765625 0.58651026393 0.0234375 0.0293255131965
0 0.50634765625 0.717497556207 0.0419921875 0.0606060606061
0 0.3759765625 0.518084066471 0.01953125 0.0234604105572
0 0.5048828125 0.656402737048 0.05078125 0.0518084066471
0 0.25244140625 0.486803519062 0.0205078125 0.0215053763441
0 0.66650390625 0.626588465298 0.0419921875 0.0430107526882
0 0.7548828125 0.501955034213 0.025390625 0.0244379276637
0 0.69970703125 0.573802541544 0.0322265625 0.0410557184751
0 0.57275390625 0.543499511241 0.0224609375 0.0332355816227
0 0.83544921875 0.482404692082 0.0244140625 0.0283479960899
0 0.70849609375 0.512707722385 0.0224609375 0.0244379276637
0 0.97607421875 0.485337243402 0.0302734375 0.0244379276637
0 0.890625 0.527859237537 0.021484375 0.0273704789834
0 0.90625 0.570381231672 0.03125 0.0342130987292
0 0.4033203125 0.816715542522 0.046875 0.0342130987292
0 0.10693359375 0.663734115347 0.0244140625 0.0312805474096
0 0.2060546875 0.627077223851 0.0234375 0.0420332355816
0 0.080078125 0.541544477028 0.01953125 0.0215053763441
0 0.08984375 0.565982404692 0.021484375 0.0332355816227
