0 0.68017578125 0.5703125 0.0849609375 0.138671875
0 0.50927734375 0.46826171875 0.0791015625 0.0966796875
0 0.41357421875 0.47412109375 0.0751953125 0.0966796875
0 0.755859375 0.3203125 0.033203125 0.056640625
0 0.654296875 0.33056640625 0.046875 0.0712890625
0 0.60400390625 0.2705078125 0.0517578125 0.0703125
0 0.51953125 0.29296875 0.05078125 0.064453125
0 0.287109375 0.43115234375 0.052734375 0.0732421875
0 0.2041015625 0.38525390625 0.033203125 0.0439453125
0 0.14453125 0.4091796875 0.03125 0.044921875
