0 0.0712890625 0.51513671875 0.033203125 0.0400390625
0 0.0908203125 0.46826171875 0.03125 0.0341796875
0 0.04150390625 0.47314453125 0.0322265625 0.0341796875
0 0.21923828125 0.48388671875 0.0361328125 0.0498046875
0 0.27001953125 0.57763671875 0.0380859375 0.0478515625
0 0.2724609375 0.65234375 0.037109375 0.044921875
0 0.2783203125 0.466796875 0.03515625 0.044921875
0 0.26171875 0.42724609375 0.029296875 0.0380859375
0 0.25390625 0.38671875 0.029296875 0.037109375
0 0.06005859375 0.38671875 0.0302734375 0.037109375
0 0.13525390625 0.40380859375 0.0263671875 0.0302734375
0 0.15380859375 0.435546875 0.0341796875 0.04296875
0 0.50439453125 0.4931640625 0.1552734375 0.173828125
0 0.6787109375 0.3642578125 0.025390625 0.037109375
0 0.72705078125 0.3515625 0.0302734375 0.033203125
0 0.7177734375 0.45068359375 0.037109375 0.0400390625
0 0.79150390625 0.4638671875 0.0341796875 0.044921875
0 0.79248046875 0.39599609375 0.0263671875 0.0341796875
0 0.83447265625 0.4013671875 0.0283203125 0.0390625
0 0.88232421875 0.40771484375 0.0322265625 0.0419921875
0 0.95654296875 0.400390625 0.0361328125 0.0546875
0 0.1787109375 0.35302734375 0.03125 0.0419921875
0 0.28271484375 0.33447265625 0.0341796875 0.0224609375
0 0.21923828125 0.33740234375 0.0283203125 0.0302734375
