0 0.494791666667 0.136067708333 0.0885416666667 0.111979166667
0 0.665364583333 0.173177083333 0.0520833333333 0.0611979166667
0 0.769205729167 0.194661458333 0.0227864583333 0.02734375
0 0.741536458333 0.170572916667 0.01953125 0.0286458333333
0 0.558268229167 0.212239583333 0.029296875 0.0377604166667
0 0.593098958333 0.180989583333 0.01953125 0.0247395833333
0 0.621419270833 0.131510416667 0.021484375 0.0234375
0 0.352864583333 0.205403645833 0.0208333333333 0.025390625
0 0.321940104167 0.168294270833 0.017578125 0.021484375
0 0.340494791667 0.123372395833 0.0182291666667 0.0227864583333
0 0.408528645833 0.159830729167 0.0149739583333 0.0240885416667
0 0.217122395833 0.198567708333 0.0358072916667 0.0625
0 0.82421875 0.178059895833 0.0182291666667 0.0227864583333
