0 0.9228515625 0.374389051808 0.052734375 0.0606060606061
0 0.86083984375 0.33431085044 0.0458984375 0.0606060606061
0 0.79150390625 0.260508308895 0.0498046875 0.069403714565
0 0.66162109375 0.206256109482 0.0517578125 0.0664711632454
0 0.52685546875 0.346529814272 0.0478515625 0.0654936461388
0 0.453125 0.284457478006 0.0546875 0.0645161290323
0 0.37109375 0.270772238514 0.0546875 0.0645161290323
0 0.31591796875 0.228250244379 0.0419921875 0.0674486803519
0 0.3115234375 0.190615835777 0.044921875 0.0566959921799
0 0.1005859375 0.389051808407 0.046875 0.0625610948192
0 0.033203125 0.341642228739 0.048828125 0.0674486803519
0 0.041015625 0.186705767351 0.052734375 0.0527859237537
0 0.7685546875 0.190127077224 0.044921875 0.0596285434995
