0 0.621741706161 0.227945529899 0.0254739336493 0.0343398460628
0 0.497630331754 0.189165186501 0.0699052132701 0.0799289520426
0 0.341528436019 0.241267021906 0.0254739336493 0.0301953818828
0 0.394549763033 0.223505032564 0.0118483412322 0.0136175251628
0 0.359597156398 0.235346358792 0.0165876777251 0.0242747187685
0 0.212677725118 0.214624037892 0.0201421800948 0.0325636471285
0 0.717417061611 0.203670811131 0.0248815165877 0.0284191829485
0 0.734597156398 0.214920071048 0.0248815165877 0.0461811722913
0 0.529620853081 0.216992303138 0.0130331753555 0.0219064535228
0 0.784952606635 0.216992303138 0.0367298578199 0.0633510953227
