0 0.676 0.158 0.0217142857143 0.0291428571429
0 0.578 0.144857142857 0.0177142857143 0.0211428571429
0 0.762 0.122571428571 0.02 0.02
0 0.772857142857 0.276857142857 0.0268571428571 0.0337142857143
0 0.743428571429 0.261714285714 0.0274285714286 0.0308571428571
0 0.698 0.25 0.0291428571429 0.0371428571429
0 0.632285714286 0.246571428571 0.0325714285714 0.0348571428571
0 0.576285714286 0.212 0.0222857142857 0.0308571428571
0 0.335428571429 0.159142857143 0.0205714285714 0.0257142857143
0 0.318 0.163428571429 0.0177142857143 0.024
0 0.786285714286 0.238571428571 0.0125714285714 0.0291428571429
0 0.213428571429 0.149142857143 0.012 0.0205714285714
0 0.420285714286 0.094 0.0188571428571 0.0245714285714
0 0.354857142857 0.232857142857 0.0388571428571 0.0417142857143
0 0.271714285714 0.218 0.0177142857143 0.0257142857143
