0 0.441198786039 0.178544351782 0.0705614567527 0.0871872630781
0 0.541729893778 0.136846095527 0.0667678300455 0.0871872630781
0 0.668437025797 0.193707354056 0.0257966616085 0.035633055345
0 0.616464339909 0.199393479909 0.0220030349014 0.0348749052312
0 0.758345978756 0.0678544351782 0.0235204855842 0.0341167551175
0 0.809559939302 0.0689916603487 0.0273141122914 0.0333586050038
0 0.808801213961 0.0216072782411 0.0288315629742 0.0310841546626
0 0.87746585736 0.114480667172 0.0220030349014 0.0363912054587
0 0.410470409712 0.0761940864291 0.0318664643399 0.0432145564822
0 0.253793626707 0.0712661106899 0.0311077389985 0.0363912054587
0 0.160470409712 0.0735405610311 0.0326251896813 0.0394238059136
0 0.161987860395 0.157316148597 0.0417298937785 0.0583775587566
0 0.649848254932 0.054586808188 0.0174506828528 0.027293404094
0 0.212063732929 0.123957543594 0.0417298937785 0.0553449583017
0 0.274279210926 0.210765731615 0.0477996965099 0.0561031084155
0 0.306904400607 0.158453373768 0.0417298937785 0.0515542077331
