0 0.71337890625 0.16455078125 0.0263671875 0.0361328125
0 0.9287109375 0.14599609375 0.029296875 0.0302734375
0 0.611328125 0.19970703125 0.01953125 0.0244140625
0 0.1181640625 0.13525390625 0.033203125 0.0283203125
0 0.4736328125 0.15869140625 0.033203125 0.0380859375
0 0.48681640625 0.33642578125 0.0283203125 0.0634765625
0 0.1220703125 0.51904296875 0.02734375 0.0283203125
0 0.478515625 0.53955078125 0.03125 0.0439453125
0 0.48095703125 0.61865234375 0.0205078125 0.0224609375
0 0.4912109375 0.71728515625 0.01953125 0.0537109375
0 0.5859375 0.12841796875 0.03125 0.0244140625
