0 0.087890625 0.37158203125 0.02734375 0.0302734375
0 0.2236328125 0.3408203125 0.025390625 0.02734375
0 0.32958984375 0.33740234375 0.0302734375 0.0302734375
0 0.1669921875 0.51025390625 0.033203125 0.0341796875
0 0.2666015625 0.49951171875 0.03125 0.0380859375
0 0.42236328125 0.48828125 0.0283203125 0.029296875
0 0.42626953125 0.34423828125 0.0283203125 0.0361328125
0 0.52978515625 0.375 0.0263671875 0.033203125
0 0.53125 0.341796875 0.02734375 0.02734375
0 0.74365234375 0.38232421875 0.0322265625 0.0302734375
0 0.7568359375 0.34716796875 0.025390625 0.0322265625
0 0.64892578125 0.3359375 0.0263671875 0.025390625
0 0.87744140625 0.38037109375 0.0361328125 0.0361328125
0 0.62060546875 0.46728515625 0.0341796875 0.0380859375
