0 0.37841796875 0.315738025415 0.1748046875 0.215053763441
0 0.83837890625 0.55522971652 0.0498046875 0.0606060606061
0 0.79541015625 0.656891495601 0.0439453125 0.0488758553275
0 0.79345703125 0.69403714565 0.0498046875 0.058651026393
0 0.62451171875 0.617790811339 0.0478515625 0.0527859237537
0 0.95703125 0.778103616813 0.048828125 0.0645161290323
0 0.6904296875 0.142717497556 0.03125 0.0410557184751
0 0.86474609375 0.155913978495 0.0283203125 0.0381231671554
0 0.58837890625 0.302052785924 0.0400390625 0.0508308895406
0 0.81396484375 0.856793743891 0.0458984375 0.0576735092864
0 0.98291015625 0.647605083089 0.0341796875 0.0654936461388
