0 0.09521484375 0.260019550342 0.0400390625 0.0606060606061
0 0.2685546875 0.267839687195 0.044921875 0.0449657869013
0 0.3642578125 0.271260997067 0.044921875 0.0342130987292
0 0.37158203125 0.320136852395 0.0341796875 0.0400782013685
0 0.45849609375 0.330400782014 0.0439453125 0.0430107526882
0 0.4423828125 0.263929618768 0.0390625 0.0410557184751
0 0.4951171875 0.257575757576 0.0234375 0.0322580645161
0 0.57568359375 0.223362658847 0.0400390625 0.0459433040078
0 0.52294921875 0.264418377322 0.0361328125 0.0420332355816
0 0.615234375 0.290811339198 0.029296875 0.0439882697947
0 0.69091796875 0.287878787879 0.0380859375 0.0361681329423
0 0.70654296875 0.317693059629 0.0439453125 0.0547409579668
0 0.7451171875 0.308406647116 0.0390625 0.0557184750733
0 0.7724609375 0.302052785924 0.025390625 0.0508308895406
0 0.7646484375 0.230205278592 0.0390625 0.049853372434
0 0.80712890625 0.2761485826 0.0380859375 0.0420332355816
0 0.84228515625 0.241935483871 0.0283203125 0.0361681329423
0 0.927734375 0.225806451613 0.033203125 0.0332355816227
0 0.86376953125 0.301075268817 0.0244140625 0.0410557184751
0 0.25830078125 0.193059628543 0.0263671875 0.0283479960899
0 0.8818359375 0.281036168133 0.033203125 0.0420332355816
0 0.5615234375 0.270283479961 0.044921875 0.0439882697947
0 0.55908203125 0.306451612903 0.0439453125 0.0400782013685
