0 0.09423828125 0.50244140625 0.0380859375 0.0302734375
0 0.08203125 0.43310546875 0.03125 0.0458984375
0 0.0732421875 0.400390625 0.025390625 0.0234375
0 0.15087890625 0.40380859375 0.0263671875 0.0302734375
0 0.18505859375 0.46240234375 0.0302734375 0.0302734375
0 0.23583984375 0.455078125 0.0380859375 0.0390625
0 0.27880859375 0.42578125 0.0302734375 0.033203125
0 0.234375 0.39306640625 0.02734375 0.0322265625
0 0.28271484375 0.3701171875 0.0224609375 0.02734375
0 0.306640625 0.400390625 0.021484375 0.025390625
0 0.67626953125 0.38916015625 0.0244140625 0.0244140625
0 0.63671875 0.37646484375 0.0234375 0.0224609375
0 0.634765625 0.42333984375 0.025390625 0.0224609375
0 0.61474609375 0.447265625 0.0283203125 0.02734375
0 0.6376953125 0.48681640625 0.041015625 0.0458984375
0 0.73974609375 0.47705078125 0.0322265625 0.0224609375
0 0.79638671875 0.484375 0.0439453125 0.041015625
0 0.84326171875 0.47802734375 0.0302734375 0.0244140625
0 0.81982421875 0.3984375 0.0263671875 0.03515625
0 0.77099609375 0.38720703125 0.0244140625 0.0244140625
0 0.86328125 0.3955078125 0.0234375 0.02734375
0 0.9140625 0.40283203125 0.025390625 0.0322265625
0 0.9267578125 0.37353515625 0.01953125 0.0263671875
0 0.96142578125 0.47998046875 0.0419921875 0.0400390625
0 0.35009765625 0.39599609375 0.0244140625 0.0244140625
0 0.37744140625 0.38916015625 0.0224609375 0.0263671875
0 0.38037109375 0.462890625 0.0419921875 0.046875
0 0.4375 0.36962890625 0.029296875 0.0439453125
0 0.48388671875 0.38330078125 0.0205078125 0.0224609375
0 0.51025390625 0.48681640625 0.0439453125 0.0439453125
0 0.53564453125 0.42724609375 0.0283203125 0.0283203125
0 0.564453125 0.38232421875 0.0234375 0.0244140625
0 0.5771484375 0.3720703125 0.01953125 0.029296875
