0 0.10009765625 0.44482421875 0.0263671875 0.0322265625
0 0.0859375 0.4765625 0.021484375 0.029296875
0 0.1875 0.43017578125 0.033203125 0.0322265625
0 0.40869140625 0.45361328125 0.0322265625 0.0419921875
0 0.5478515625 0.4638671875 0.029296875 0.037109375
0 0.65283203125 0.447265625 0.0263671875 0.037109375
0 0.7119140625 0.52099609375 0.03125 0.0458984375
0 0.72412109375 0.46826171875 0.0244140625 0.0322265625
0 0.859375 0.45263671875 0.021484375 0.0224609375
0 0.845703125 0.48974609375 0.021484375 0.0419921875
0 0.92333984375 0.45703125 0.0205078125 0.02734375
0 0.51953125 0.44970703125 0.0234375 0.0283203125
0 0.935546875 0.48193359375 0.021484375 0.0302734375
