0 0.1318359375 0.30889540567 0.05078125 0.0625610948192
0 0.27587890625 0.338709677419 0.0576171875 0.0674486803519
0 0.3486328125 0.353861192571 0.0546875 0.0606060606061
0 0.49365234375 0.350439882698 0.0595703125 0.0713587487781
0 0.5732421875 0.365102639296 0.056640625 0.0635386119257
0 0.64111328125 0.358748778104 0.0498046875 0.0566959921799
0 0.67236328125 0.365102639296 0.0380859375 0.0420332355816
0 0.82568359375 0.390518084066 0.0517578125 0.0537634408602
0 0.88671875 0.348973607038 0.041015625 0.0527859237537
0 0.82373046875 0.358748778104 0.0537109375 0.0664711632454
