0 0.2734375 0.382209188661 0.025390625 0.0332355816227
0 0.13427734375 0.389051808407 0.0263671875 0.0351906158358
0 0.37060546875 0.413000977517 0.0263671875 0.0342130987292
0 0.423828125 0.396871945259 0.0234375 0.0332355816227
0 0.4921875 0.422287390029 0.0234375 0.0273704789834
0 0.451171875 0.41642228739 0.01953125 0.0234604105572
0 0.390625 0.409090909091 0.01953125 0.0205278592375
0 0.5517578125 0.424242424242 0.021484375 0.0293255131965
0 0.7265625 0.425219941349 0.03515625 0.0332355816227
0 0.64208984375 0.439882697947 0.0224609375 0.0234604105572
0 0.857421875 0.450635386119 0.0234375 0.0234604105572
0 0.92578125 0.441348973607 0.025390625 0.0420332355816
0 0.34912109375 0.401270772239 0.0205078125 0.0263929618768
0 0.20556640625 0.377810361681 0.0341796875 0.0361681329423
