0 0.30224609375 0.38720703125 0.0791015625 0.1279296875
0 0.2001953125 0.4306640625 0.0703125 0.16796875
0 0.544921875 0.19140625 0.0234375 0.03515625
0 0.4287109375 0.1962890625 0.01953125 0.029296875
0 0.3779296875 0.23095703125 0.03125 0.0361328125
0 0.46044921875 0.26904296875 0.0478515625 0.0654296875
0 0.50244140625 0.27392578125 0.0263671875 0.0322265625
0 0.408203125 0.3515625 0.0703125 0.078125
0 0.82373046875 0.384765625 0.1123046875 0.119140625
0 0.72119140625 0.32470703125 0.0654296875 0.0771484375
0 0.61962890625 0.32373046875 0.0654296875 0.0732421875
