0 0.11474609375 0.492179863148 0.0478515625 0.0576735092864
0 0.1767578125 0.478005865103 0.0390625 0.0723362658847
0 0.02587890625 0.475562072336 0.0322265625 0.0615835777126
0 0.14892578125 0.480449657869 0.0283203125 0.0537634408602
0 0.07177734375 0.481915933529 0.0302734375 0.0430107526882
0 0.24072265625 0.483870967742 0.0205078125 0.039100684262
0 0.28369140625 0.478005865103 0.0205078125 0.0332355816227
0 0.3623046875 0.456011730205 0.021484375 0.0381231671554
0 0.47900390625 0.433040078201 0.0244140625 0.0332355816227
0 0.74853515625 0.431573802542 0.0244140625 0.0342130987292
