0 0.22802734375 0.38525390625 0.0439453125 0.0576171875
0 0.31640625 0.38427734375 0.0390625 0.0478515625
0 0.3828125 0.3310546875 0.0546875 0.0703125
0 0.42578125 0.34619140625 0.02734375 0.0478515625
0 0.1357421875 0.357421875 0.044921875 0.060546875
0 0.0849609375 0.37060546875 0.041015625 0.0556640625
0 0.62353515625 0.33544921875 0.0458984375 0.0595703125
0 0.51806640625 0.376953125 0.0361328125 0.048828125
0 0.76904296875 0.34619140625 0.0458984375 0.0537109375
0 0.97265625 0.34228515625 0.03515625 0.0498046875
0 0.8271484375 0.32568359375 0.052734375 0.0654296875
0 0.5703125 0.5087890625 0.107421875 0.134765625
