0 0.9658203125 0.59375 0.02734375 0.041015625
0 0.14453125 0.42431640625 0.03515625 0.0380859375
0 0.3125 0.40380859375 0.0390625 0.0400390625
0 0.25927734375 0.35498046875 0.0283203125 0.0263671875
0 0.3447265625 0.5673828125 0.044921875 0.044921875
0 0.3671875 0.47314453125 0.04296875 0.0478515625
0 0.5966796875 0.3515625 0.0390625 0.033203125
0 0.57275390625 0.64453125 0.0654296875 0.056640625
0 0.98046875 0.32421875 0.025390625 0.01953125
0 0.03857421875 0.4140625 0.0341796875 0.0390625
0 0.45947265625 0.35302734375 0.0224609375 0.0224609375
0 0.595703125 0.46728515625 0.044921875 0.0439453125
0 0.837890625 0.35986328125 0.02734375 0.0341796875
