0 0.6513671875 0.465298142717 0.025390625 0.0351906158358
0 0.63134765625 0.467741935484 0.0205078125 0.0400782013685
0 0.7685546875 0.450635386119 0.0390625 0.0547409579668
0 0.71533203125 0.423264907136 0.0361328125 0.0469208211144
0 0.83154296875 0.438905180841 0.0283203125 0.0351906158358
0 0.8095703125 0.3880742913 0.0234375 0.0273704789834
0 0.9853515625 0.565982404692 0.029296875 0.121212121212
0 0.3544921875 0.506353861193 0.091796875 0.125122189638
0 0.50732421875 0.491202346041 0.0908203125 0.118279569892
0 0.14111328125 0.49853372434 0.0751953125 0.11339198436
0 0.2841796875 0.474095796676 0.0859375 0.099706744868
0 0.224609375 0.42082111437 0.048828125 0.0596285434995
0 0.46826171875 0.438416422287 0.0478515625 0.0772238514174
0 0.6953125 0.672531769306 0.07421875 0.111436950147
0 0.6875 0.478983382209 0.03125 0.039100684262
0 0.8603515625 0.425708699902 0.0234375 0.0263929618768
0 0.75244140625 0.432062561095 0.0283203125 0.0312805474096
