0 0.11865234375 0.378787878788 0.0615234375 0.088954056696
0 0.5712890625 0.351417399804 0.09765625 0.112414467253
0 0.388671875 0.27908113392 0.056640625 0.0752688172043
0 0.1279296875 0.273704789834 0.060546875 0.058651026393
0 0.01904296875 0.202346041056 0.0380859375 0.0625610948192
0 0.080078125 0.239491691105 0.04296875 0.0547409579668
0 0.40234375 0.177419354839 0.048828125 0.0478983382209
0 0.2451171875 0.189149560117 0.046875 0.0518084066471
0 0.71044921875 0.247311827957 0.0712890625 0.0762463343109
0 0.92626953125 0.276637341153 0.0556640625 0.0782013685239
0 0.240234375 0.329423264907 0.080078125 0.0957966764418
0 0.4736328125 0.429618768328 0.06640625 0.0909090909091
0 0.83837890625 0.287878787879 0.0869140625 0.0830889540567
0 0.74365234375 0.356793743891 0.0888671875 0.0918866080156
0 0.68994140625 0.30596285435 0.0537109375 0.0625610948192
0 0.30126953125 0.288856304985 0.0576171875 0.0674486803519
