0 0.677691309987 0.219377835386 0.0272373540856 0.0304601425794
0 0.516536964981 0.219701879456 0.0291828793774 0.0362929358393
0 0.508754863813 0.136098509397 0.026588845655 0.0324044069994
0 0.424773022049 0.0884640311082 0.029831387808 0.0356448476993
0 0.344357976654 0.0187945560596 0.029831387808 0.0375891121192
0 0.373216601816 0.245949449125 0.0239948119326 0.0330524951393
0 0.264915693904 0.422877511342 0.0343709468223 0.0226830848995
0 0.818093385214 0.352559948153 0.0278858625162 0.0337005832793
0 0.559987029831 0.809786130914 0.0395590142672 0.0343486714193
0 0.478274967575 0.779001944264 0.0330739299611 0.0440699935191
