0 0.37109375 0.26611328125 0.01953125 0.0283203125
0 0.3505859375 0.279296875 0.01953125 0.01953125
0 0.4521484375 0.27099609375 0.01953125 0.0244140625
0 0.48974609375 0.2666015625 0.0224609375 0.029296875
0 0.546875 0.26806640625 0.01953125 0.0244140625
0 0.5361328125 0.2607421875 0.01953125 0.025390625
0 0.74560546875 0.2275390625 0.0322265625 0.052734375
0 0.72607421875 0.21484375 0.0224609375 0.0390625
0 0.62158203125 0.2373046875 0.0224609375 0.03125
0 0.8427734375 0.20849609375 0.03515625 0.0419921875
0 0.51611328125 0.3994140625 0.0732421875 0.07421875
0 0.6572265625 0.3837890625 0.107421875 0.115234375
0 0.80517578125 0.2822265625 0.0673828125 0.08984375
0 0.93359375 0.3095703125 0.0546875 0.056640625
0 0.92626953125 0.2275390625 0.0400390625 0.04296875
0 0.96875 0.24951171875 0.033203125 0.0361328125
0 0.5771484375 0.34033203125 0.064453125 0.0771484375
0 0.0361328125 0.25830078125 0.03515625 0.0498046875
0 0.1650390625 0.22802734375 0.037109375 0.0419921875
0 0.21435546875 0.21435546875 0.0205078125 0.0263671875
