0 0.6865234375 0.4267578125 0.03515625 0.05078125
0 0.6640625 0.4375 0.056640625 0.0703125
0 0.62841796875 0.40673828125 0.0283203125 0.0419921875
0 0.4560546875 0.3916015625 0.029296875 0.033203125
0 0.36474609375 0.396484375 0.0380859375 0.029296875
0 0.3193359375 0.3603515625 0.02734375 0.03125
0 0.34765625 0.3662109375 0.0234375 0.029296875
0 0.07080078125 0.40283203125 0.0361328125 0.0400390625
0 0.0302734375 0.3798828125 0.03125 0.03125
0 0.1474609375 0.322265625 0.029296875 0.03125
0 0.1357421875 0.287109375 0.029296875 0.02734375
