0 0.31689453125 0.28076171875 0.0244140625 0.0380859375
0 0.11376953125 0.2919921875 0.0263671875 0.0390625
0 0.0263671875 0.47265625 0.044921875 0.06640625
0 0.130859375 0.54150390625 0.041015625 0.0576171875
0 0.5751953125 0.31884765625 0.021484375 0.0263671875
0 0.8369140625 0.490234375 0.029296875 0.041015625
0 0.90478515625 0.45849609375 0.0283203125 0.0322265625
0 0.970703125 0.30908203125 0.037109375 0.0478515625
0 0.88134765625 0.28076171875 0.0224609375 0.0380859375
0 0.80859375 0.5400390625 0.04296875 0.04296875
0 0.75927734375 0.494140625 0.0322265625 0.044921875
0 0.7041015625 0.41357421875 0.025390625 0.0341796875
0 0.04150390625 0.69287109375 0.0615234375 0.1142578125
0 0.29248046875 0.630859375 0.0615234375 0.0703125
0 0.51123046875 0.62646484375 0.0556640625 0.0615234375
0 0.81689453125 0.59326171875 0.0576171875 0.0712890625
0 0.97265625 0.6123046875 0.052734375 0.0859375
0 0.96826171875 0.69775390625 0.0634765625 0.1025390625
0 0.8310546875 0.72216796875 0.041015625 0.0615234375
0 0.1875 0.2890625 0.0390625 0.05078125
0 0.048828125 0.27880859375 0.044921875 0.0654296875
0 0.22509765625 0.306640625 0.0224609375 0.02734375
0 0.36181640625 0.30078125 0.0224609375 0.03515625
0 0.388671875 0.3193359375 0.01953125 0.03125
0 0.494140625 0.3193359375 0.044921875 0.0546875
