0 0.6259765625 0.707722385142 0.04296875 0.058651026393
0 0.52734375 0.673509286413 0.041015625 0.0449657869013
0 0.5732421875 0.619745845552 0.033203125 0.0449657869013
0 0.77978515625 0.676441837732 0.0400390625 0.0449657869013
0 0.884765625 0.673020527859 0.041015625 0.0439882697947
0 0.86865234375 0.580156402737 0.0400390625 0.0459433040078
0 0.75390625 0.61045943304 0.0390625 0.0361681329423
0 0.66064453125 0.605571847507 0.0283203125 0.0361681329423
0 0.67138671875 0.552785923754 0.0302734375 0.0342130987292
0 0.5927734375 0.511241446725 0.01953125 0.0254154447703
0 0.658203125 0.510752688172 0.025390625 0.0283479960899
0 0.8134765625 0.532258064516 0.029296875 0.0342130987292
0 0.73486328125 0.556207233627 0.0283203125 0.0293255131965
0 0.68359375 0.468230694037 0.0234375 0.0234604105572
0 0.60107421875 0.47018572825 0.0205078125 0.0234604105572
0 0.53125 0.535679374389 0.01953125 0.0234604105572
0 0.46630859375 0.477028347996 0.0283203125 0.0332355816227
0 0.76904296875 0.482404692082 0.0244140625 0.0283479960899
0 0.376953125 0.555718475073 0.03515625 0.0459433040078
0 0.31005859375 0.505376344086 0.0263671875 0.0293255131965
0 0.11865234375 0.491202346041 0.0732421875 0.0713587487781
0 0.30029296875 0.433528836755 0.0205078125 0.0205278592375
0 0.4169921875 0.388563049853 0.0234375 0.0283479960899
0 0.48095703125 0.372434017595 0.0224609375 0.0234604105572
0 0.54736328125 0.343597262952 0.0205078125 0.0244379276637
0 0.2744140625 0.47605083089 0.025390625 0.0254154447703
0 0.39892578125 0.660312805474 0.0263671875 0.0439882697947
0 0.1044921875 0.353372434018 0.01953125 0.0205278592375
0 0.1064453125 0.38954056696 0.0390625 0.0635386119257
0 0.74169921875 0.448680351906 0.0224609375 0.019550342131
0 0.5654296875 0.580156402737 0.0234375 0.0263929618768
