0 0.18283045977 0.76257183908 0.0165229885057 0.0179597701149
0 0.237787356322 0.874640804598 0.0172413793103 0.0193965517241
0 0.525502873563 0.781609195402 0.0165229885057 0.0215517241379
0 0.39224137931 0.665948275862 0.0186781609195 0.0215517241379
0 0.594827586207 0.649784482759 0.0172413793103 0.0193965517241
0 0.409841954023 0.485632183908 0.0165229885057 0.0186781609195
0 0.33441091954 0.698635057471 0.0150862068966 0.0150862068966
0 0.181393678161 0.0779454022989 0.0165229885057 0.0179597701149
0 0.475574712644 0.0642959770115 0.014367816092 0.0193965517241
0 0.382183908046 0.50933908046 0.0186781609195 0.0201149425287
0 0.406968390805 0.510416666667 0.0165229885057 0.0193965517241
0 0.460488505747 0.52658045977 0.0172413793103 0.0172413793103
0 0.369252873563 0.506106321839 0.0172413793103 0.0179597701149
0 0.340876436782 0.516522988506 0.0193965517241 0.0201149425287
0 0.35632183908 0.559626436782 0.0201149425287 0.0201149425287
0 0.280172413793 0.530890804598 0.0172413793103 0.014367816092
