0 0.9833984375 0.293743890518 0.033203125 0.0713587487781
0 0.8154296875 0.332355816227 0.046875 0.0645161290323
0 0.81103515625 0.284946236559 0.0498046875 0.0576735092864
0 0.642578125 0.28054740958 0.052734375 0.0664711632454
0 0.7119140625 0.266862170088 0.033203125 0.058651026393
0 0.4833984375 0.309384164223 0.037109375 0.0615835777126
0 0.39990234375 0.285434995112 0.0478515625 0.058651026393
0 0.3447265625 0.291300097752 0.056640625 0.058651026393
0 0.3408203125 0.395405669599 0.03515625 0.0791788856305
0 0.0185546875 0.33431085044 0.033203125 0.0742913000978
0 0.64111328125 0.351906158358 0.0380859375 0.0645161290323
