0 0.6416015625 0.57275390625 0.021484375 0.0244140625
0 0.68896484375 0.44970703125 0.0205078125 0.0244140625
0 0.728515625 0.58251953125 0.0234375 0.0224609375
0 0.744140625 0.4580078125 0.021484375 0.025390625
0 0.7861328125 0.46044921875 0.021484375 0.0244140625
0 0.80078125 0.57763671875 0.021484375 0.0263671875
0 0.91015625 0.43603515625 0.021484375 0.0244140625
0 0.87548828125 0.57470703125 0.0244140625 0.0224609375
0 0.08349609375 0.4658203125 0.0224609375 0.0234375
0 0.1318359375 0.4833984375 0.0234375 0.02734375
0 0.1533203125 0.447265625 0.021484375 0.025390625
0 0.19287109375 0.4560546875 0.0224609375 0.025390625
0 0.23779296875 0.4580078125 0.0205078125 0.0234375
0 0.26318359375 0.4736328125 0.0205078125 0.025390625
0 0.31640625 0.45068359375 0.01953125 0.0224609375
0 0.29345703125 0.568359375 0.0244140625 0.029296875
0 0.3564453125 0.48486328125 0.01953125 0.0263671875
0 0.4404296875 0.46923828125 0.01953125 0.0205078125
0 0.47021484375 0.55859375 0.0205078125 0.025390625
0 0.484375 0.47021484375 0.01953125 0.0205078125
0 0.5205078125 0.4619140625 0.01953125 0.021484375
0 0.55615234375 0.56884765625 0.0224609375 0.0244140625
