0 0.5673828125 0.42431640625 0.03515625 0.0458984375
0 0.18212890625 0.34130859375 0.0361328125 0.0458984375
0 0.1591796875 0.404296875 0.03515625 0.0390625
0 0.24755859375 0.41943359375 0.0341796875 0.0419921875
0 0.3203125 0.322265625 0.033203125 0.044921875
0 0.32861328125 0.4296875 0.0341796875 0.044921875
0 0.24658203125 0.6005859375 0.0439453125 0.048828125
0 0.31201171875 0.56787109375 0.0341796875 0.0439453125
0 0.38623046875 0.5908203125 0.0400390625 0.05078125
0 0.419921875 0.3544921875 0.03515625 0.05078125
0 0.4423828125 0.32763671875 0.03125 0.0419921875
0 0.521484375 0.41064453125 0.037109375 0.0458984375
0 0.5712890625 0.36279296875 0.029296875 0.0380859375
0 0.53515625 0.57568359375 0.037109375 0.0380859375
0 0.59814453125 0.57470703125 0.0400390625 0.0419921875
0 0.64501953125 0.38330078125 0.0341796875 0.0400390625
0 0.72216796875 0.40673828125 0.0302734375 0.0400390625
0 0.79150390625 0.60546875 0.0439453125 0.052734375
0 0.89111328125 0.568359375 0.0439453125 0.048828125
