0 0.376953125 0.5234375 0.037109375 0.06640625
0 0.33642578125 0.37255859375 0.0302734375 0.0576171875
0 0.28564453125 0.47216796875 0.0439453125 0.0654296875
0 0.24560546875 0.4296875 0.0341796875 0.0625
0 0.21142578125 0.3896484375 0.0341796875 0.0546875
0 0.16650390625 0.46337890625 0.0439453125 0.0693359375
0 0.083984375 0.4853515625 0.04296875 0.060546875
0 0.10595703125 0.4150390625 0.0380859375 0.052734375
0 0.0703125 0.37255859375 0.03515625 0.0537109375
0 0.822265625 0.556640625 0.037109375 0.060546875
0 0.76513671875 0.41552734375 0.0361328125 0.0595703125
0 0.732421875 0.572265625 0.037109375 0.052734375
0 0.63525390625 0.51904296875 0.0400390625 0.0595703125
0 0.6748046875 0.443359375 0.037109375 0.0625
0 0.619140625 0.36328125 0.033203125 0.0625
0 0.5947265625 0.4599609375 0.033203125 0.056640625
0 0.5498046875 0.4970703125 0.037109375 0.0546875
0 0.4638671875 0.486328125 0.041015625 0.0625
0 0.400390625 0.46435546875 0.03515625 0.0595703125
0 0.4736328125 0.40478515625 0.03515625 0.0576171875
0 0.43115234375 0.36669921875 0.0341796875 0.0458984375
0 0.919921875 0.40625 0.0390625 0.05859375
0 0.92822265625 0.568359375 0.0380859375 0.05859375
