0 0.18115234375 0.509765625 0.0439453125 0.0546875
0 0.1865234375 0.46337890625 0.025390625 0.0302734375
0 0.3330078125 0.45556640625 0.08203125 0.1064453125
0 0.5078125 0.45751953125 0.0703125 0.0927734375
0 0.42626953125 0.4921875 0.0283203125 0.03515625
0 0.5673828125 0.48583984375 0.03125 0.0380859375
0 0.6201171875 0.52197265625 0.025390625 0.0341796875
0 0.6875 0.478515625 0.06640625 0.091796875
0 0.78759765625 0.53515625 0.0322265625 0.05078125
0 0.76025390625 0.48779296875 0.0244140625 0.0380859375
0 0.81591796875 0.47705078125 0.0263671875 0.0322265625
0 0.8974609375 0.48583984375 0.048828125 0.0615234375
0 0.36474609375 0.4931640625 0.0400390625 0.060546875
