0 0.39404296875 0.4482421875 0.0751953125 0.09765625
0 0.32080078125 0.38427734375 0.0224609375 0.0322265625
0 0.14990234375 0.40380859375 0.0205078125 0.0283203125
0 0.08642578125 0.41357421875 0.0400390625 0.0478515625
0 0.7177734375 0.3740234375 0.02734375 0.037109375
0 0.8017578125 0.3759765625 0.01953125 0.025390625
0 0.6962890625 0.39013671875 0.01953125 0.0263671875
0 0.6181640625 0.38330078125 0.0390625 0.0439453125
0 0.53466796875 0.37255859375 0.0263671875 0.0322265625
0 0.9013671875 0.40185546875 0.03515625 0.0498046875
