0 0.525390625 0.43994140625 0.095703125 0.1298828125
0 0.4375 0.5029296875 0.091796875 0.123046875
0 0.41845703125 0.32470703125 0.1025390625 0.1357421875
0 0.2529296875 0.330078125 0.109375 0.103515625
0 0.173828125 0.3369140625 0.087890625 0.11328125
0 0.8916015625 0.32861328125 0.1015625 0.1201171875
0 0.6767578125 0.392578125 0.07421875 0.1328125
0 0.146484375 0.18603515625 0.0234375 0.0302734375
0 0.0673828125 0.19775390625 0.01953125 0.0263671875
0 0.33447265625 0.20166015625 0.0205078125 0.0283203125
0 0.4912109375 0.3037109375 0.025390625 0.02734375
0 0.5166015625 0.25439453125 0.01953125 0.0283203125
0 0.5419921875 0.28125 0.01953125 0.02734375
0 0.55908203125 0.3173828125 0.0205078125 0.02734375
0 0.59619140625 0.40966796875 0.0205078125 0.0263671875
0 0.60009765625 0.28662109375 0.0205078125 0.0244140625
0 0.6220703125 0.255859375 0.01953125 0.025390625
0 0.57763671875 0.23779296875 0.0205078125 0.0263671875
0 0.513671875 0.2119140625 0.01953125 0.029296875
0 0.4658203125 0.203125 0.01953125 0.02734375
0 0.83154296875 0.23291015625 0.0224609375 0.0322265625
0 0.7529296875 0.21044921875 0.01953125 0.0263671875
0 0.6845703125 0.2197265625 0.01953125 0.025390625
0 0.62158203125 0.3779296875 0.0205078125 0.03125
0 0.67578125 0.43017578125 0.029296875 0.0380859375
