0 0.03955078125 0.3994140625 0.0556640625 0.0703125
0 0.09765625 0.28076171875 0.04296875 0.0517578125
0 0.1025390625 0.4765625 0.0546875 0.0703125
0 0.17138671875 0.32275390625 0.0458984375 0.0517578125
0 0.18115234375 0.41748046875 0.0498046875 0.0654296875
0 0.23193359375 0.30126953125 0.0400390625 0.0517578125
0 0.29296875 0.31396484375 0.0546875 0.0576171875
0 0.37890625 0.333984375 0.052734375 0.068359375
0 0.28076171875 0.41064453125 0.0478515625 0.0595703125
0 0.228515625 0.49658203125 0.060546875 0.0791015625
0 0.08349609375 0.58251953125 0.0595703125 0.0732421875
0 0.1943359375 0.56689453125 0.05859375 0.0634765625
0 0.34814453125 0.623046875 0.0634765625 0.080078125
0 0.17333984375 0.73876953125 0.0615234375 0.0224609375
0 0.41357421875 0.73388671875 0.0537109375 0.0322265625
0 0.35107421875 0.52197265625 0.0517578125 0.0615234375
0 0.4287109375 0.2783203125 0.048828125 0.052734375
0 0.45751953125 0.35986328125 0.0400390625 0.0517578125
0 0.50048828125 0.27685546875 0.0439453125 0.0498046875
0 0.5146484375 0.37646484375 0.05859375 0.0634765625
0 0.5458984375 0.43359375 0.06640625 0.0859375
0 0.60791015625 0.39599609375 0.0537109375 0.0595703125
0 0.63232421875 0.4794921875 0.0595703125 0.0625
0 0.73974609375 0.33203125 0.0517578125 0.064453125
0 0.759765625 0.39208984375 0.060546875 0.0673828125
0 0.76171875 0.4658203125 0.05859375 0.05859375
0 0.72900390625 0.5849609375 0.0654296875 0.0625
0 0.84521484375 0.50830078125 0.0576171875 0.0576171875
0 0.8642578125 0.599609375 0.06640625 0.0703125
0 0.63525390625 0.73876953125 0.0576171875 0.0224609375
0 0.86669921875 0.30859375 0.0576171875 0.052734375
0 0.85888671875 0.4033203125 0.0537109375 0.068359375
0 0.982421875 0.32177734375 0.03515625 0.0556640625
0 0.96240234375 0.42041015625 0.0615234375 0.0595703125
0 0.96728515625 0.4833984375 0.0615234375 0.064453125
0 0.42626953125 0.4775390625 0.0654296875 0.083984375
0 0.5078125 0.48388671875 0.056640625 0.0712890625
0 0.13232421875 0.2900390625 0.0400390625 0.056640625
