0 0.2900390625 0.54736328125 0.05078125 0.0634765625
0 0.0556640625 0.60302734375 0.078125 0.0732421875
0 0.14892578125 0.5322265625 0.0478515625 0.068359375
0 0.2373046875 0.45703125 0.037109375 0.048828125
0 0.2099609375 0.400390625 0.0390625 0.05078125
0 0.1591796875 0.41064453125 0.0390625 0.0439453125
0 0.0732421875 0.38134765625 0.041015625 0.0478515625
0 0.0390625 0.4462890625 0.044921875 0.046875
0 0.1396484375 0.4658203125 0.046875 0.0546875
0 0.39306640625 0.3671875 0.0517578125 0.080078125
0 0.533203125 0.41552734375 0.041015625 0.0478515625
0 0.49267578125 0.46484375 0.0419921875 0.046875
0 0.4638671875 0.48486328125 0.03515625 0.0517578125
0 0.49609375 0.40771484375 0.03125 0.0439453125
0 0.62548828125 0.404296875 0.0322265625 0.04296875
0 0.6240234375 0.4375 0.033203125 0.04296875
0 0.68115234375 0.45654296875 0.0458984375 0.0576171875
0 0.685546875 0.392578125 0.033203125 0.041015625
0 0.7353515625 0.3984375 0.037109375 0.044921875
0 0.72802734375 0.47021484375 0.0439453125 0.0478515625
0 0.76416015625 0.4150390625 0.0439453125 0.08984375
0 0.89013671875 0.4248046875 0.0439453125 0.05078125
0 0.923828125 0.4794921875 0.052734375 0.0546875
0 0.9892578125 0.4169921875 0.021484375 0.048828125
0 0.314453125 0.41552734375 0.029296875 0.0458984375
