0 0.2353515625 0.38671875 0.0234375 0.03125
0 0.29345703125 0.43115234375 0.0244140625 0.0302734375
0 0.26220703125 0.59375 0.0263671875 0.029296875
0 0.34814453125 0.5576171875 0.0224609375 0.033203125
0 0.40478515625 0.4296875 0.0224609375 0.029296875
0 0.46728515625 0.4287109375 0.0224609375 0.03125
0 0.5390625 0.43310546875 0.021484375 0.0302734375
0 0.599609375 0.42822265625 0.0234375 0.0302734375
0 0.6611328125 0.43896484375 0.025390625 0.0341796875
0 0.4482421875 0.52734375 0.0234375 0.03125
0 0.50634765625 0.52392578125 0.0224609375 0.0302734375
0 0.60009765625 0.53369140625 0.0263671875 0.0302734375
0 0.7197265625 0.37646484375 0.03125 0.0400390625
