0 0.3466796875 0.3359375 0.033203125 0.044921875
0 0.25341796875 0.34130859375 0.0380859375 0.0478515625
0 0.1494140625 0.3291015625 0.037109375 0.044921875
0 0.32568359375 0.51806640625 0.0400390625 0.0478515625
0 0.22021484375 0.50634765625 0.0439453125 0.0517578125
0 0.09765625 0.509765625 0.05078125 0.056640625
0 0.833984375 0.33349609375 0.03515625 0.0478515625
0 0.72705078125 0.30419921875 0.0380859375 0.0517578125
0 0.62939453125 0.33203125 0.0361328125 0.046875
0 0.5234375 0.31689453125 0.03515625 0.0439453125
0 0.42431640625 0.34326171875 0.0341796875 0.0419921875
0 0.4287109375 0.49853515625 0.037109375 0.0517578125
0 0.52783203125 0.5009765625 0.0419921875 0.0546875
0 0.63916015625 0.52001953125 0.0419921875 0.0537109375
0 0.76953125 0.54248046875 0.044921875 0.0517578125
0 0.8955078125 0.51953125 0.052734375 0.0625
