0 0.614304812834 0.0377673796791 0.033422459893 0.0594919786096
0 0.596590909091 0.0484625668449 0.0327540106952 0.0447860962567
0 0.551804812834 0.0531417112299 0.0327540106952 0.0381016042781
0 0.497326203209 0.0327540106952 0.033422459893 0.0347593582888
0 0.452205882353 0.0391042780749 0.0381016042781 0.0407754010695
0 0.407754010695 0.0284090909091 0.0387700534759 0.0421122994652
0 0.702205882353 0.14371657754 0.019385026738 0.0254010695187
0 0.639371657754 0.149732620321 0.0180481283422 0.0200534759358
0 0.792780748663 0.131684491979 0.0267379679144 0.0347593582888
0 0.699197860963 0.565842245989 0.0561497326203 0.0701871657754
