0 0.0498046875 0.355327468231 0.02734375 0.0381231671554
0 0.03955078125 0.397849462366 0.0224609375 0.0312805474096
0 0.03173828125 0.435483870968 0.0302734375 0.0381231671554
0 0.07373046875 0.554740957967 0.0341796875 0.0420332355816
0 0.11328125 0.462854349951 0.02734375 0.0381231671554
0 0.12890625 0.449657869013 0.021484375 0.0293255131965
0 0.1767578125 0.44477028348 0.021484375 0.0332355816227
0 0.19287109375 0.463343108504 0.0224609375 0.0312805474096
0 0.2529296875 0.433528836755 0.021484375 0.0244379276637
0 0.2666015625 0.453079178886 0.01953125 0.0361681329423
0 0.34912109375 0.466275659824 0.0244140625 0.0449657869013
0 0.388671875 0.441348973607 0.021484375 0.030303030303
0 0.43408203125 0.452590420332 0.0263671875 0.0332355816227
0 0.45849609375 0.489247311828 0.0224609375 0.0342130987292
0 0.4609375 0.41348973607 0.021484375 0.0293255131965
0 0.52294921875 0.438905180841 0.0224609375 0.0312805474096
0 0.5283203125 0.47018572825 0.01953125 0.0351906158358
0 0.56298828125 0.484359726295 0.0224609375 0.0342130987292
0 0.66455078125 0.47605083089 0.0224609375 0.039100684262
0 0.6904296875 0.460899315738 0.021484375 0.0361681329423
0 0.73681640625 0.41788856305 0.0224609375 0.0361681329423
0 0.734375 0.456989247312 0.0234375 0.0381231671554
0 0.724609375 0.556207233627 0.029296875 0.0508308895406
0 0.80859375 0.453079178886 0.0234375 0.0400782013685
0 0.8310546875 0.39247311828 0.021484375 0.0381231671554
0 0.8642578125 0.412023460411 0.0234375 0.0361681329423
0 0.859375 0.485337243402 0.0234375 0.0400782013685
0 0.869140625 0.57917888563 0.03515625 0.0459433040078
0 0.95947265625 0.402737047898 0.0341796875 0.0410557184751
0 0.76953125 0.453567937439 0.025390625 0.0351906158358
0 0.5908203125 0.467741935484 0.0234375 0.0263929618768
