0 0.3095703125 0.4990234375 0.01953125 0.021484375
0 0.14697265625 0.5048828125 0.0224609375 0.0234375
0 0.103515625 0.48974609375 0.021484375 0.0263671875
0 0.05224609375 0.50341796875 0.0205078125 0.0205078125
0 0.06298828125 0.47314453125 0.0205078125 0.0244140625
0 0.10693359375 0.4365234375 0.0224609375 0.0234375
0 0.4052734375 0.51025390625 0.01953125 0.0224609375
0 0.4755859375 0.5263671875 0.01953125 0.021484375
0 0.849609375 0.4912109375 0.01953125 0.0234375
0 0.9326171875 0.5205078125 0.01953125 0.02734375
0 0.97607421875 0.49755859375 0.0205078125 0.0244140625
0 0.8974609375 0.44287109375 0.01953125 0.0224609375
