0 0.25048828125 0.3115234375 0.0341796875 0.044921875
0 0.3310546875 0.3232421875 0.03125 0.037109375
0 0.39453125 0.33642578125 0.02734375 0.0419921875
0 0.45654296875 0.32080078125 0.0302734375 0.0400390625
0 0.51953125 0.34619140625 0.025390625 0.0380859375
0 0.59912109375 0.3232421875 0.0302734375 0.0390625
0 0.673828125 0.3603515625 0.0234375 0.021484375
0 0.76025390625 0.353515625 0.0341796875 0.037109375
0 0.3662109375 0.4658203125 0.037109375 0.03515625
0 0.46044921875 0.44384765625 0.0341796875 0.0439453125
0 0.525390625 0.47021484375 0.04296875 0.0517578125
0 0.59228515625 0.4541015625 0.0400390625 0.044921875
0 0.67626953125 0.466796875 0.0322265625 0.044921875
0 0.76318359375 0.4736328125 0.0361328125 0.046875
