0 0.10986328125 0.5771484375 0.0224609375 0.029296875
0 0.20263671875 0.4482421875 0.0537109375 0.072265625
0 0.35302734375 0.40283203125 0.0458984375 0.0615234375
0 0.265625 0.60400390625 0.0390625 0.0537109375
0 0.375 0.58251953125 0.01953125 0.0302734375
0 0.58935546875 0.3603515625 0.0205078125 0.0234375
0 0.89111328125 0.39404296875 0.0458984375 0.0556640625
0 0.9404296875 0.3525390625 0.0546875 0.044921875
0 0.74169921875 0.55078125 0.0537109375 0.064453125
0 0.91064453125 0.5498046875 0.0361328125 0.048828125
