0 0.75927734375 0.258064516129 0.0791015625 0.117302052786
0 0.95458984375 0.269794721408 0.0810546875 0.105571847507
0 0.56201171875 0.264418377322 0.0654296875 0.0791788856305
0 0.39404296875 0.273704789834 0.0517578125 0.0703812316716
0 0.17529296875 0.219941348974 0.0322265625 0.0488758553275
0 0.29638671875 0.279569892473 0.0380859375 0.0430107526882
0 0.31591796875 0.25073313783 0.0302734375 0.0420332355816
0 0.03857421875 0.19403714565 0.0771484375 0.0557184750733
0 0.48291015625 0.244379276637 0.0224609375 0.0469208211144
0 0.8662109375 0.28054740958 0.01953125 0.0312805474096
0 0.5361328125 0.228250244379 0.03125 0.0400782013685
