0 0.173828125 0.40673828125 0.029296875 0.0361328125
0 0.20361328125 0.38037109375 0.0205078125 0.0322265625
0 0.9013671875 0.60791015625 0.056640625 0.0595703125
0 0.7841796875 0.5498046875 0.048828125 0.05859375
0 0.79150390625 0.4697265625 0.0458984375 0.052734375
0 0.62158203125 0.48486328125 0.0322265625 0.0634765625
0 0.4951171875 0.5146484375 0.029296875 0.052734375
0 0.548828125 0.48291015625 0.03515625 0.0517578125
0 0.49365234375 0.47265625 0.0380859375 0.044921875
0 0.39599609375 0.42919921875 0.0283203125 0.0439453125
0 0.33251953125 0.4638671875 0.0224609375 0.04296875
0 0.28759765625 0.42041015625 0.0263671875 0.0380859375
0 0.3642578125 0.447265625 0.021484375 0.041015625
