0 0.9521484375 0.227272727273 0.021484375 0.0420332355816
0 0.69091796875 0.267350928641 0.0322265625 0.0576735092864
0 0.56005859375 0.294232649071 0.0283203125 0.0488758553275
0 0.6171875 0.267350928641 0.025390625 0.0439882697947
0 0.48779296875 0.227761485826 0.0263671875 0.0371456500489
0 0.53466796875 0.224828934506 0.0322265625 0.039100684262
0 0.60693359375 0.2238514174 0.0283203125 0.0312805474096
0 0.79638671875 0.215542521994 0.0302734375 0.0342130987292
0 0.09912109375 0.279569892473 0.0380859375 0.0469208211144
0 0.169921875 0.232160312805 0.02734375 0.0283479960899
0 0.16357421875 0.268817204301 0.0322265625 0.039100684262
0 0.22021484375 0.237536656891 0.0283203125 0.0332355816227
0 0.26953125 0.224340175953 0.025390625 0.0283479960899
0 0.353515625 0.233626588465 0.0234375 0.0312805474096
0 0.40869140625 0.216520039101 0.0283203125 0.0381231671554
0 0.44189453125 0.242913000978 0.0244140625 0.0381231671554
0 0.42626953125 0.341153470186 0.0263671875 0.039100684262
0 0.12646484375 0.228250244379 0.0224609375 0.0381231671554
0 0.1044921875 0.231671554252 0.033203125 0.0469208211144
0 0.0380859375 0.227272727273 0.021484375 0.0342130987292
0 0.90966796875 0.404203323558 0.0380859375 0.0459433040078
0 0.93017578125 0.294721407625 0.0322265625 0.0557184750733
0 0.83447265625 0.271749755621 0.0302734375 0.0488758553275
0 0.8935546875 0.24780058651 0.025390625 0.0459433040078
0 0.3330078125 0.320625610948 0.029296875 0.0664711632454
0 0.2919921875 0.27468230694 0.033203125 0.0488758553275
0 0.66357421875 0.211632453568 0.0322265625 0.0400782013685
