0 0.75048828125 0.44330400782 0.0439453125 0.0772238514174
0 0.90576171875 0.499022482893 0.0673828125 0.0948191593353
0 0.70263671875 0.58651026393 0.0673828125 0.0918866080156
0 0.67626953125 0.399804496579 0.0361328125 0.0469208211144
0 0.7109375 0.376832844575 0.025390625 0.0322580645161
0 0.77783203125 0.3880742913 0.0322265625 0.0410557184751
0 0.59375 0.370478983382 0.01953125 0.0312805474096
0 0.4765625 0.424731182796 0.041015625 0.0557184750733
0 0.5048828125 0.41642228739 0.0234375 0.0371456500489
0 0.4931640625 0.377810361681 0.025390625 0.0400782013685
0 0.37744140625 0.589442815249 0.0849609375 0.127077223851
0 0.328125 0.375855327468 0.03515625 0.049853372434
0 0.224609375 0.395405669599 0.048828125 0.069403714565
0 0.02783203125 0.413978494624 0.0478515625 0.0654936461388
0 0.1357421875 0.465786901271 0.044921875 0.0713587487781
0 0.19140625 0.52541544477 0.03515625 0.0713587487781
0 0.046875 0.405180840665 0.0234375 0.0381231671554
0 0.14404296875 0.411045943304 0.0244140625 0.030303030303
