0 0.49462890625 0.544965786901 0.0302734375 0.0400782013685
0 0.72509765625 0.506353861193 0.0341796875 0.0488758553275
0 0.9560546875 0.530791788856 0.044921875 0.0547409579668
0 0.48681640625 0.361681329423 0.0341796875 0.0488758553275
0 0.70751953125 0.365591397849 0.0263671875 0.0430107526882
0 0.830078125 0.327468230694 0.037109375 0.0430107526882
0 0.9130859375 0.207233626588 0.03125 0.0449657869013
0 0.720703125 0.214565004888 0.03125 0.0478983382209
0 0.4970703125 0.227272727273 0.03125 0.0361681329423
0 0.0419921875 0.210166177908 0.025390625 0.0371456500489
0 0.3603515625 0.209677419355 0.03125 0.0478983382209
0 0.068359375 0.353861192571 0.03125 0.0469208211144
0 0.28955078125 0.370967741935 0.0302734375 0.0381231671554
0 0.0517578125 0.501955034213 0.041015625 0.0518084066471
0 0.21533203125 0.539100684262 0.0380859375 0.0478983382209
