0 0.49267578125 0.5595703125 0.0693359375 0.0859375
0 0.3251953125 0.33837890625 0.052734375 0.0947265625
0 0.74609375 0.37158203125 0.02734375 0.0419921875
0 0.91845703125 0.3466796875 0.0341796875 0.05859375
0 0.2431640625 0.248046875 0.02734375 0.04296875
0 0.2236328125 0.341796875 0.029296875 0.041015625
0 0.0869140625 0.3271484375 0.046875 0.046875
0 0.06005859375 0.2421875 0.0244140625 0.033203125
0 0.01708984375 0.30224609375 0.0263671875 0.0361328125
0 0.3388671875 0.24853515625 0.02734375 0.0361328125
0 0.3759765625 0.21337890625 0.021484375 0.0478515625
0 0.27392578125 0.19921875 0.0205078125 0.044921875
0 0.16015625 0.19775390625 0.0234375 0.0380859375
0 0.06494140625 0.1826171875 0.0263671875 0.0234375
0 0.50732421875 0.24853515625 0.0283203125 0.0400390625
0 0.46142578125 0.2080078125 0.0224609375 0.03515625
0 0.03515625 0.390625 0.03125 0.04296875
