0 0.97021484375 0.396383186706 0.0439453125 0.0733137829912
0 0.498046875 0.521505376344 0.052734375 0.0909090909091
0 0.59716796875 0.460410557185 0.0302734375 0.0351906158358
0 0.66650390625 0.380254154448 0.0244140625 0.0273704789834
0 0.78515625 0.441348973607 0.0390625 0.0576735092864
0 0.16845703125 0.548387096774 0.0302734375 0.0527859237537
0 0.2578125 0.527859237537 0.02734375 0.0508308895406
0 0.146484375 0.477517106549 0.025390625 0.0283479960899
0 0.1640625 0.515151515152 0.021484375 0.0312805474096
0 0.099609375 0.465298142717 0.0234375 0.0312805474096
0 0.708984375 0.619257086999 0.0625 0.137829912023
0 0.53173828125 0.434017595308 0.0205078125 0.0234604105572
0 0.56396484375 0.424731182796 0.0224609375 0.030303030303
0 0.95654296875 0.357771260997 0.0380859375 0.0488758553275
