0 0.2841796875 0.394428152493 0.03125 0.0596285434995
0 0.14892578125 0.391984359726 0.0283203125 0.0469208211144
0 0.06298828125 0.407135874878 0.0322265625 0.0478983382209
0 0.44970703125 0.460899315738 0.0419921875 0.0674486803519
0 0.490234375 0.394428152493 0.0234375 0.0459433040078
0 0.7158203125 0.412512218964 0.025390625 0.0351906158358
0 0.755859375 0.407624633431 0.021484375 0.0273704789834
0 0.95849609375 0.436950146628 0.0283203125 0.0430107526882
0 0.9814453125 0.395405669599 0.02734375 0.0322580645161
0 0.9150390625 0.392961876833 0.0234375 0.0293255131965
0 0.81640625 0.346529814272 0.01953125 0.0244379276637
