0 0.36669921875 0.460899315738 0.0498046875 0.0733137829912
0 0.45947265625 0.477517106549 0.0361328125 0.0635386119257
0 0.4072265625 0.367057673509 0.029296875 0.0400782013685
0 0.43701171875 0.394428152493 0.0302734375 0.0400782013685
0 0.48828125 0.409090909091 0.01953125 0.030303030303
0 0.25390625 0.419843597263 0.033203125 0.0537634408602
0 0.14404296875 0.419843597263 0.0224609375 0.0439882697947
0 0.79541015625 0.415933528837 0.0380859375 0.0635386119257
0 0.8388671875 0.432551319648 0.0390625 0.0615835777126
0 0.73681640625 0.404692082111 0.0263671875 0.0371456500489
0 0.693359375 0.483870967742 0.0390625 0.0645161290323
0 0.6806640625 0.439393939394 0.02734375 0.0400782013685
0 0.560546875 0.510752688172 0.041015625 0.0654936461388
