0 0.05126953125 0.44183773216 0.0322265625 0.0449657869013
0 0.07568359375 0.430107526882 0.0322265625 0.0449657869013
0 0.33251953125 0.4477028348 0.0322265625 0.0430107526882
0 0.298828125 0.4403714565 0.029296875 0.0400782013685
0 0.43505859375 0.44183773216 0.0302734375 0.0488758553275
0 0.46240234375 0.416911045943 0.0283203125 0.0381231671554
0 0.4033203125 0.425708699902 0.029296875 0.0420332355816
0 0.55908203125 0.443792766373 0.0224609375 0.0527859237537
0 0.62060546875 0.460899315738 0.0244140625 0.0381231671554
0 0.6943359375 0.432062561095 0.03125 0.039100684262
0 0.7919921875 0.460899315738 0.02734375 0.0400782013685
0 0.736328125 0.47018572825 0.025390625 0.0410557184751
0 0.8896484375 0.459433040078 0.029296875 0.0449657869013
0 0.98779296875 0.47165200391 0.0205078125 0.030303030303
