0 0.9404296875 0.5771484375 0.076171875 0.119140625
0 0.61962890625 0.5009765625 0.0576171875 0.087890625
0 0.7744140625 0.63671875 0.0625 0.10546875
0 0.3896484375 0.57373046875 0.060546875 0.0927734375
0 0.5458984375 0.625 0.06640625 0.09765625
0 0.28125 0.59130859375 0.052734375 0.0849609375
0 0.06689453125 0.5712890625 0.0517578125 0.083984375
0 0.2509765625 0.5458984375 0.03125 0.072265625
0 0.11376953125 0.52783203125 0.0498046875 0.0751953125
0 0.88916015625 0.50732421875 0.0439453125 0.0908203125
0 0.88134765625 0.44873046875 0.0302734375 0.0439453125
0 0.4326171875 0.4990234375 0.0546875 0.078125
