0 0.103515625 0.255131964809 0.021484375 0.0293255131965
0 0.14697265625 0.398338220919 0.0205078125 0.0224828934506
0 0.2724609375 0.457478005865 0.01953125 0.0234604105572
0 0.5244140625 0.27761485826 0.0234375 0.0332355816227
0 0.59130859375 0.322091886608 0.0224609375 0.030303030303
0 0.4697265625 0.326490713587 0.01953125 0.0234604105572
0 0.41455078125 0.302052785924 0.0224609375 0.0254154447703
0 0.52490234375 0.414467253177 0.0205078125 0.0234604105572
0 0.6748046875 0.295698924731 0.021484375 0.0283479960899
0 0.66943359375 0.312805474096 0.0263671875 0.0234604105572
0 0.72802734375 0.292277614858 0.0263671875 0.0351906158358
0 0.80078125 0.321603128055 0.0234375 0.0371456500489
0 0.927734375 0.270772238514 0.01953125 0.0312805474096
0 0.88134765625 0.318181818182 0.0205078125 0.0244379276637
0 0.8955078125 0.365102639296 0.021484375 0.0283479960899
0 0.85400390625 0.466275659824 0.0244140625 0.0254154447703
0 0.77099609375 0.470674486804 0.0205078125 0.0205278592375
0 0.94189453125 0.38514173998 0.0224609375 0.0273704789834
0 0.7734375 0.300097751711 0.0234375 0.0254154447703
0 0.462890625 0.472140762463 0.021484375 0.0254154447703
