0 0.048828125 0.25219941349 0.05859375 0.0664711632454
0 0.2451171875 0.271749755621 0.052734375 0.0547409579668
0 0.3935546875 0.229716520039 0.060546875 0.0645161290323
0 0.6318359375 0.271749755621 0.052734375 0.0664711632454
0 0.751953125 0.228739002933 0.0625 0.0703812316716
0 0.8330078125 0.304007820137 0.064453125 0.0684261974585
0 0.9365234375 0.437927663734 0.060546875 0.0703812316716
0 0.7021484375 0.44477028348 0.056640625 0.080156402737
0 0.482421875 0.35972629521 0.05859375 0.0742913000978
0 0.3232421875 0.380254154448 0.060546875 0.0840664711632
0 0.177734375 0.397849462366 0.0625 0.0684261974585
0 0.5224609375 0.193548387097 0.060546875 0.0469208211144
