0 0.94140625 0.42041015625 0.02734375 0.0322265625
0 0.8349609375 0.4013671875 0.03515625 0.041015625
0 0.88916015625 0.55859375 0.0380859375 0.04296875
0 0.77392578125 0.5361328125 0.0361328125 0.037109375
0 0.75048828125 0.4111328125 0.0302734375 0.037109375
0 0.693359375 0.431640625 0.03125 0.029296875
0 0.625 0.44580078125 0.033203125 0.0341796875
0 0.67236328125 0.544921875 0.0341796875 0.037109375
0 0.56640625 0.52099609375 0.033203125 0.0419921875
0 0.56591796875 0.43896484375 0.0322265625 0.0341796875
0 0.55224609375 0.38720703125 0.0322265625 0.0322265625
0 0.4775390625 0.51611328125 0.03515625 0.0361328125
0 0.44189453125 0.42333984375 0.0302734375 0.0322265625
0 0.37890625 0.513671875 0.033203125 0.041015625
0 0.34130859375 0.43505859375 0.0322265625 0.0400390625
0 0.3564453125 0.41845703125 0.025390625 0.0322265625
0 0.265625 0.37060546875 0.029296875 0.0400390625
0 0.23779296875 0.39453125 0.0380859375 0.041015625
0 0.26318359375 0.53759765625 0.0322265625 0.0419921875
0 0.294921875 0.52197265625 0.029296875 0.0439453125
0 0.109375 0.3681640625 0.029296875 0.041015625
