0 0.8427734375 0.36767578125 0.01953125 0.0263671875
0 0.876953125 0.328125 0.01953125 0.025390625
0 0.91796875 0.4384765625 0.01953125 0.025390625
0 0.7783203125 0.36669921875 0.01953125 0.0244140625
0 0.7451171875 0.44287109375 0.01953125 0.0244140625
0 0.17578125 0.3798828125 0.01953125 0.0234375
0 0.34033203125 0.4443359375 0.0205078125 0.02734375
0 0.50927734375 0.4501953125 0.0205078125 0.025390625
0 0.12646484375 0.38232421875 0.0205078125 0.0244140625
0 0.8134765625 0.3271484375 0.01953125 0.01953125
