0 0.85400390625 0.463343108504 0.0224609375 0.0254154447703
0 0.77490234375 0.47018572825 0.0224609375 0.0273704789834
0 0.697265625 0.464320625611 0.021484375 0.0234604105572
0 0.619140625 0.466275659824 0.021484375 0.0254154447703
0 0.91748046875 0.397360703812 0.0205078125 0.0224828934506
0 0.8515625 0.407624633431 0.01953125 0.0273704789834
0 0.73486328125 0.398338220919 0.0205078125 0.0224828934506
0 0.6337890625 0.384164222874 0.021484375 0.0254154447703
0 0.49755859375 0.378299120235 0.0205078125 0.0254154447703
0 0.4306640625 0.389051808407 0.01953125 0.0234604105572
0 0.388671875 0.457478005865 0.021484375 0.0273704789834
0 0.46484375 0.457966764418 0.01953125 0.0263929618768
0 0.5439453125 0.468230694037 0.021484375 0.0293255131965
0 0.37890625 0.390518084066 0.021484375 0.0244379276637
0 0.33251953125 0.39247311828 0.0205078125 0.0283479960899
0 0.2802734375 0.390518084066 0.01953125 0.0263929618768
0 0.28125 0.475073313783 0.0234375 0.0273704789834
0 0.20556640625 0.466764418377 0.0224609375 0.0263929618768
0 0.16259765625 0.395405669599 0.0205078125 0.0263929618768
0 0.22314453125 0.391984359726 0.0205078125 0.0273704789834
0 0.09375 0.383186705767 0.021484375 0.0215053763441
