0 0.8994140625 0.424731182796 0.044921875 0.069403714565
0 0.8603515625 0.432551319648 0.03515625 0.0615835777126
0 0.77490234375 0.422287390029 0.0478515625 0.0664711632454
0 0.7216796875 0.423753665689 0.037109375 0.0478983382209
0 0.6416015625 0.380254154448 0.05859375 0.0664711632454
0 0.49853515625 0.434017595308 0.0537109375 0.0527859237537
0 0.396484375 0.421309872923 0.052734375 0.0684261974585
0 0.28857421875 0.404203323558 0.0498046875 0.0674486803519
0 0.3310546875 0.442326490714 0.041015625 0.0518084066471
0 0.13818359375 0.432551319648 0.0439453125 0.0557184750733
0 0.1669921875 0.441348973607 0.03515625 0.0576735092864
0 0.07275390625 0.394916911046 0.0439453125 0.0508308895406
0 0.01611328125 0.407135874878 0.0302734375 0.0439882697947
