0 0.6083984375 0.278103616813 0.0546875 0.0615835777126
0 0.5126953125 0.262952101662 0.025390625 0.0234604105572
0 0.4970703125 0.222873900293 0.01953125 0.0234604105572
0 0.26123046875 0.302541544477 0.0205078125 0.0342130987292
0 0.50439453125 0.311339198436 0.0205078125 0.0205278592375
0 0.431640625 0.264418377322 0.0234375 0.0224828934506
0 0.43359375 0.303519061584 0.025390625 0.0205278592375
0 0.29248046875 0.217497556207 0.0244140625 0.0283479960899
0 0.35986328125 0.318670576735 0.0224609375 0.0234604105572
0 0.1875 0.339198435973 0.0234375 0.0332355816227
0 0.1494140625 0.343108504399 0.0234375 0.0312805474096
0 0.07177734375 0.351417399804 0.0283203125 0.0322580645161
0 0.22607421875 0.255131964809 0.0224609375 0.0273704789834
0 0.24267578125 0.211143695015 0.0205078125 0.0273704789834
0 0.1474609375 0.254643206256 0.025390625 0.0342130987292
0 0.0703125 0.269305962854 0.01953125 0.0244379276637
0 0.04736328125 0.217986314761 0.0224609375 0.0234604105572
0 0.20654296875 0.216520039101 0.0205078125 0.0263929618768
0 0.31884765625 0.216520039101 0.0205078125 0.0244379276637
0 0.978515625 0.338709677419 0.01953125 0.0224828934506
0 0.95703125 0.294721407625 0.01953125 0.0263929618768
0 0.951171875 0.235581622678 0.01953125 0.0234604105572
0 0.86474609375 0.199413489736 0.0205078125 0.0234604105572
0 0.79736328125 0.349462365591 0.0205078125 0.0224828934506
