0 0.92529296875 0.409579667644 0.0576171875 0.0821114369501
0 0.7607421875 0.411534701857 0.056640625 0.080156402737
0 0.80712890625 0.27468230694 0.0576171875 0.0879765395894
0 0.9619140625 0.263440860215 0.0546875 0.0791788856305
0 0.6298828125 0.396871945259 0.0625 0.0821114369501
0 0.62841796875 0.289833822092 0.0634765625 0.0772238514174
0 0.517578125 0.3880742913 0.0546875 0.0938416422287
0 0.470703125 0.255620723363 0.056640625 0.088954056696
0 0.96630859375 0.759530791789 0.0615234375 0.0821114369501
0 0.79638671875 0.760019550342 0.0615234375 0.0791788856305
0 0.4013671875 0.510263929619 0.0546875 0.0606060606061
0 0.357421875 0.382209188661 0.056640625 0.0840664711632
0 0.37060546875 0.203812316716 0.0576171875 0.0713587487781
0 0.7958984375 0.19403714565 0.0625 0.0537634408602
0 0.21923828125 0.455522971652 0.0537109375 0.0742913000978
0 0.24462890625 0.239002932551 0.0595703125 0.0752688172043
0 0.1357421875 0.464320625611 0.056640625 0.0703812316716
0 0.0712890625 0.197458455523 0.056640625 0.0625610948192
0 0.974609375 0.177419354839 0.046875 0.0205278592375
