0 0.6630859375 0.351906158358 0.037109375 0.0430107526882
0 0.60693359375 0.244868035191 0.0205078125 0.0244379276637
0 0.48779296875 0.293255131965 0.0224609375 0.0254154447703
0 0.4951171875 0.248778103617 0.01953125 0.0205278592375
0 0.40478515625 0.288367546432 0.0244140625 0.0254154447703
0 0.33740234375 0.247311827957 0.0205078125 0.0254154447703
0 0.32421875 0.30889540567 0.041015625 0.0410557184751
0 0.92138671875 0.328934506354 0.0244140625 0.0263929618768
0 0.1533203125 0.286412512219 0.021484375 0.0273704789834
0 0.0703125 0.299120234604 0.0234375 0.0234604105572
0 0.0126953125 0.282502443793 0.021484375 0.0273704789834
