0 0.7978515625 0.6142578125 0.03125 0.03515625
0 0.70458984375 0.60302734375 0.0341796875 0.0380859375
0 0.6689453125 0.56787109375 0.02734375 0.0263671875
0 0.62841796875 0.58984375 0.0283203125 0.03515625
0 0.58642578125 0.59619140625 0.0263671875 0.0322265625
0 0.5400390625 0.412109375 0.029296875 0.037109375
0 0.46142578125 0.39013671875 0.0263671875 0.0380859375
0 0.3671875 0.408203125 0.02734375 0.03515625
0 0.4111328125 0.5517578125 0.029296875 0.033203125
0 0.4951171875 0.54638671875 0.0234375 0.0302734375
0 0.53271484375 0.537109375 0.0244140625 0.029296875
0 0.45703125 0.6357421875 0.025390625 0.033203125
0 0.51904296875 0.63623046875 0.0283203125 0.0302734375
0 0.4521484375 0.5849609375 0.02734375 0.029296875
0 0.40673828125 0.6005859375 0.0283203125 0.033203125
0 0.24658203125 0.61474609375 0.0341796875 0.0419921875
