0 0.7900390625 0.44873046875 0.029296875 0.0322265625
0 0.9130859375 0.453125 0.033203125 0.041015625
0 0.728515625 0.47705078125 0.029296875 0.0322265625
0 0.68359375 0.47412109375 0.029296875 0.0322265625
0 0.65625 0.44091796875 0.029296875 0.0380859375
0 0.62451171875 0.4970703125 0.0283203125 0.03515625
0 0.607421875 0.462890625 0.029296875 0.02734375
0 0.52685546875 0.4765625 0.0302734375 0.03125
0 0.48583984375 0.47802734375 0.0283203125 0.0341796875
0 0.45361328125 0.490234375 0.0341796875 0.04296875
0 0.42919921875 0.43408203125 0.0302734375 0.0400390625
0 0.38330078125 0.478515625 0.0322265625 0.046875
0 0.33740234375 0.4716796875 0.0302734375 0.03515625
0 0.29345703125 0.5029296875 0.0322265625 0.03515625
0 0.29052734375 0.4453125 0.0322265625 0.037109375
0 0.25537109375 0.49951171875 0.0302734375 0.0302734375
0 0.14501953125 0.4677734375 0.0361328125 0.04296875
