0 0.2802734375 0.31298828125 0.021484375 0.0224609375
0 0.3505859375 0.17333984375 0.01953125 0.0205078125
0 0.5 0.14599609375 0.01953125 0.0244140625
0 0.427734375 0.27099609375 0.01953125 0.0263671875
0 0.51953125 0.2451171875 0.025390625 0.02734375
0 0.53466796875 0.17431640625 0.0205078125 0.0224609375
0 0.5625 0.3232421875 0.01953125 0.021484375
0 0.49951171875 0.275390625 0.0205078125 0.0234375
0 0.72900390625 0.263671875 0.0205078125 0.0234375
0 0.7822265625 0.2734375 0.01953125 0.0234375
0 0.75439453125 0.31982421875 0.0205078125 0.0283203125
0 0.85791015625 0.23486328125 0.0205078125 0.0263671875
0 0.9609375 0.171875 0.01953125 0.021484375
0 0.912109375 0.19921875 0.01953125 0.025390625
0 0.98095703125 0.24072265625 0.0205078125 0.0244140625
0 0.93212890625 0.27880859375 0.0205078125 0.0263671875
0 0.5302734375 0.32763671875 0.0390625 0.0380859375
0 0.1611328125 0.419921875 0.02734375 0.029296875
