0 0.88671875 0.453079178886 0.037109375 0.049853372434
0 0.75439453125 0.448191593353 0.0361328125 0.049853372434
0 0.64208984375 0.448191593353 0.0361328125 0.0478983382209
0 0.5185546875 0.450146627566 0.03515625 0.0478983382209
0 0.7998046875 0.347507331378 0.03515625 0.0439882697947
0 0.69482421875 0.353861192571 0.0341796875 0.039100684262
0 0.5791015625 0.350928641251 0.037109375 0.0449657869013
0 0.4716796875 0.346041055718 0.037109375 0.0430107526882
0 0.37158203125 0.3357771261 0.0322265625 0.0439882697947
0 0.2880859375 0.354349951124 0.03125 0.0420332355816
0 0.36669921875 0.459433040078 0.0380859375 0.0547409579668
0 0.23974609375 0.457966764418 0.0341796875 0.0478983382209
0 0.1943359375 0.36412512219 0.03515625 0.0459433040078
0 0.1435546875 0.459921798631 0.0390625 0.049853372434
