0 0.78076171875 0.40869140625 0.0419921875 0.0419921875
0 0.70556640625 0.35205078125 0.0478515625 0.0576171875
0 0.6142578125 0.32763671875 0.041015625 0.0478515625
0 0.51513671875 0.31591796875 0.0361328125 0.0537109375
0 0.40087890625 0.421875 0.0419921875 0.044921875
0 0.3193359375 0.42529296875 0.046875 0.0615234375
0 0.47802734375 0.28564453125 0.0244140625 0.0244140625
0 0.8681640625 0.35205078125 0.0234375 0.0322265625
0 0.81103515625 0.29931640625 0.0283203125 0.0361328125
0 0.751953125 0.2783203125 0.01953125 0.01953125
0 0.94970703125 0.3076171875 0.0341796875 0.033203125
0 0.373046875 0.26123046875 0.01953125 0.0244140625
0 0.1669921875 0.30859375 0.02734375 0.033203125
0 0.13671875 0.31494140625 0.037109375 0.0419921875
0 0.08251953125 0.32958984375 0.0322265625 0.0322265625
