0 0.89404296875 0.25732421875 0.0380859375 0.0498046875
0 0.8701171875 0.27001953125 0.02734375 0.0341796875
0 0.7548828125 0.19189453125 0.037109375 0.0517578125
0 0.69775390625 0.18115234375 0.0322265625 0.0302734375
0 0.697265625 0.28125 0.033203125 0.05859375
0 0.8095703125 0.33935546875 0.05078125 0.0419921875
0 0.66162109375 0.27197265625 0.0380859375 0.0498046875
0 0.60595703125 0.18896484375 0.0302734375 0.0361328125
0 0.5400390625 0.31884765625 0.0390625 0.0537109375
0 0.5361328125 0.2158203125 0.0390625 0.04296875
0 0.52880859375 0.17724609375 0.0322265625 0.0341796875
0 0.47802734375 0.2314453125 0.0361328125 0.03515625
0 0.9755859375 0.228515625 0.02734375 0.05078125
0 0.27294921875 0.25830078125 0.0302734375 0.0302734375
0 0.28369140625 0.33203125 0.0302734375 0.0390625
0 0.365234375 0.22265625 0.037109375 0.041015625
0 0.2529296875 0.17822265625 0.033203125 0.0302734375
0 0.22900390625 0.232421875 0.0341796875 0.04296875
0 0.13671875 0.33642578125 0.03125 0.0302734375
0 0.18359375 0.31689453125 0.029296875 0.0361328125
0 0.1328125 0.22314453125 0.02734375 0.0322265625
0 0.17529296875 0.17529296875 0.0322265625 0.0322265625
0 0.06591796875 0.2041015625 0.0322265625 0.02734375
0 0.048828125 0.28466796875 0.0390625 0.0419921875
0 0.38037109375 0.2744140625 0.0380859375 0.056640625
0 0.4033203125 0.19482421875 0.03515625 0.0439453125
0 0.84912109375 0.1904296875 0.0302734375 0.03125
