0 0.49462890625 0.593352883675 0.0283203125 0.0351906158358
0 0.33447265625 0.469696969697 0.0224609375 0.030303030303
0 0.10791015625 0.241446725318 0.0205078125 0.0254154447703
0 0.03662109375 0.1642228739 0.0244140625 0.0312805474096
0 0.013671875 0.24926686217 0.01953125 0.0351906158358
0 0.30322265625 0.210654936461 0.0224609375 0.0322580645161
0 0.0712890625 0.153958944282 0.025390625 0.0263929618768
0 0.35986328125 0.200391006843 0.0244140625 0.0332355816227
0 0.4228515625 0.19550342131 0.025390625 0.0312805474096
0 0.490234375 0.193548387097 0.021484375 0.0312805474096
0 0.5595703125 0.174975562072 0.025390625 0.0293255131965
0 0.595703125 0.16862170088 0.021484375 0.0263929618768
0 0.18359375 0.142717497556 0.0234375 0.019550342131
0 0.65625 0.166666666667 0.021484375 0.0283479960899
0 0.73486328125 0.162267839687 0.0205078125 0.0312805474096
0 0.36572265625 0.130009775171 0.0224609375 0.0234604105572
0 0.244140625 0.148582600196 0.025390625 0.0273704789834
0 0.79931640625 0.148582600196 0.0205078125 0.0234604105572
0 0.8544921875 0.130987292278 0.021484375 0.0254154447703
0 0.90380859375 0.127565982405 0.0205078125 0.0205278592375
0 0.2158203125 0.217986314761 0.025390625 0.0351906158358
0 0.17236328125 0.210166177908 0.0283203125 0.0351906158358
