0 0.65625 0.405180840665 0.048828125 0.0615835777126
0 0.16796875 0.348973607038 0.041015625 0.0469208211144
0 0.087890625 0.313294232649 0.025390625 0.0244379276637
0 0.09423828125 0.254154447703 0.0263671875 0.0312805474096
0 0.01904296875 0.260997067449 0.0244140625 0.0312805474096
0 0.07763671875 0.202346041056 0.0244140625 0.0215053763441
0 0.17138671875 0.206744868035 0.0224609375 0.0263929618768
0 0.25048828125 0.214076246334 0.0263671875 0.0351906158358
0 0.34814453125 0.255620723363 0.0224609375 0.0361681329423
0 0.41259765625 0.257086999022 0.0244140625 0.0312805474096
0 0.40966796875 0.206256109482 0.0224609375 0.0273704789834
0 0.35205078125 0.201368523949 0.0244140625 0.019550342131
0 0.6318359375 0.222873900293 0.021484375 0.0293255131965
0 0.69970703125 0.208699902248 0.0244140625 0.0263929618768
0 0.484375 0.261485826002 0.021484375 0.0283479960899
0 0.3857421875 0.338220918866 0.03125 0.0351906158358
