0 0.85888671875 0.58349609375 0.0302734375 0.0361328125
0 0.7490234375 0.58349609375 0.02734375 0.0341796875
0 0.634765625 0.5859375 0.029296875 0.025390625
0 0.53125 0.63525390625 0.03515625 0.0458984375
0 0.43701171875 0.61328125 0.0302734375 0.03515625
0 0.353515625 0.61962890625 0.03125 0.0380859375
0 0.26171875 0.623046875 0.03125 0.041015625
0 0.912109375 0.478515625 0.02734375 0.03515625
0 0.8125 0.4755859375 0.02734375 0.037109375
0 0.7236328125 0.46728515625 0.02734375 0.0380859375
0 0.62744140625 0.47607421875 0.0263671875 0.0302734375
0 0.52880859375 0.4677734375 0.0263671875 0.0390625
0 0.412109375 0.4755859375 0.02734375 0.033203125
0 0.3154296875 0.4716796875 0.02734375 0.033203125
0 0.25 0.47998046875 0.02734375 0.0322265625
0 0.16845703125 0.46484375 0.0283203125 0.037109375
0 0.0859375 0.4775390625 0.03125 0.041015625
