0 0.52734375 0.247311827957 0.046875 0.0488758553275
0 0.32666015625 0.318670576735 0.0498046875 0.0566959921799
0 0.09375 0.22238514174 0.029296875 0.0283479960899
0 0.36474609375 0.222873900293 0.0224609375 0.0254154447703
0 0.39453125 0.224340175953 0.01953125 0.0244379276637
0 0.27880859375 0.217497556207 0.0244140625 0.0244379276637
0 0.31201171875 0.224340175953 0.0205078125 0.0205278592375
0 0.6552734375 0.233626588465 0.021484375 0.0215053763441
0 0.833984375 0.182795698925 0.0234375 0.0215053763441
0 0.94482421875 0.189149560117 0.0244140625 0.0244379276637
0 0.98486328125 0.282502443793 0.0283203125 0.039100684262
