0 0.77734375 0.4521484375 0.025390625 0.033203125
0 0.76416015625 0.3427734375 0.0244140625 0.025390625
0 0.8642578125 0.3427734375 0.025390625 0.033203125
0 0.65966796875 0.3427734375 0.0244140625 0.02734375
0 0.66015625 0.4345703125 0.025390625 0.033203125
0 0.564453125 0.4482421875 0.025390625 0.03125
0 0.576171875 0.34326171875 0.0234375 0.0283203125
0 0.49462890625 0.349609375 0.0244140625 0.02734375
0 0.4345703125 0.33203125 0.0234375 0.02734375
0 0.369140625 0.43701171875 0.0234375 0.0283203125
0 0.49267578125 0.4423828125 0.0244140625 0.03125
0 0.61328125 0.5595703125 0.02734375 0.033203125
0 0.703125 0.5634765625 0.02734375 0.0234375
0 0.353515625 0.34130859375 0.021484375 0.0322265625
0 0.28515625 0.34130859375 0.021484375 0.0302734375
0 0.1962890625 0.33740234375 0.02734375 0.0283203125
0 0.23291015625 0.453125 0.0302734375 0.0390625
0 0.13525390625 0.45751953125 0.0263671875 0.0322265625
0 0.1064453125 0.35302734375 0.02734375 0.0341796875
