0 0.79736328125 0.50146627566 0.0263671875 0.0293255131965
0 0.802734375 0.442815249267 0.021484375 0.0293255131965
0 0.86865234375 0.433040078201 0.0302734375 0.0371456500489
0 0.94189453125 0.430596285435 0.0322265625 0.0342130987292
0 0.744140625 0.448191593353 0.0234375 0.030303030303
0 0.6884765625 0.425219941349 0.02734375 0.0312805474096
0 0.6962890625 0.489736070381 0.02734375 0.0351906158358
0 0.61083984375 0.406158357771 0.0263671875 0.0322580645161
0 0.59765625 0.498044965787 0.029296875 0.0361681329423
0 0.54052734375 0.411045943304 0.0263671875 0.030303030303
0 0.50830078125 0.495112414467 0.0263671875 0.0342130987292
0 0.4892578125 0.419843597263 0.0234375 0.0322580645161
0 0.4091796875 0.623167155425 0.02734375 0.0263929618768
0 0.4130859375 0.493157380254 0.025390625 0.0342130987292
0 0.4248046875 0.408602150538 0.021484375 0.0273704789834
0 0.3466796875 0.410557184751 0.0234375 0.0273704789834
0 0.326171875 0.495112414467 0.0234375 0.0361681329423
0 0.26806640625 0.430107526882 0.0263671875 0.0312805474096
0 0.24365234375 0.497556207234 0.0263671875 0.0332355816227
0 0.13623046875 0.492179863148 0.0283203125 0.0381231671554
0 0.18798828125 0.42082111437 0.0263671875 0.0342130987292
0 0.12744140625 0.415933528837 0.0244140625 0.0361681329423
0 0.04345703125 0.405669599218 0.0263671875 0.0332355816227
