0 0.82763671875 0.43505859375 0.0380859375 0.0615234375
0 0.798828125 0.361328125 0.021484375 0.025390625
0 0.7626953125 0.3037109375 0.0234375 0.025390625
0 0.775390625 0.396484375 0.021484375 0.033203125
0 0.728515625 0.35693359375 0.021484375 0.0283203125
0 0.68798828125 0.3095703125 0.0205078125 0.02734375
0 0.6865234375 0.40625 0.021484375 0.03125
0 0.6650390625 0.35986328125 0.021484375 0.0263671875
0 0.5283203125 0.27392578125 0.0234375 0.0224609375
0 0.62353515625 0.4072265625 0.0263671875 0.033203125
0 0.541015625 0.4130859375 0.0234375 0.0234375
0 0.49609375 0.41357421875 0.021484375 0.0244140625
0 0.37255859375 0.2900390625 0.0361328125 0.037109375
0 0.44677734375 0.236328125 0.0205078125 0.029296875
0 0.33203125 0.236328125 0.01953125 0.02734375
0 0.26806640625 0.41162109375 0.0224609375 0.0341796875
0 0.3134765625 0.19091796875 0.01953125 0.0205078125
0 0.13427734375 0.2314453125 0.0419921875 0.046875
0 0.0224609375 0.2705078125 0.021484375 0.03515625
0 0.01611328125 0.4228515625 0.0205078125 0.021484375
