0 0.56201171875 0.515625 0.0244140625 0.029296875
0 0.541015625 0.5576171875 0.021484375 0.0234375
0 0.53857421875 0.59375 0.0263671875 0.02734375
0 0.68017578125 0.623046875 0.0224609375 0.029296875
0 0.7412109375 0.58837890625 0.021484375 0.0322265625
0 0.75390625 0.69140625 0.021484375 0.02734375
0 0.8037109375 0.66650390625 0.021484375 0.0302734375
0 0.84814453125 0.65185546875 0.0224609375 0.0341796875
0 0.953125 0.6767578125 0.021484375 0.02734375
0 0.9296875 0.58349609375 0.01953125 0.0244140625
0 0.78515625 0.54052734375 0.0234375 0.0263671875
0 0.7001953125 0.4853515625 0.01953125 0.03125
0 0.63671875 0.50048828125 0.021484375 0.0302734375
0 0.603515625 0.50146484375 0.01953125 0.0263671875
0 0.9443359375 0.5 0.021484375 0.02734375
0 0.6201171875 0.53857421875 0.01953125 0.0224609375
0 0.244140625 0.4404296875 0.296875 0.322265625
0 0.4619140625 0.35107421875 0.01953125 0.0263671875
0 0.0205078125 0.373046875 0.025390625 0.029296875
0 0.4951171875 0.57080078125 0.01953125 0.0400390625
0 0.89794921875 0.3623046875 0.0205078125 0.021484375
0 0.85205078125 0.38330078125 0.0205078125 0.0263671875
