0 0.7138671875 0.2919921875 0.0703125 0.068359375
0 0.3544921875 0.259765625 0.060546875 0.064453125
0 0.8291015625 0.19140625 0.01953125 0.02734375
0 0.88671875 0.18408203125 0.0234375 0.0224609375
0 0.89111328125 0.15380859375 0.0244140625 0.0283203125
0 0.97216796875 0.181640625 0.0224609375 0.03515625
0 0.9580078125 0.15966796875 0.01953125 0.0244140625
0 0.76318359375 0.1728515625 0.0244140625 0.029296875
0 0.69287109375 0.16162109375 0.0263671875 0.0283203125
0 0.61328125 0.1767578125 0.021484375 0.029296875
0 0.46484375 0.2158203125 0.0234375 0.03125
0 0.53173828125 0.21337890625 0.0224609375 0.0283203125
0 0.541015625 0.16748046875 0.0234375 0.0224609375
0 0.4365234375 0.17919921875 0.025390625 0.0224609375
0 0.3994140625 0.1533203125 0.0234375 0.02734375
0 0.28564453125 0.20703125 0.0205078125 0.02734375
