0 0.2177734375 0.30810546875 0.0625 0.0712890625
0 0.3017578125 0.30224609375 0.04296875 0.0634765625
0 0.33837890625 0.30224609375 0.0556640625 0.0634765625
0 0.3779296875 0.3837890625 0.05078125 0.064453125
0 0.5478515625 0.3173828125 0.052734375 0.0546875
0 0.4765625 0.373046875 0.0546875 0.072265625
0 0.90576171875 0.47509765625 0.0615234375 0.0810546875
0 0.9072265625 0.64892578125 0.072265625 0.0791015625
0 0.8857421875 0.73388671875 0.064453125 0.0771484375
0 0.87353515625 0.44775390625 0.0498046875 0.0791015625
0 0.69189453125 0.3974609375 0.0439453125 0.0546875
0 0.80126953125 0.39599609375 0.0439453125 0.0517578125
0 0.71142578125 0.3701171875 0.0380859375 0.05078125
0 0.60009765625 0.37939453125 0.0498046875 0.0634765625
0 0.08349609375 0.39892578125 0.0322265625 0.0517578125
0 0.50732421875 0.3291015625 0.0439453125 0.046875
0 0.421875 0.37158203125 0.037109375 0.0400390625
