0 0.03955078125 0.1875 0.0380859375 0.041015625
0 0.1142578125 0.20458984375 0.037109375 0.0400390625
0 0.16845703125 0.22607421875 0.0419921875 0.0576171875
0 0.22607421875 0.193359375 0.0263671875 0.037109375
0 0.36083984375 0.19482421875 0.0517578125 0.0556640625
0 0.20068359375 0.32861328125 0.1181640625 0.1572265625
0 0.59423828125 0.3388671875 0.1201171875 0.171875
0 0.79833984375 0.265625 0.1298828125 0.162109375
0 0.90087890625 0.248046875 0.0537109375 0.06640625
0 0.93212890625 0.2685546875 0.0283203125 0.041015625
0 0.96728515625 0.2568359375 0.0224609375 0.03125
0 0.98828125 0.26513671875 0.0234375 0.0419921875
0 0.9677734375 0.21240234375 0.0234375 0.0263671875
0 0.8505859375 0.197265625 0.029296875 0.052734375
0 0.69775390625 0.21484375 0.0263671875 0.033203125
0 0.67138671875 0.21630859375 0.0224609375 0.0263671875
0 0.71142578125 0.18408203125 0.0361328125 0.0322265625
0 0.6162109375 0.24072265625 0.0859375 0.0986328125
0 0.5458984375 0.205078125 0.033203125 0.046875
0 0.4033203125 0.19775390625 0.037109375 0.0517578125
