0 0.89599609375 0.40283203125 0.0361328125 0.0478515625
0 0.7421875 0.4580078125 0.033203125 0.044921875
0 0.84375 0.38330078125 0.029296875 0.0361328125
0 0.95361328125 0.328125 0.0341796875 0.041015625
0 0.94384765625 0.26123046875 0.0322265625 0.0419921875
0 0.86181640625 0.23779296875 0.0302734375 0.0400390625
0 0.7744140625 0.326171875 0.03125 0.0390625
0 0.654296875 0.30224609375 0.033203125 0.0458984375
0 0.505859375 0.373046875 0.0390625 0.048828125
0 0.55126953125 0.28125 0.0419921875 0.046875
0 0.4482421875 0.27685546875 0.033203125 0.0419921875
0 0.3291015625 0.39208984375 0.0390625 0.0400390625
0 0.341796875 0.29296875 0.03125 0.03515625
0 0.3876953125 0.23193359375 0.029296875 0.0361328125
0 0.27880859375 0.27978515625 0.0361328125 0.0419921875
0 0.21044921875 0.2744140625 0.0283203125 0.033203125
0 0.18701171875 0.26513671875 0.0244140625 0.0341796875
0 0.123046875 0.39013671875 0.041015625 0.0478515625
0 0.08447265625 0.28515625 0.0322265625 0.041015625
0 0.060546875 0.2568359375 0.0234375 0.033203125
0 0.03076171875 0.2099609375 0.0302734375 0.0390625
0 0.140625 0.20849609375 0.029296875 0.0380859375
0 0.1044921875 0.1875 0.025390625 0.03515625
0 0.1796875 0.1845703125 0.025390625 0.0390625
0 0.21240234375 0.203125 0.0283203125 0.03515625
0 0.2705078125 0.228515625 0.02734375 0.041015625
0 0.33349609375 0.20654296875 0.0302734375 0.0341796875
0 0.37109375 0.171875 0.033203125 0.0390625
0 0.46484375 0.208984375 0.029296875 0.03515625
0 0.43603515625 0.1875 0.0263671875 0.0390625
0 0.3876953125 0.12939453125 0.02734375 0.0322265625
0 0.369140625 0.125 0.025390625 0.029296875
0 0.3212890625 0.115234375 0.03125 0.029296875
0 0.20361328125 0.1171875 0.0263671875 0.03515625
0 0.1357421875 0.12939453125 0.03125 0.0380859375
0 0.26123046875 0.203125 0.0224609375 0.03125
0 0.65673828125 0.25 0.0341796875 0.0390625
0 0.71630859375 0.25146484375 0.0302734375 0.0361328125
0 0.72509765625 0.181640625 0.0302734375 0.03515625
0 0.6884765625 0.16748046875 0.02734375 0.0380859375
0 0.60400390625 0.19580078125 0.0322265625 0.0361328125
0 0.6318359375 0.138671875 0.025390625 0.037109375
0 0.68212890625 0.12939453125 0.0322265625 0.0380859375
0 0.5673828125 0.12939453125 0.033203125 0.0400390625
0 0.4990234375 0.1474609375 0.03125 0.037109375
0 0.45361328125 0.11767578125 0.0263671875 0.0283203125
0 0.79248046875 0.21337890625 0.0263671875 0.0341796875
0 0.79638671875 0.1455078125 0.0263671875 0.033203125
0 0.90625 0.1650390625 0.0234375 0.03125
0 0.94775390625 0.1767578125 0.0263671875 0.029296875
0 0.95556640625 0.21337890625 0.0244140625 0.0341796875
0 0.88232421875 0.1103515625 0.0205078125 0.0234375
0 0.779296875 0.1298828125 0.025390625 0.033203125
0 0.244140625 0.18359375 0.03125 0.041015625
0 0.07373046875 0.4208984375 0.0263671875 0.037109375
0 0.96630859375 0.44287109375 0.0322265625 0.0400390625
0 0.27783203125 0.18359375 0.0244140625 0.03515625
0 0.89404296875 0.1640625 0.0224609375 0.041015625
0 0.76513671875 0.13037109375 0.0244140625 0.0380859375
