0 0.220703125 0.3076171875 0.04296875 0.0546875
0 0.35546875 0.3701171875 0.0390625 0.04296875
0 0.30029296875 0.28173828125 0.0302734375 0.0537109375
0 0.34130859375 0.21630859375 0.0419921875 0.0615234375
0 0.4931640625 0.3310546875 0.04296875 0.05859375
0 0.58056640625 0.29052734375 0.0361328125 0.0517578125
0 0.67626953125 0.2734375 0.0400390625 0.0546875
0 0.57275390625 0.21826171875 0.0419921875 0.0576171875
0 0.34326171875 0.1708984375 0.0400390625 0.033203125
0 0.43603515625 0.1787109375 0.0380859375 0.048828125
0 0.46142578125 0.1845703125 0.0439453125 0.052734375
0 0.6474609375 0.18359375 0.0390625 0.05859375
0 0.7021484375 0.16796875 0.01953125 0.025390625
0 0.98046875 0.17333984375 0.025390625 0.0322265625
0 0.8037109375 0.16748046875 0.0234375 0.0263671875
