0 0.98681640625 0.400782013685 0.0244140625 0.0449657869013
0 0.875 0.312316715543 0.048828125 0.0615835777126
0 0.95751953125 0.463343108504 0.0263671875 0.0351906158358
0 0.66943359375 0.323069403715 0.0419921875 0.0518084066471
0 0.474609375 0.299120234604 0.04296875 0.0488758553275
0 0.52001953125 0.382697947214 0.0634765625 0.0733137829912
0 0.373046875 0.283479960899 0.05078125 0.0566959921799
0 0.408203125 0.369501466276 0.0546875 0.0703812316716
0 0.4853515625 0.461388074291 0.05078125 0.0547409579668
0 0.3076171875 0.437927663734 0.048828125 0.0606060606061
0 0.35546875 0.30742913001 0.029296875 0.0420332355816
