0 0.966796875 0.253176930596 0.0546875 0.0625610948192
0 0.884765625 0.369501466276 0.068359375 0.0918866080156
0 0.67822265625 0.30596285435 0.0673828125 0.0742913000978
0 0.7919921875 0.214076246334 0.048828125 0.0625610948192
0 0.89892578125 0.204789833822 0.0400390625 0.0557184750733
0 0.65673828125 0.210166177908 0.0478515625 0.0547409579668
0 0.52001953125 0.195992179863 0.0419921875 0.0459433040078
0 0.61083984375 0.189638318671 0.0400390625 0.0410557184751
0 0.7255859375 0.186217008798 0.029296875 0.0283479960899
0 0.439453125 0.348973607038 0.0546875 0.0664711632454
0 0.38134765625 0.389051808407 0.0673828125 0.0879765395894
0 0.1357421875 0.445259042033 0.052734375 0.0772238514174
0 0.1845703125 0.369990224829 0.048828125 0.069403714565
0 0.1611328125 0.30742913001 0.06640625 0.0791788856305
0 0.166015625 0.265884652981 0.041015625 0.058651026393
0 0.1943359375 0.233137829912 0.041015625 0.0635386119257
0 0.28662109375 0.255620723363 0.0498046875 0.0557184750733
0 0.0283203125 0.226783968719 0.046875 0.0645161290323
0 0.6181640625 0.381720430108 0.052734375 0.0733137829912
0 0.9375 0.181329423265 0.0390625 0.0263929618768
0 0.8447265625 0.179374389052 0.0390625 0.0224828934506
