0 0.0154738878143 0.0401353965184 0.0212765957447 0.0377176015474
0 0.0560928433269 0.034332688588 0.0464216634429 0.0493230174081
0 0.116054158607 0.0212765957447 0.0348162475822 0.0328820116054
0 0.152804642166 0.0444874274662 0.0406189555126 0.036750483559
0 0.191489361702 0.031914893617 0.0328820116054 0.0309477756286
0 0.226789168279 0.0633462282398 0.031914893617 0.0357833655706
0 0.279013539652 0.0406189555126 0.0280464216634 0.0309477756286
0 0.320116054159 0.0348162475822 0.0348162475822 0.0348162475822
0 0.354932301741 0.0386847195358 0.036750483559 0.0348162475822
0 0.652804642166 0.238394584139 0.0889748549323 0.128626692456
0 0.276112185687 0.247582205029 0.0899419729207 0.121856866538
0 0.95502901354 0.0101547388781 0.0241779497099 0.0203094777563
