0 0.78662109375 0.316715542522 0.0712890625 0.0860215053763
0 0.736328125 0.306451612903 0.048828125 0.0654936461388
0 0.64453125 0.30889540567 0.048828125 0.058651026393
0 0.7001953125 0.259530791789 0.048828125 0.0381231671554
0 0.521484375 0.241446725318 0.033203125 0.0469208211144
0 0.60107421875 0.25366568915 0.0302734375 0.0381231671554
0 0.43359375 0.407624633431 0.09375 0.0782013685239
0 0.14794921875 0.298142717498 0.1005859375 0.0742913000978
0 0.25537109375 0.233137829912 0.0634765625 0.0850439882698
0 0.37451171875 0.228250244379 0.1083984375 0.0909090909091
