0 0.7919921875 0.428641251222 0.03125 0.0361681329423
0 0.7353515625 0.454056695992 0.033203125 0.0400782013685
0 0.654296875 0.475073313783 0.033203125 0.0371456500489
0 0.61328125 0.438905180841 0.033203125 0.0371456500489
0 0.5546875 0.431573802542 0.03125 0.0322580645161
0 0.5478515625 0.486314760508 0.03125 0.0342130987292
0 0.5029296875 0.47458455523 0.03125 0.0322580645161
0 0.42138671875 0.476539589443 0.0283203125 0.0322580645161
0 0.3447265625 0.457478005865 0.02734375 0.0332355816227
0 0.359375 0.50146627566 0.029296875 0.0293255131965
0 0.29248046875 0.478494623656 0.0283203125 0.0322580645161
0 0.23828125 0.488758553275 0.029296875 0.0312805474096
0 0.1728515625 0.498044965787 0.029296875 0.030303030303
