0 0.369718309859 0.135211267606 0.0774647887324 0.0971830985915
0 0.446830985915 0.165845070423 0.0260563380282 0.0415492957746
0 0.255281690141 0.130281690141 0.0274647887324 0.0295774647887
0 0.205985915493 0.118309859155 0.0204225352113 0.030985915493
0 0.181690140845 0.141549295775 0.0267605633803 0.0352112676056
0 0.15 0.153873239437 0.0211267605634 0.0246478873239
0 0.594718309859 0.125704225352 0.0767605633803 0.0908450704225
0 0.74823943662 0.0961267605634 0.0387323943662 0.0471830985915
0 0.845422535211 0.0978873239437 0.0302816901408 0.0549295774648
0 0.407042253521 0.140845070423 0.0239436619718 0.043661971831
0 0.31338028169 0.165492957746 0.0211267605634 0.0380281690141
