0 0.62646484375 0.5048828125 0.0498046875 0.07421875
0 0.5029296875 0.48388671875 0.03515625 0.0478515625
0 0.57080078125 0.39013671875 0.0517578125 0.0673828125
0 0.3310546875 0.49658203125 0.041015625 0.0283203125
0 0.728515625 0.271484375 0.02734375 0.0390625
0 0.849609375 0.2802734375 0.033203125 0.041015625
0 0.90771484375 0.47607421875 0.0458984375 0.0576171875
0 0.6669921875 0.41796875 0.041015625 0.048828125
0 0.6455078125 0.29638671875 0.03125 0.0498046875
0 0.27587890625 0.6181640625 0.0556640625 0.04296875
