0 0.183699870634 0.130012936611 0.0297542043984 0.0918499353169
0 0.209249676585 0.0811772315653 0.0368693402329 0.0653298835705
0 0.201164294955 0.178525226391 0.0401034928849 0.0685640362225
0 0.240944372574 0.143596377749 0.0278137128072 0.0388098318241
0 0.286869340233 0.16979301423 0.0420439844761 0.0588615782665
0 0.271021992238 0.130983182406 0.0245795601552 0.0304010349288
0 0.317593790427 0.144243208279 0.0401034928849 0.0569210866753
0 0.351875808538 0.155886157827 0.0284605433376 0.0426908150065
0 0.365135834411 0.142626131953 0.0239327296248 0.0459249676585
0 0.411384217335 0.157179818887 0.019404915912 0.0284605433376
0 0.415265200517 0.216041397154 0.0297542043984 0.0388098318241
0 0.577619663648 0.259702457956 0.0245795601552 0.0342820181113
0 0.646830530401 0.12063389392 0.0245795601552 0.0368693402329
0 0.64553686934 0.143272962484 0.0206985769728 0.0420439844761
0 0.668822768435 0.133570504528 0.0284605433376 0.0498059508409
0 0.690491591203 0.158473479948 0.0304010349288 0.0517464424321
0 0.753234152652 0.190168175938 0.0420439844761 0.0582147477361
0 0.744825355757 0.157503234153 0.0342820181113 0.0459249676585
0 0.722509702458 0.103169469599 0.0310478654592 0.0446313065977
0 0.768111254851 0.0876455368693 0.0394566623545 0.0510996119017
0 0.822445019405 0.0805304010349 0.0174644243208 0.0899094437257
