0 0.85205078125 0.2197265625 0.0673828125 0.08203125
0 0.72314453125 0.22265625 0.0537109375 0.0703125
0 0.59375 0.212890625 0.033203125 0.052734375
0 0.4697265625 0.23974609375 0.044921875 0.0537109375
0 0.35888671875 0.22216796875 0.0439453125 0.0498046875
0 0.3603515625 0.33740234375 0.080078125 0.0751953125
0 0.36474609375 0.40576171875 0.0654296875 0.0810546875
0 0.2041015625 0.37646484375 0.05078125 0.0615234375
0 0.2470703125 0.22802734375 0.048828125 0.0634765625
0 0.03857421875 0.208984375 0.0732421875 0.083984375
0 0.08056640625 0.69189453125 0.1259765625 0.0654296875
0 0.705078125 0.24169921875 0.044921875 0.0478515625
