0 0.45166015625 0.237047898338 0.0576171875 0.0400782013685
0 0.28955078125 0.362170087977 0.0439453125 0.0557184750733
0 0.12451171875 0.171554252199 0.0927734375 0.0987292277615
0 0.78271484375 0.269305962854 0.0341796875 0.0439882697947
0 0.89794921875 0.234604105572 0.0458984375 0.0625610948192
0 0.97119140625 0.269794721408 0.0576171875 0.129032258065
0 0.8505859375 0.273216031281 0.033203125 0.0420332355816
0 0.5458984375 0.380742913001 0.03515625 0.0518084066471
0 0.39697265625 0.489736070381 0.0419921875 0.0254154447703
0 0.7216796875 0.658357771261 0.064453125 0.0518084066471
0 0.61181640625 0.480449657869 0.0517578125 0.0420332355816
