0 0.09521484375 0.373900293255 0.0556640625 0.0654936461388
0 0.1533203125 0.347996089932 0.048828125 0.0645161290323
0 0.18212890625 0.320625610948 0.0400390625 0.0547409579668
0 0.20703125 0.338709677419 0.02734375 0.0361681329423
0 0.25634765625 0.333333333333 0.0244140625 0.039100684262
0 0.310546875 0.320625610948 0.06640625 0.0742913000978
0 0.4150390625 0.337732160313 0.02734375 0.0361681329423
0 0.4677734375 0.36265884653 0.048828125 0.058651026393
0 0.48388671875 0.302541544477 0.0439453125 0.0537634408602
0 0.56201171875 0.328934506354 0.0361328125 0.0459433040078
0 0.568359375 0.292766373412 0.046875 0.0537634408602
0 0.6865234375 0.319159335288 0.03125 0.0381231671554
0 0.74267578125 0.275659824047 0.0458984375 0.0625610948192
0 0.79345703125 0.30742913001 0.0380859375 0.0478983382209
0 0.8408203125 0.317204301075 0.03515625 0.0400782013685
0 0.8349609375 0.274193548387 0.025390625 0.0263929618768
0 0.9267578125 0.27908113392 0.029296875 0.0478983382209
0 0.9501953125 0.273216031281 0.05078125 0.0596285434995
0 0.06103515625 0.351906158358 0.0537109375 0.0566959921799
