0 0.04248046875 0.10752688172 0.0322265625 0.0723362658847
0 0.203125 0.0757575757576 0.1015625 0.11045943304
0 0.47216796875 0.0733137829912 0.1416015625 0.140762463343
0 0.6298828125 0.206256109482 0.072265625 0.080156402737
0 0.49365234375 0.417399804497 0.0908203125 0.132942326491
0 0.81494140625 0.279569892473 0.0751953125 0.0606060606061
0 0.82861328125 0.483382209189 0.1220703125 0.161290322581
0 0.9736328125 0.642228739003 0.01953125 0.0410557184751
0 0.90380859375 0.630498533724 0.0322265625 0.039100684262
0 0.93115234375 0.726295210166 0.0537109375 0.0723362658847
0 0.84912109375 0.688660801564 0.0341796875 0.0381231671554
0 0.7880859375 0.717497556207 0.01953125 0.0312805474096
0 0.62451171875 0.69550342131 0.0244140625 0.0459433040078
0 0.24951171875 0.698924731183 0.0283203125 0.0488758553275
0 0.3642578125 0.71945259042 0.029296875 0.0430107526882
0 0.50439453125 0.691593352884 0.0263671875 0.0439882697947
