0 0.10693359375 0.340175953079 0.0205078125 0.0234604105572
0 0.04443359375 0.305474095797 0.0458984375 0.0654936461388
0 0.1953125 0.285434995112 0.052734375 0.0469208211144
0 0.2998046875 0.338220918866 0.076171875 0.058651026393
0 0.30712890625 0.25219941349 0.0478515625 0.0508308895406
0 0.40771484375 0.290811339198 0.0400390625 0.049853372434
0 0.53662109375 0.291300097752 0.0556640625 0.058651026393
0 0.5859375 0.268817204301 0.0234375 0.0332355816227
0 0.66748046875 0.306940371457 0.0576171875 0.0449657869013
0 0.72216796875 0.284946236559 0.0205078125 0.0244379276637
0 0.75048828125 0.287878787879 0.0458984375 0.0576735092864
0 0.8134765625 0.285434995112 0.021484375 0.0332355816227
0 0.8564453125 0.256598240469 0.02734375 0.0342130987292
0 0.89111328125 0.290322580645 0.0263671875 0.0332355816227
0 0.951171875 0.282502443793 0.041015625 0.0606060606061
