0 0.725599315068 0.0761334473909 0.0470890410959 0.0496150556031
0 0.777397260274 0.11120615911 0.0565068493151 0.0701454234388
0 0.75470890411 0.180496150556 0.0590753424658 0.0735671514115
0 0.554794520548 0.0667236954662 0.0496575342466 0.059880239521
0 0.509417808219 0.133875106929 0.0547945205479 0.0778443113772
0 0.627140410959 0.164670658683 0.0573630136986 0.0795551753636
0 0.753424657534 0.325491873396 0.0633561643836 0.0881094952951
0 0.325770547945 0.123609923011 0.0539383561644 0.0795551753636
0 0.28125 0.184773310522 0.0607876712329 0.0752780153978
0 0.256849315068 0.334046193328 0.0616438356164 0.0812660393499
0 0.25 0.453378956373 0.0736301369863 0.0992301112062
0 0.209332191781 0.542343883661 0.0779109589041 0.0752780153978
0 0.498287671233 0.411890504705 0.0633561643836 0.0812660393499
0 0.438356164384 0.754063301967 0.0890410958904 0.106928999145
0 0.698630136986 0.441830624465 0.0702054794521 0.0744225834046
0 0.71147260274 0.540633019675 0.0753424657534 0.0923866552609
