0 0.98779296875 0.2822265625 0.0244140625 0.03515625
0 0.966796875 0.162109375 0.044921875 0.05078125
0 0.90234375 0.1728515625 0.041015625 0.046875
0 0.9140625 0.26611328125 0.05859375 0.0791015625
0 0.962890625 0.2568359375 0.02734375 0.037109375
0 0.81884765625 0.17041015625 0.0302734375 0.0439453125
0 0.84326171875 0.24658203125 0.0537109375 0.0791015625
0 0.76904296875 0.18896484375 0.0361328125 0.0498046875
0 0.7978515625 0.27490234375 0.044921875 0.0478515625
0 0.66748046875 0.1865234375 0.0615234375 0.083984375
0 0.57373046875 0.1318359375 0.0341796875 0.02734375
0 0.5908203125 0.1796875 0.0390625 0.044921875
0 0.458984375 0.19775390625 0.052734375 0.0654296875
0 0.52099609375 0.20654296875 0.0458984375 0.0673828125
0 0.4892578125 0.13232421875 0.03515625 0.0283203125
0 0.435546875 0.13134765625 0.03125 0.0263671875
0 0.45947265625 0.29833984375 0.0576171875 0.0576171875
0 0.3759765625 0.13037109375 0.03515625 0.0244140625
0 0.27978515625 0.14208984375 0.0439453125 0.0478515625
0 0.31396484375 0.162109375 0.0439453125 0.041015625
0 0.31396484375 0.22607421875 0.0439453125 0.0634765625
0 0.267578125 0.2412109375 0.052734375 0.0703125
0 0.18701171875 0.25 0.0419921875 0.048828125
0 0.205078125 0.13330078125 0.0390625 0.0302734375
0 0.140625 0.14453125 0.03125 0.04296875
0 0.115234375 0.16845703125 0.0390625 0.0419921875
0 0.13525390625 0.228515625 0.0439453125 0.068359375
0 0.044921875 0.22265625 0.0546875 0.064453125
0 0.65283203125 0.46044921875 0.0400390625 0.0517578125
