0 0.8486328125 0.32275390625 0.046875 0.0595703125
0 0.81494140625 0.3486328125 0.0380859375 0.048828125
0 0.69775390625 0.28955078125 0.0419921875 0.0517578125
0 0.59375 0.33203125 0.048828125 0.05859375
0 0.44970703125 0.3271484375 0.0263671875 0.029296875
0 0.36865234375 0.28515625 0.0419921875 0.0546875
0 0.3271484375 0.31494140625 0.01953125 0.0263671875
0 0.291015625 0.2978515625 0.01953125 0.0234375
0 0.25146484375 0.26904296875 0.0498046875 0.0595703125
0 0.1630859375 0.2490234375 0.033203125 0.037109375
0 0.10595703125 0.29052734375 0.0205078125 0.0244140625
0 0.080078125 0.29345703125 0.021484375 0.0244140625
0 0.0751953125 0.26806640625 0.01953125 0.0205078125
0 0.0263671875 0.28076171875 0.029296875 0.0400390625
0 0.04345703125 0.2685546875 0.0205078125 0.033203125
0 0.908203125 0.333984375 0.01953125 0.029296875
0 0.81787109375 0.30078125 0.0380859375 0.04296875
