0 0.61328125 0.171065493646 0.0234375 0.0293255131965
0 0.65625 0.154936461388 0.02734375 0.0361681329423
0 0.71435546875 0.162267839687 0.0244140625 0.0312805474096
0 0.76416015625 0.187194525904 0.0244140625 0.0322580645161
0 0.583984375 0.183773216031 0.03125 0.0430107526882
0 0.56494140625 0.230205278592 0.0322265625 0.0420332355816
0 0.5263671875 0.237536656891 0.033203125 0.0410557184751
0 0.41162109375 0.202346041056 0.0361328125 0.0527859237537
0 0.52978515625 0.295210166178 0.0439453125 0.0606060606061
0 0.5078125 0.30889540567 0.041015625 0.058651026393
0 0.76806640625 0.309872922776 0.0322265625 0.0625610948192
0 0.814453125 0.285434995112 0.03515625 0.0547409579668
0 0.95458984375 0.228250244379 0.0361328125 0.0400782013685
0 0.21142578125 0.227272727273 0.0361328125 0.0518084066471
0 0.35302734375 0.197947214076 0.0380859375 0.0478983382209
0 0.3544921875 0.27908113392 0.046875 0.0596285434995
0 0.3193359375 0.336265884653 0.04296875 0.0566959921799
