0 0.86328125 0.262463343109 0.046875 0.0518084066471
0 0.7919921875 0.262952101662 0.033203125 0.0410557184751
0 0.78271484375 0.257086999022 0.0244140625 0.0312805474096
0 0.744140625 0.303519061584 0.0234375 0.030303030303
0 0.46142578125 0.273216031281 0.0400390625 0.0420332355816
0 0.48583984375 0.270772238514 0.0244140625 0.0449657869013
0 0.53369140625 0.264418377322 0.0263671875 0.0342130987292
0 0.6357421875 0.283968719453 0.03125 0.0400782013685
0 0.12890625 0.291300097752 0.037109375 0.0449657869013
0 0.18603515625 0.259042033236 0.0361328125 0.0488758553275
0 0.22509765625 0.243401759531 0.0302734375 0.0410557184751
0 0.296875 0.289345063539 0.033203125 0.0371456500489
