0 0.413373860182 0.197038724374 0.0942249240122 0.107061503417
0 0.256458966565 0.21032649962 0.0417933130699 0.0516324981017
0 0.1523556231 0.235003796507 0.0478723404255 0.0554290053151
0 0.169832826748 0.177676537585 0.040273556231 0.0516324981017
0 0.154255319149 0.118830675778 0.0288753799392 0.041761579347
0 0.12462006079 0.119589977221 0.0273556231003 0.0493545937737
0 0.201367781155 0.140850417616 0.0334346504559 0.046317388003
0 0.257978723404 0.132118451025 0.0357142857143 0.0455580865604
0 0.290653495441 0.163629460896 0.0341945288754 0.0402429764617
0 0.310410334347 0.206529992407 0.0357142857143 0.0425208807897
0 0.653495440729 0.158314350797 0.106382978723 0.123766135156
0 0.537234042553 0.154517843584 0.0349544072948 0.0402429764617
0 0.56952887538 0.166287015945 0.0341945288754 0.0485952923311
0 0.688829787234 0.252467729689 0.0463525835866 0.0615034168565
0 0.746200607903 0.191723614275 0.0471124620061 0.0584662110858
0 0.797872340426 0.178056188307 0.0440729483283 0.0539104024298
0 0.829787234043 0.215641609719 0.0440729483283 0.0485952923311
0 0.871960486322 0.24145785877 0.0341945288754 0.0546697038724
0 0.871580547112 0.180713743356 0.0349544072948 0.0546697038724
0 0.692629179331 0.193621867882 0.040273556231 0.0546697038724
