0 0.751057827927 0.0271317829457 0.0423131170663 0.0542635658915
0 0.754936530324 0.211064129669 0.0557122708039 0.0641296687808
0 0.676304654443 0.188865398168 0.033850493653 0.0436927413672
0 0.573342736248 0.22480620155 0.0535966149506 0.0591966173362
0 0.464386459803 0.200493305144 0.0825105782793 0.105003523608
0 0.324047954866 0.192389006342 0.0458392101551 0.0521494009866
0 0.277856135402 0.226920366455 0.0606488011283 0.0761099365751
0 0.163258110014 0.221282593376 0.0472496473907 0.0634249471459
0 0.290550070522 0.0496828752643 0.0409026798307 0.0486257928118
0 0.409732016925 0.0366455250176 0.0423131170663 0.0521494009866
0 0.572284908322 0.0232558139535 0.0486600846262 0.0451021846371
0 0.807475317348 0.185341789993 0.0253878702398 0.0380549682875
0 0.686882933709 0.0771670190275 0.0267983074753 0.0317124735729
0 0.626939351199 0.0630725863284 0.033850493653 0.0429880197322
0 0.468617771509 0.0792811839323 0.0190409026798 0.0246652572234
0 0.437940761636 0.0567300916138 0.0253878702398 0.0387596899225
0 0.319816643159 0.0634249471459 0.0317348377997 0.0451021846371
0 0.364245416079 0.091613812544 0.024682651622 0.0324171952079
0 0.805359661495 0.068710359408 0.0253878702398 0.0359408033827
0 0.201692524683 0.0845665961945 0.0141043723554 0.0183227625088
