0 0.072265625 0.23486328125 0.03125 0.0361328125
0 0.01416015625 0.21044921875 0.0283203125 0.0419921875
0 0.1015625 0.251953125 0.03125 0.025390625
0 0.14990234375 0.2568359375 0.0244140625 0.03125
0 0.158203125 0.2353515625 0.021484375 0.02734375
0 0.20361328125 0.22705078125 0.0224609375 0.0283203125
0 0.25048828125 0.259765625 0.0283203125 0.03515625
0 0.296875 0.2373046875 0.025390625 0.03515625
0 0.33544921875 0.23095703125 0.0263671875 0.0322265625
0 0.38720703125 0.24462890625 0.0224609375 0.0341796875
0 0.43115234375 0.23095703125 0.0244140625 0.0302734375
0 0.47705078125 0.248046875 0.0205078125 0.03125
0 0.5029296875 0.26806640625 0.02734375 0.0341796875
0 0.53271484375 0.24560546875 0.0244140625 0.0224609375
0 0.60107421875 0.251953125 0.0244140625 0.033203125
0 0.60546875 0.23388671875 0.021484375 0.0224609375
0 0.6630859375 0.22607421875 0.021484375 0.0341796875
0 0.71337890625 0.2236328125 0.0244140625 0.029296875
0 0.7197265625 0.24951171875 0.025390625 0.0419921875
0 0.775390625 0.21728515625 0.0234375 0.0302734375
0 0.794921875 0.21728515625 0.021484375 0.0302734375
0 0.86572265625 0.2021484375 0.0244140625 0.02734375
0 0.83447265625 0.353515625 0.0205078125 0.025390625
0 0.87939453125 0.33251953125 0.0244140625 0.0263671875
0 0.94384765625 0.34228515625 0.0302734375 0.0400390625
0 0.90869140625 0.2109375 0.0244140625 0.03125
0 0.93359375 0.21875 0.02734375 0.033203125
0 0.98974609375 0.197265625 0.0205078125 0.033203125
0 0.29931640625 0.6845703125 0.0380859375 0.037109375
0 0.474609375 0.76318359375 0.0546875 0.0556640625
0 0.5673828125 0.7607421875 0.029296875 0.060546875
