0 0.23486328125 0.416015625 0.0224609375 0.041015625
0 0.2724609375 0.37109375 0.025390625 0.05859375
0 0.42333984375 0.4404296875 0.0341796875 0.0546875
0 0.55224609375 0.40087890625 0.0322265625 0.0634765625
0 0.49609375 0.4375 0.03125 0.041015625
0 0.53955078125 0.4345703125 0.0244140625 0.04296875
0 0.44873046875 0.43994140625 0.0263671875 0.0419921875
0 0.62353515625 0.36962890625 0.0283203125 0.0380859375
0 0.68603515625 0.35546875 0.0263671875 0.044921875
0 0.78076171875 0.3408203125 0.0361328125 0.044921875
0 0.8173828125 0.3359375 0.01953125 0.021484375
0 0.87060546875 0.33642578125 0.0322265625 0.0400390625
0 0.892578125 0.37060546875 0.033203125 0.0400390625
0 0.90380859375 0.33837890625 0.0263671875 0.0400390625
0 0.95068359375 0.33935546875 0.0244140625 0.0302734375
