0 0.0595703125 0.36669921875 0.046875 0.0712890625
0 0.15380859375 0.32861328125 0.0537109375 0.0810546875
0 0.22705078125 0.35107421875 0.0712890625 0.1005859375
0 0.35498046875 0.28466796875 0.0693359375 0.0986328125
0 0.4404296875 0.2861328125 0.076171875 0.10546875
0 0.53515625 0.3037109375 0.08984375 0.1171875
0 0.6083984375 0.298828125 0.044921875 0.056640625
0 0.67431640625 0.29345703125 0.0439453125 0.0673828125
0 0.76708984375 0.341796875 0.0556640625 0.078125
0 0.83056640625 0.34912109375 0.0849609375 0.1064453125
0 0.9833984375 0.345703125 0.033203125 0.095703125
0 0.80517578125 0.3330078125 0.0771484375 0.099609375
