0 0.41455078125 0.236328125 0.0458984375 0.05078125
0 0.4423828125 0.2255859375 0.041015625 0.068359375
0 0.13427734375 0.64306640625 0.0205078125 0.0224609375
0 0.099609375 0.71826171875 0.025390625 0.0380859375
0 0.1982421875 0.7080078125 0.0234375 0.02734375
0 0.23974609375 0.43603515625 0.0244140625 0.0283203125
0 0.30908203125 0.4951171875 0.0205078125 0.025390625
0 0.29541015625 0.72998046875 0.0263671875 0.0361328125
0 0.64111328125 0.56591796875 0.0224609375 0.0283203125
0 0.89794921875 0.41748046875 0.0205078125 0.0244140625
0 0.17724609375 0.4375 0.0224609375 0.03125
0 0.63134765625 0.49951171875 0.0263671875 0.0302734375
