0 0.111328125 0.33544921875 0.025390625 0.0341796875
0 0.18603515625 0.330078125 0.0263671875 0.03515625
0 0.27734375 0.3916015625 0.025390625 0.033203125
0 0.220703125 0.39306640625 0.02734375 0.0380859375
0 0.162109375 0.41845703125 0.037109375 0.0517578125
0 0.15625 0.48046875 0.03125 0.046875
0 0.419921875 0.345703125 0.025390625 0.046875
0 0.5 0.4736328125 0.02734375 0.037109375
0 0.5185546875 0.3828125 0.021484375 0.02734375
0 0.54541015625 0.412109375 0.0244140625 0.02734375
0 0.619140625 0.4462890625 0.021484375 0.029296875
0 0.64306640625 0.49755859375 0.0224609375 0.0341796875
0 0.734375 0.5 0.0234375 0.03515625
0 0.42431640625 0.70654296875 0.0283203125 0.0419921875
0 0.50244140625 0.67822265625 0.0302734375 0.0400390625
0 0.63916015625 0.69287109375 0.0302734375 0.0439453125
0 0.8388671875 0.498046875 0.021484375 0.029296875
0 0.87646484375 0.4970703125 0.0224609375 0.029296875
0 0.7998046875 0.59326171875 0.02734375 0.0400390625
0 0.84130859375 0.57080078125 0.0224609375 0.0263671875
0 0.90869140625 0.56982421875 0.0244140625 0.0302734375
0 0.95654296875 0.5498046875 0.0263671875 0.033203125
0 0.7099609375 0.5751953125 0.029296875 0.0390625
