0 0.0849609375 0.24560546875 0.0234375 0.0341796875
0 0.13330078125 0.24169921875 0.0283203125 0.0302734375
0 0.2490234375 0.236328125 0.03125 0.025390625
0 0.3857421875 0.23095703125 0.025390625 0.0224609375
0 0.41552734375 0.23291015625 0.0205078125 0.0224609375
0 0.5380859375 0.22998046875 0.01953125 0.0224609375
0 0.62890625 0.23291015625 0.021484375 0.0263671875
0 0.6728515625 0.2421875 0.021484375 0.03125
0 0.70263671875 0.23779296875 0.0205078125 0.0244140625
0 0.7392578125 0.24462890625 0.0234375 0.0283203125
0 0.7919921875 0.25146484375 0.021484375 0.0263671875
0 0.81494140625 0.24951171875 0.0244140625 0.0322265625
0 0.86279296875 0.2294921875 0.0205078125 0.021484375
0 0.86181640625 0.2568359375 0.0224609375 0.029296875
0 0.89013671875 0.2412109375 0.0244140625 0.03125
0 0.9267578125 0.24462890625 0.025390625 0.0302734375
0 0.9541015625 0.25048828125 0.021484375 0.0283203125
0 0.97900390625 0.23974609375 0.0263671875 0.0322265625
