0 0.18115234375 0.72802734375 0.0576171875 0.0791015625
0 0.31640625 0.72509765625 0.0625 0.0751953125
0 0.28662109375 0.63330078125 0.0205078125 0.0322265625
0 0.04345703125 0.78125 0.0458984375 0.03515625
0 0.02294921875 0.64697265625 0.0224609375 0.0283203125
0 0.2802734375 0.677734375 0.0234375 0.03515625
0 0.37890625 0.72900390625 0.03515625 0.0498046875
0 0.49267578125 0.74267578125 0.0537109375 0.0634765625
0 0.59521484375 0.77490234375 0.0595703125 0.0478515625
0 0.9091796875 0.49072265625 0.037109375 0.0498046875
0 0.8515625 0.53173828125 0.029296875 0.0439453125
0 0.759765625 0.541015625 0.021484375 0.0234375
