0 0.264230271669 0.369340232859 0.0252263906856 0.0323415265201
0 0.205368693402 0.346701164295 0.0265200517464 0.0336351875809
0 0.293014230272 0.358020698577 0.0232858990944 0.0278137128072
0 0.355433376455 0.352846054334 0.0213454075032 0.029107373868
0 0.389391979301 0.36319534282 0.0181112548512 0.0239327296248
0 0.750970245796 0.416235446313 0.0232858990944 0.0329883570505
0 0.76681759379 0.378072445019 0.022639068564 0.0265200517464
0 0.739003880983 0.158150064683 0.0510996119017 0.0937904269082
0 0.819210866753 0.389068564036 0.022639068564 0.029107373868
0 0.812742561449 0.419469598965 0.0239327296248 0.0304010349288
0 0.323091849935 0.35510996119 0.0187580853816 0.0232858990944
0 0.304010349288 0.358020698577 0.0168175937904 0.0265200517464
0 0.790103492885 0.385834411384 0.0148771021992 0.0213454075032
0 0.802716688228 0.37063389392 0.012936610608 0.0168175937904
0 0.370957309185 0.637128072445 0.0756791720569 0.0595084087969
