0 0.4794921875 0.45947265625 0.02734375 0.0361328125
0 0.53466796875 0.44921875 0.0244140625 0.03515625
0 0.47998046875 0.37939453125 0.0224609375 0.0302734375
0 0.59814453125 0.3974609375 0.0224609375 0.029296875
0 0.5673828125 0.45361328125 0.025390625 0.0380859375
0 0.6728515625 0.4287109375 0.01953125 0.0234375
0 0.7001953125 0.41357421875 0.01953125 0.0322265625
0 0.75830078125 0.4453125 0.0224609375 0.03125
0 0.798828125 0.48828125 0.021484375 0.0234375
0 0.931640625 0.51025390625 0.01953125 0.0205078125
0 0.5361328125 0.3603515625 0.021484375 0.03125
0 0.275390625 0.30419921875 0.02734375 0.0400390625
0 0.01708984375 0.478515625 0.0322265625 0.04296875
0 0.08154296875 0.42529296875 0.0400390625 0.0498046875
0 0.09716796875 0.37158203125 0.0341796875 0.0419921875
0 0.09814453125 0.32177734375 0.0361328125 0.0419921875
0 0.15625 0.21923828125 0.025390625 0.0263671875
0 0.16943359375 0.404296875 0.0283203125 0.02734375
0 0.22509765625 0.384765625 0.0244140625 0.037109375
0 0.220703125 0.34716796875 0.021484375 0.0322265625
0 0.26953125 0.33056640625 0.021484375 0.0341796875
0 0.294921875 0.4326171875 0.037109375 0.044921875
0 0.3291015625 0.40966796875 0.03125 0.0341796875
0 0.33154296875 0.3525390625 0.0263671875 0.029296875
0 0.30322265625 0.541015625 0.0380859375 0.0625
0 0.4150390625 0.45654296875 0.029296875 0.0400390625
