0 0.0634765625 0.474609375 0.021484375 0.02734375
0 0.35205078125 0.50048828125 0.0244140625 0.0263671875
0 0.2998046875 0.50927734375 0.03125 0.0419921875
0 0.26025390625 0.580078125 0.0205078125 0.0234375
0 0.21630859375 0.56494140625 0.0302734375 0.0341796875
0 0.1748046875 0.560546875 0.03125 0.03515625
0 0.07275390625 0.54296875 0.0458984375 0.046875
0 0.0166015625 0.533203125 0.033203125 0.0546875
0 0.4697265625 0.4658203125 0.01953125 0.01953125
0 0.57421875 0.4833984375 0.0234375 0.029296875
0 0.619140625 0.4853515625 0.0234375 0.03515625
0 0.6708984375 0.4619140625 0.021484375 0.0234375
0 0.71142578125 0.48095703125 0.0263671875 0.0283203125
0 0.7509765625 0.443359375 0.01953125 0.0234375
0 0.8271484375 0.45556640625 0.01953125 0.0263671875
0 0.92431640625 0.4287109375 0.0205078125 0.025390625
0 0.9228515625 0.5234375 0.037109375 0.041015625
0 0.25341796875 0.482421875 0.0224609375 0.03125
