0 0.96630859375 0.39599609375 0.0263671875 0.0302734375
0 0.97509765625 0.44482421875 0.0224609375 0.0361328125
0 0.93701171875 0.45654296875 0.0341796875 0.0458984375
0 0.88916015625 0.36083984375 0.0224609375 0.0302734375
0 0.93017578125 0.37451171875 0.0205078125 0.0244140625
0 0.8095703125 0.35888671875 0.021484375 0.0224609375
0 0.79296875 0.5234375 0.0390625 0.0546875
0 0.71923828125 0.45947265625 0.0380859375 0.0498046875
0 0.66064453125 0.37255859375 0.0224609375 0.0283203125
0 0.61328125 0.4189453125 0.037109375 0.041015625
0 0.57958984375 0.39306640625 0.0283203125 0.0400390625
0 0.56103515625 0.35498046875 0.0205078125 0.0263671875
0 0.53857421875 0.306640625 0.0224609375 0.0234375
0 0.509765625 0.36181640625 0.0234375 0.0322265625
0 0.46630859375 0.357421875 0.0263671875 0.037109375
0 0.48388671875 0.44189453125 0.0322265625 0.0380859375
0 0.3876953125 0.34375 0.0234375 0.029296875
0 0.34912109375 0.41650390625 0.0361328125 0.0439453125
0 0.23681640625 0.32080078125 0.0205078125 0.0283203125
0 0.18505859375 0.283203125 0.0205078125 0.0234375
0 0.19580078125 0.35009765625 0.0263671875 0.0302734375
0 0.326171875 0.39697265625 0.02734375 0.0341796875
0 0.28857421875 0.3642578125 0.0302734375 0.03515625
0 0.1474609375 0.3310546875 0.025390625 0.025390625
0 0.142578125 0.361328125 0.0234375 0.02734375
0 0.17578125 0.53515625 0.068359375 0.087890625
0 0.34423828125 0.5712890625 0.0654296875 0.095703125
0 0.1748046875 0.41357421875 0.03125 0.0322265625
0 0.5390625 0.55712890625 0.08203125 0.0849609375
0 0.64599609375 0.58935546875 0.0517578125 0.0732421875
0 0.8798828125 0.57568359375 0.072265625 0.0927734375
