0 0.0107421875 0.221896383187 0.021484375 0.0547409579668
0 0.0400390625 0.390518084066 0.044921875 0.049853372434
0 0.0361328125 0.5 0.048828125 0.0518084066471
0 0.15625 0.524926686217 0.044921875 0.0488758553275
0 0.20654296875 0.333333333333 0.0498046875 0.0430107526882
0 0.3037109375 0.41935483871 0.0546875 0.0723362658847
0 0.32861328125 0.360215053763 0.0361328125 0.0420332355816
0 0.4326171875 0.369501466276 0.041015625 0.0410557184751
0 0.509765625 0.429618768328 0.048828125 0.0733137829912
0 0.5654296875 0.363636363636 0.048828125 0.0488758553275
0 0.7734375 0.199902248289 0.041015625 0.0361681329423
0 0.89453125 0.192082111437 0.041015625 0.0244379276637
0 0.74169921875 0.371456500489 0.0478515625 0.0430107526882
0 0.93408203125 0.370967741935 0.0458984375 0.0439882697947
0 0.88134765625 0.473607038123 0.0517578125 0.0811339198436
0 0.7890625 0.483382209189 0.048828125 0.0635386119257
0 0.68701171875 0.449169110459 0.0556640625 0.0654936461388
0 0.93994140625 0.783968719453 0.0478515625 0.0508308895406
0 0.037109375 0.660801564027 0.03515625 0.0449657869013
0 0.1982421875 0.788856304985 0.04296875 0.0547409579668
0 0.30029296875 0.790811339198 0.0400390625 0.0566959921799
0 0.4853515625 0.770283479961 0.044921875 0.0410557184751
