0 0.01513671875 0.27099609375 0.0205078125 0.0302734375
0 0.0439453125 0.2998046875 0.03125 0.05078125
0 0.181640625 0.318359375 0.048828125 0.064453125
0 0.24658203125 0.33447265625 0.0400390625 0.0556640625
0 0.35400390625 0.34716796875 0.0380859375 0.0576171875
0 0.4736328125 0.43505859375 0.033203125 0.0673828125
0 0.65380859375 0.3388671875 0.0341796875 0.052734375
0 0.748046875 0.32958984375 0.0390625 0.0673828125
0 0.94775390625 0.37744140625 0.0380859375 0.0654296875
0 0.9658203125 0.33935546875 0.033203125 0.0693359375
