0 0.01513671875 0.186705767351 0.0283203125 0.0410557184751
0 0.09912109375 0.188172043011 0.0341796875 0.0400782013685
0 0.21337890625 0.198924731183 0.0244140625 0.0420332355816
0 0.05712890625 0.255131964809 0.0361328125 0.0371456500489
0 0.2958984375 0.278103616813 0.03125 0.0381231671554
0 0.3740234375 0.263440860215 0.03515625 0.0518084066471
0 0.27880859375 0.369990224829 0.0361328125 0.0459433040078
0 0.1162109375 0.413978494624 0.041015625 0.0537634408602
0 0.2236328125 0.428641251222 0.033203125 0.0439882697947
0 0.38525390625 0.347996089932 0.0322265625 0.0449657869013
0 0.4912109375 0.336265884653 0.037109375 0.0488758553275
0 0.46630859375 0.422287390029 0.0361328125 0.0430107526882
0 0.53271484375 0.481427174976 0.0400390625 0.049853372434
0 0.51220703125 0.478983382209 0.0341796875 0.0430107526882
0 0.45166015625 0.498044965787 0.0341796875 0.0459433040078
0 0.35498046875 0.456989247312 0.0380859375 0.049853372434
0 0.19482421875 0.491691104594 0.0341796875 0.0508308895406
0 0.08984375 0.495112414467 0.0390625 0.0615835777126
0 0.056640625 0.566471163245 0.041015625 0.0459433040078
0 0.1611328125 0.572825024438 0.037109375 0.0449657869013
0 0.021484375 0.665200391007 0.029296875 0.0576735092864
0 0.25390625 0.652981427175 0.037109375 0.0547409579668
0 0.3818359375 0.66862170088 0.0390625 0.0488758553275
0 0.62890625 0.50146627566 0.03515625 0.0469208211144
0 0.65234375 0.575268817204 0.0390625 0.0557184750733
0 0.65869140625 0.655425219941 0.0322265625 0.0361681329423
0 0.70703125 0.282013685239 0.03515625 0.0459433040078
0 0.814453125 0.272727272727 0.03125 0.0449657869013
0 0.93017578125 0.19403714565 0.0380859375 0.0322580645161
0 0.94091796875 0.267350928641 0.0380859375 0.0439882697947
0 0.90966796875 0.3357771261 0.0361328125 0.0459433040078
0 0.81005859375 0.336754643206 0.0322265625 0.0381231671554
0 0.890625 0.483870967742 0.03515625 0.0527859237537
0 0.9736328125 0.538611925709 0.033203125 0.0430107526882
0 0.9892578125 0.557184750733 0.021484375 0.0508308895406
0 0.8525390625 0.650048875855 0.041015625 0.0508308895406
0 0.7529296875 0.577223851417 0.03515625 0.049853372434
0 0.7353515625 0.659824046921 0.041015625 0.0527859237537
0 0.734375 0.747311827957 0.0390625 0.0478983382209
0 0.92578125 0.735581622678 0.0390625 0.0478983382209
0 0.01806640625 0.815249266862 0.0361328125 0.0351906158358
0 0.1328125 0.779569892473 0.0390625 0.0420332355816
0 0.23486328125 0.764907135875 0.0419921875 0.0439882697947
0 0.365234375 0.764907135875 0.041015625 0.049853372434
0 0.46337890625 0.769305962854 0.0400390625 0.0449657869013
0 0.630859375 0.759042033236 0.037109375 0.0576735092864
0 0.28466796875 0.188660801564 0.0302734375 0.0332355816227
0 0.08740234375 0.359237536657 0.0302734375 0.0381231671554
