0 0.205078125 0.17724609375 0.01953125 0.0224609375
0 0.0634765625 0.2509765625 0.01953125 0.02734375
0 0.13525390625 0.28271484375 0.0205078125 0.0244140625
0 0.0556640625 0.361328125 0.021484375 0.021484375
0 0.126953125 0.365234375 0.01953125 0.025390625
0 0.0693359375 0.41845703125 0.01953125 0.0244140625
0 0.0380859375 0.4619140625 0.021484375 0.025390625
0 0.109375 0.4638671875 0.021484375 0.025390625
0 0.177734375 0.46435546875 0.01953125 0.0224609375
0 0.2490234375 0.45849609375 0.021484375 0.0263671875
0 0.11181640625 0.55810546875 0.0205078125 0.0244140625
0 0.1787109375 0.55712890625 0.01953125 0.0244140625
0 0.2509765625 0.50927734375 0.021484375 0.0224609375
0 0.0439453125 0.6591796875 0.021484375 0.0234375
0 0.14794921875 0.6669921875 0.0205078125 0.025390625
0 0.1669921875 0.712890625 0.021484375 0.029296875
0 0.234375 0.76611328125 0.01953125 0.0244140625
0 0.23046875 0.701171875 0.01953125 0.025390625
0 0.228515625 0.6630859375 0.0234375 0.025390625
0 0.0732421875 0.7939453125 0.01953125 0.01953125
0 0.2861328125 0.7783203125 0.01953125 0.0234375
0 0.4697265625 0.2529296875 0.01953125 0.0234375
0 0.458984375 0.31787109375 0.01953125 0.0224609375
0 0.3232421875 0.45849609375 0.021484375 0.0263671875
0 0.31787109375 0.505859375 0.0224609375 0.0234375
0 0.32666015625 0.5595703125 0.0205078125 0.0234375
0 0.3759765625 0.56298828125 0.021484375 0.0224609375
0 0.3994140625 0.5126953125 0.01953125 0.0234375
0 0.40673828125 0.44580078125 0.0205078125 0.0244140625
0 0.48388671875 0.505859375 0.0205078125 0.0234375
0 0.505859375 0.447265625 0.01953125 0.0234375
0 0.5859375 0.4580078125 0.01953125 0.0234375
0 0.494140625 0.5966796875 0.01953125 0.02734375
0 0.44384765625 0.6044921875 0.0205078125 0.0234375
0 0.3212890625 0.626953125 0.01953125 0.0234375
0 0.35986328125 0.71630859375 0.0205078125 0.0224609375
0 0.37451171875 0.7802734375 0.0205078125 0.021484375
0 0.4326171875 0.71875 0.01953125 0.0234375
0 0.4970703125 0.7041015625 0.01953125 0.025390625
0 0.55908203125 0.70751953125 0.0224609375 0.0263671875
0 0.5576171875 0.7509765625 0.01953125 0.025390625
0 0.50439453125 0.80419921875 0.0205078125 0.0244140625
0 0.5751953125 0.822265625 0.01953125 0.021484375
0 0.6162109375 0.2119140625 0.01953125 0.021484375
0 0.7412109375 0.31103515625 0.01953125 0.0244140625
0 0.54052734375 0.2294921875 0.0205078125 0.0234375
0 0.5634765625 0.3115234375 0.01953125 0.021484375
0 0.52490234375 0.353515625 0.0205078125 0.021484375
0 0.66650390625 0.34033203125 0.0205078125 0.0244140625
0 0.8603515625 0.21630859375 0.01953125 0.0244140625
0 0.9833984375 0.21826171875 0.01953125 0.0224609375
0 0.916015625 0.40966796875 0.01953125 0.0224609375
0 0.74462890625 0.44775390625 0.0205078125 0.0244140625
0 0.7421875 0.54931640625 0.021484375 0.0224609375
0 0.6474609375 0.552734375 0.021484375 0.0234375
0 0.802734375 0.60888671875 0.01953125 0.0205078125
0 0.86962890625 0.50244140625 0.0205078125 0.0244140625
0 0.89892578125 0.5859375 0.0205078125 0.0234375
0 0.98193359375 0.59130859375 0.0205078125 0.0224609375
0 0.64306640625 0.7080078125 0.0205078125 0.0234375
0 0.703125 0.71337890625 0.01953125 0.0224609375
0 0.69873046875 0.80078125 0.0205078125 0.025390625
0 0.77099609375 0.76318359375 0.0205078125 0.0263671875
0 0.78173828125 0.6904296875 0.0205078125 0.025390625
0 0.8525390625 0.82080078125 0.01953125 0.0205078125
0 0.912109375 0.76611328125 0.01953125 0.0263671875
0 0.841796875 0.76171875 0.025390625 0.037109375
0 0.9267578125 0.6513671875 0.01953125 0.0234375
0 0.97119140625 0.81298828125 0.0224609375 0.0205078125
0 0.3623046875 0.6142578125 0.01953125 0.021484375
0 0.482421875 0.560546875 0.01953125 0.01953125
0 0.09375 0.6806640625 0.01953125 0.021484375
0 0.1298828125 0.7900390625 0.01953125 0.03125
0 0.01708984375 0.72216796875 0.0205078125 0.0244140625
