0 0.10888671875 0.23193359375 0.0439453125 0.0498046875
0 0.279296875 0.2626953125 0.04296875 0.0546875
0 0.06396484375 0.4130859375 0.0595703125 0.0625
0 0.21875 0.43017578125 0.060546875 0.0732421875
0 0.3095703125 0.50390625 0.0390625 0.05078125
0 0.37939453125 0.53759765625 0.0478515625 0.0673828125
0 0.50048828125 0.52783203125 0.0478515625 0.0615234375
0 0.55810546875 0.51025390625 0.0439453125 0.0537109375
0 0.85546875 0.23388671875 0.05078125 0.0439453125
0 0.857421875 0.46533203125 0.0625 0.0849609375
0 0.79736328125 0.48974609375 0.0361328125 0.0556640625
0 0.7431640625 0.49169921875 0.046875 0.0673828125
0 0.65087890625 0.47314453125 0.0498046875 0.0615234375
0 0.0625 0.41796875 0.056640625 0.072265625
