0 0.173828125 0.3642578125 0.01953125 0.0234375
0 0.8955078125 0.2802734375 0.01953125 0.02734375
0 0.04345703125 0.52294921875 0.0244140625 0.0302734375
0 0.07666015625 0.52880859375 0.0244140625 0.0283203125
0 0.09619140625 0.4580078125 0.0224609375 0.029296875
0 0.05615234375 0.43701171875 0.0224609375 0.0224609375
0 0.1357421875 0.42236328125 0.021484375 0.0283203125
0 0.154296875 0.5185546875 0.0234375 0.029296875
0 0.1572265625 0.4931640625 0.01953125 0.02734375
0 0.1806640625 0.54736328125 0.0234375 0.0283203125
0 0.2275390625 0.5263671875 0.025390625 0.029296875
0 0.251953125 0.548828125 0.0234375 0.02734375
0 0.3046875 0.55224609375 0.01953125 0.0283203125
0 0.30029296875 0.48779296875 0.0244140625 0.0302734375
0 0.32861328125 0.427734375 0.0205078125 0.029296875
0 0.771484375 0.5947265625 0.025390625 0.03515625
0 0.13232421875 0.63525390625 0.0283203125 0.0302734375
0 0.03125 0.7041015625 0.02734375 0.029296875
0 0.03515625 0.74072265625 0.029296875 0.0341796875
0 0.12158203125 0.77587890625 0.0224609375 0.0341796875
0 0.05029296875 0.8232421875 0.0322265625 0.029296875
0 0.0966796875 0.85888671875 0.025390625 0.0322265625
0 0.21484375 0.6015625 0.025390625 0.025390625
0 0.265625 0.6298828125 0.02734375 0.03515625
0 0.3681640625 0.6396484375 0.03125 0.037109375
0 0.31640625 0.708984375 0.02734375 0.03125
0 0.2802734375 0.7919921875 0.04296875 0.046875
0 0.421875 0.76708984375 0.0390625 0.0341796875
0 0.20703125 0.8564453125 0.029296875 0.03125
0 0.22265625 0.75927734375 0.021484375 0.0322265625
0 0.65625 0.328125 0.01953125 0.0234375
0 0.38330078125 0.37109375 0.0205078125 0.025390625
0 0.44580078125 0.4228515625 0.0244140625 0.021484375
0 0.3974609375 0.44287109375 0.01953125 0.0205078125
0 0.4248046875 0.49560546875 0.0234375 0.0283203125
0 0.4150390625 0.53369140625 0.03125 0.0341796875
0 0.43701171875 0.59228515625 0.0302734375 0.0322265625
0 0.48779296875 0.54296875 0.0283203125 0.029296875
0 0.4912109375 0.47998046875 0.0234375 0.0224609375
0 0.55224609375 0.43115234375 0.0244140625 0.0263671875
0 0.53759765625 0.396484375 0.0224609375 0.025390625
0 0.61181640625 0.41064453125 0.0205078125 0.0263671875
0 0.59033203125 0.48583984375 0.0244140625 0.0263671875
0 0.572265625 0.5107421875 0.01953125 0.03125
0 0.47607421875 0.4462890625 0.0205078125 0.025390625
0 0.55615234375 0.30615234375 0.0205078125 0.0224609375
0 0.64453125 0.36962890625 0.0234375 0.0302734375
0 0.71630859375 0.39501953125 0.0224609375 0.0263671875
0 0.79248046875 0.3876953125 0.0244140625 0.03125
0 0.89599609375 0.34423828125 0.0224609375 0.0302734375
0 0.91748046875 0.3955078125 0.0224609375 0.0234375
0 0.95361328125 0.4248046875 0.0205078125 0.02734375
0 0.8759765625 0.4453125 0.01953125 0.02734375
0 0.84765625 0.4794921875 0.025390625 0.03515625
0 0.66357421875 0.50341796875 0.0205078125 0.0283203125
0 0.8369140625 0.52734375 0.01953125 0.03515625
0 0.87353515625 0.5771484375 0.0244140625 0.03125
0 0.91650390625 0.578125 0.0263671875 0.033203125
0 0.94873046875 0.50927734375 0.0205078125 0.0224609375
0 0.97705078125 0.57861328125 0.0380859375 0.0419921875
0 0.982421875 0.67138671875 0.03125 0.0419921875
0 0.8720703125 0.626953125 0.025390625 0.033203125
0 0.87548828125 0.8154296875 0.0263671875 0.041015625
0 0.986328125 0.84033203125 0.02734375 0.0498046875
0 0.751953125 0.73193359375 0.03125 0.0478515625
0 0.4541015625 0.66259765625 0.03515625 0.0361328125
0 0.39892578125 0.642578125 0.0244140625 0.02734375
0 0.587890625 0.6845703125 0.0234375 0.037109375
0 0.63134765625 0.6474609375 0.0224609375 0.0390625
0 0.66455078125 0.70556640625 0.0205078125 0.0361328125
0 0.58203125 0.59130859375 0.021484375 0.0322265625
0 0.0927734375 0.58056640625 0.025390625 0.0322265625
0 0.58544921875 0.849609375 0.0478515625 0.041015625
