0 0.06005859375 0.260508308895 0.0283203125 0.0361681329423
0 0.083984375 0.260997067449 0.01953125 0.0273704789834
0 0.08642578125 0.202834799609 0.0205078125 0.030303030303
0 0.12939453125 0.207233626588 0.0205078125 0.0273704789834
0 0.16015625 0.243401759531 0.025390625 0.0312805474096
0 0.2314453125 0.25366568915 0.0234375 0.0263929618768
0 0.2646484375 0.210166177908 0.01953125 0.0293255131965
0 0.296875 0.187683284457 0.01953125 0.0234604105572
0 0.32958984375 0.202346041056 0.0224609375 0.0273704789834
0 0.3642578125 0.204301075269 0.021484375 0.0254154447703
0 0.310546875 0.253176930596 0.021484375 0.0273704789834
0 0.1171875 0.242424242424 0.021484375 0.0254154447703
0 0.1884765625 0.289345063539 0.0234375 0.0273704789834
0 0.05224609375 0.332355816227 0.0224609375 0.039100684262
0 0.11279296875 0.339687194526 0.0263671875 0.0400782013685
0 0.0263671875 0.380254154448 0.029296875 0.0430107526882
0 0.07275390625 0.421798631476 0.0224609375 0.0381231671554
0 0.0859375 0.408113391984 0.01953125 0.0283479960899
0 0.03369140625 0.490713587488 0.0302734375 0.0508308895406
0 0.07080078125 0.461388074291 0.0283203125 0.0371456500489
0 0.125 0.425708699902 0.025390625 0.0400782013685
0 0.13232421875 0.397360703812 0.0205078125 0.0322580645161
0 0.18017578125 0.387096774194 0.0244140625 0.0312805474096
0 0.169921875 0.318181818182 0.02734375 0.0381231671554
0 0.1796875 0.356304985337 0.0234375 0.030303030303
0 0.23388671875 0.353372434018 0.0283203125 0.0420332355816
0 0.22607421875 0.44623655914 0.0302734375 0.0420332355816
0 0.1611328125 0.459921798631 0.025390625 0.0400782013685
0 0.19189453125 0.510263929619 0.0283203125 0.039100684262
0 0.15380859375 0.540566959922 0.0341796875 0.0527859237537
0 0.12109375 0.495601173021 0.029296875 0.0449657869013
0 0.25390625 0.494623655914 0.033203125 0.0488758553275
0 0.23681640625 0.418866080156 0.0244140625 0.0361681329423
0 0.27978515625 0.400782013685 0.0263671875 0.0410557184751
0 0.2802734375 0.345552297165 0.02734375 0.0361681329423
0 0.3291015625 0.296676441838 0.025390625 0.0322580645161
0 0.365234375 0.281036168133 0.02734375 0.030303030303
0 0.40380859375 0.272727272727 0.0244140625 0.0312805474096
0 0.41845703125 0.260997067449 0.0205078125 0.0312805474096
0 0.45458984375 0.235581622678 0.0224609375 0.0293255131965
0 0.447265625 0.184750733138 0.01953125 0.0254154447703
0 0.5078125 0.190615835777 0.01953125 0.0234604105572
0 0.50146484375 0.251710654936 0.0224609375 0.0205278592375
0 0.51025390625 0.281036168133 0.0244140625 0.030303030303
0 0.552734375 0.212121212121 0.021484375 0.0371456500489
0 0.560546875 0.275659824047 0.0234375 0.039100684262
0 0.5244140625 0.331867057674 0.021484375 0.0322580645161
0 0.560546875 0.33724340176 0.02734375 0.0371456500489
0 0.5517578125 0.375855327468 0.02734375 0.0361681329423
0 0.5146484375 0.405669599218 0.025390625 0.0371456500489
0 0.49853515625 0.348484848485 0.0205078125 0.0244379276637
0 0.47021484375 0.362170087977 0.0263671875 0.0322580645161
0 0.35498046875 0.3357771261 0.0302734375 0.0361681329423
0 0.40625 0.384652981427 0.025390625 0.0342130987292
0 0.3193359375 0.378299120235 0.02734375 0.0332355816227
0 0.35400390625 0.430107526882 0.0224609375 0.0273704789834
0 0.349609375 0.463343108504 0.029296875 0.0410557184751
0 0.302734375 0.480938416422 0.03125 0.0371456500489
0 0.2431640625 0.551319648094 0.0234375 0.0312805474096
0 0.46533203125 0.397849462366 0.0263671875 0.0371456500489
0 0.5185546875 0.44183773216 0.0234375 0.0410557184751
0 0.4951171875 0.450635386119 0.03515625 0.0430107526882
0 0.48779296875 0.524437927664 0.0322265625 0.0537634408602
0 0.5205078125 0.568426197458 0.041015625 0.0713587487781
0 0.412109375 0.430596285435 0.029296875 0.0381231671554
0 0.4384765625 0.454056695992 0.03125 0.0420332355816
0 0.640625 0.198924731183 0.01953125 0.0263929618768
0 0.8701171875 0.241935483871 0.01953125 0.0224828934506
0 0.86376953125 0.272238514174 0.0244140625 0.030303030303
0 0.83056640625 0.248289345064 0.0205078125 0.0293255131965
0 0.732421875 0.274193548387 0.021484375 0.0283479960899
0 0.68115234375 0.293255131965 0.0224609375 0.0234604105572
0 0.64453125 0.291300097752 0.021484375 0.0312805474096
0 0.609375 0.301075268817 0.01953125 0.0273704789834
0 0.6376953125 0.326001955034 0.01953125 0.0263929618768
0 0.60595703125 0.399315738025 0.0205078125 0.0361681329423
0 0.6904296875 0.347018572825 0.0234375 0.0312805474096
0 0.85986328125 0.344574780059 0.0205078125 0.0283479960899
0 0.8671875 0.385630498534 0.0234375 0.0263929618768
0 0.90185546875 0.346529814272 0.0205078125 0.0283479960899
0 0.90380859375 0.404203323558 0.0244140625 0.0322580645161
0 0.962890625 0.410557184751 0.0234375 0.0312805474096
0 0.9384765625 0.436950146628 0.01953125 0.0273704789834
0 0.916015625 0.468230694037 0.029296875 0.0469208211144
0 0.87890625 0.47165200391 0.021484375 0.0244379276637
0 0.88623046875 0.5 0.0263671875 0.0342130987292
0 0.8837890625 0.539589442815 0.033203125 0.0625610948192
0 0.9619140625 0.543988269795 0.037109375 0.0537634408602
0 0.97216796875 0.481427174976 0.0224609375 0.030303030303
0 0.802734375 0.384652981427 0.01953125 0.0224828934506
0 0.822265625 0.406647116325 0.01953125 0.0332355816227
0 0.6865234375 0.379765395894 0.021484375 0.0283479960899
0 0.671875 0.388563049853 0.01953125 0.0244379276637
0 0.66796875 0.440860215054 0.033203125 0.0469208211144
0 0.7373046875 0.403714565005 0.0234375 0.0351906158358
0 0.76806640625 0.433040078201 0.0283203125 0.0410557184751
0 0.76171875 0.445259042033 0.029296875 0.0381231671554
0 0.8095703125 0.439882697947 0.02734375 0.0351906158358
0 0.79150390625 0.409579667644 0.0244140625 0.0332355816227
0 0.5810546875 0.564516129032 0.041015625 0.0596285434995
0 0.60546875 0.539589442815 0.029296875 0.0469208211144
0 0.658203125 0.52981427175 0.04296875 0.0742913000978
0 0.69189453125 0.52688172043 0.0400390625 0.0606060606061
0 0.71533203125 0.540078201369 0.0263671875 0.0518084066471
0 0.73388671875 0.556207233627 0.0283203125 0.0371456500489
0 0.81103515625 0.576246334311 0.0419921875 0.0674486803519
0 0.85302734375 0.576246334311 0.0322265625 0.0537634408602
0 0.91015625 0.592375366569 0.033203125 0.0547409579668
0 0.3955078125 0.55376344086 0.04296875 0.069403714565
0 0.30322265625 0.590420332356 0.0458984375 0.0664711632454
0 0.2255859375 0.6119257087 0.044921875 0.0527859237537
0 0.06201171875 0.603128054741 0.0361328125 0.0566959921799
