0 0.169921875 0.329423264907 0.04296875 0.0508308895406
0 0.27001953125 0.293743890518 0.0419921875 0.0537634408602
0 0.3740234375 0.283479960899 0.037109375 0.0488758553275
0 0.5 0.258064516129 0.0390625 0.0469208211144
0 0.6064453125 0.270283479961 0.041015625 0.0478983382209
0 0.71142578125 0.280058651026 0.0419921875 0.0576735092864
0 0.837890625 0.298631476051 0.0390625 0.0518084066471
0 0.669921875 0.450635386119 0.037109375 0.0527859237537
0 0.5859375 0.422776148583 0.044921875 0.049853372434
0 0.49853515625 0.415933528837 0.0400390625 0.0478983382209
0 0.38525390625 0.421309872923 0.0419921875 0.0566959921799
0 0.2998046875 0.448680351906 0.037109375 0.0469208211144
