0 0.1015625 0.199902248289 0.021484375 0.0342130987292
0 0.013671875 0.238025415445 0.021484375 0.0342130987292
0 0.15966796875 0.227272727273 0.0205078125 0.0244379276637
0 0.203125 0.230205278592 0.021484375 0.0322580645161
0 0.16943359375 0.203812316716 0.0224609375 0.030303030303
0 0.1728515625 0.264418377322 0.021484375 0.030303030303
0 0.1220703125 0.392961876833 0.02734375 0.0332355816227
0 0.21435546875 0.379765395894 0.0244140625 0.030303030303
0 0.2529296875 0.410068426197 0.029296875 0.0400782013685
0 0.314453125 0.351906158358 0.02734375 0.0351906158358
0 0.32568359375 0.403714565005 0.0244140625 0.0351906158358
0 0.2333984375 0.327956989247 0.02734375 0.0381231671554
0 0.0634765625 0.509775171065 0.029296875 0.0400782013685
0 0.0810546875 0.431573802542 0.025390625 0.0342130987292
0 0.14892578125 0.461388074291 0.0341796875 0.039100684262
0 0.15283203125 0.524926686217 0.0361328125 0.0430107526882
0 0.181640625 0.543010752688 0.025390625 0.0400782013685
0 0.326171875 0.481427174976 0.03125 0.0400782013685
0 0.271484375 0.535190615836 0.0234375 0.0439882697947
0 0.28515625 0.593841642229 0.029296875 0.0400782013685
0 0.37109375 0.599706744868 0.03515625 0.0439882697947
0 0.3876953125 0.431573802542 0.029296875 0.0381231671554
0 0.4375 0.376832844575 0.025390625 0.0361681329423
0 0.4794921875 0.382697947214 0.025390625 0.0342130987292
0 0.42919921875 0.505865102639 0.0283203125 0.0342130987292
0 0.4296875 0.587487781036 0.03515625 0.0371456500489
0 0.0888671875 0.739002932551 0.021484375 0.0332355816227
0 0.0654296875 0.748778103617 0.02734375 0.0293255131965
0 0.59423828125 0.64027370479 0.0341796875 0.0469208211144
0 0.4326171875 0.545943304008 0.0234375 0.0283479960899
0 0.5439453125 0.403714565005 0.02734375 0.0332355816227
0 0.57373046875 0.568426197458 0.0205078125 0.0381231671554
0 0.39990234375 0.177419354839 0.0205078125 0.0224828934506
0 0.45849609375 0.19403714565 0.0224609375 0.0322580645161
0 0.48583984375 0.202346041056 0.0244140625 0.0234604105572
0 0.3349609375 0.317693059629 0.01953125 0.0254154447703
0 0.3828125 0.319159335288 0.021484375 0.030303030303
0 0.70556640625 0.200879765396 0.0263671875 0.0263929618768
0 0.765625 0.261485826002 0.025390625 0.0283479960899
0 0.82373046875 0.223362658847 0.0263671875 0.030303030303
0 0.93603515625 0.232160312805 0.0224609375 0.0283479960899
0 0.90673828125 0.278592375367 0.0224609375 0.0273704789834
0 0.78662109375 0.293255131965 0.0205078125 0.0234604105572
0 0.75244140625 0.297165200391 0.0224609375 0.0293255131965
0 0.62548828125 0.39100684262 0.0283203125 0.0312805474096
0 0.89111328125 0.382209188661 0.0263671875 0.0351906158358
0 0.68359375 0.403714565005 0.021484375 0.0410557184751
0 0.73583984375 0.413978494624 0.0244140625 0.0381231671554
0 0.9228515625 0.209188660802 0.021484375 0.0273704789834
0 0.982421875 0.292277614858 0.021484375 0.0293255131965
0 0.986328125 0.419843597263 0.025390625 0.030303030303
0 0.755859375 0.434017595308 0.02734375 0.0351906158358
0 0.658203125 0.464320625611 0.029296875 0.0371456500489
0 0.65771484375 0.564516129032 0.0283203125 0.0224828934506
0 0.6328125 0.546920821114 0.025390625 0.0420332355816
0 0.7548828125 0.485826001955 0.0234375 0.0430107526882
0 0.8017578125 0.557184750733 0.03515625 0.039100684262
0 0.7451171875 0.577223851417 0.033203125 0.0400782013685
0 0.8603515625 0.466275659824 0.029296875 0.0351906158358
0 0.92626953125 0.472140762463 0.0283203125 0.0312805474096
0 0.912109375 0.512218963832 0.03125 0.0410557184751
0 0.93603515625 0.521994134897 0.0263671875 0.0332355816227
0 0.93896484375 0.445747800587 0.0224609375 0.0293255131965
0 0.53564453125 0.589442815249 0.0341796875 0.0371456500489
0 0.677734375 0.607038123167 0.033203125 0.0293255131965
0 0.77685546875 0.633431085044 0.0244140625 0.039100684262
0 0.80078125 0.64027370479 0.0234375 0.0371456500489
0 0.947265625 0.613880742913 0.03515625 0.0449657869013
0 0.92919921875 0.685239491691 0.0244140625 0.0371456500489
0 0.9853515625 0.521016617791 0.02734375 0.0332355816227
0 0.8359375 0.674975562072 0.025390625 0.0420332355816
0 0.86083984375 0.610948191593 0.0283203125 0.0410557184751
0 0.71728515625 0.52834799609 0.0205078125 0.0361681329423
0 0.3671875 0.415933528837 0.0234375 0.0263929618768
