0 0.10888671875 0.28662109375 0.0458984375 0.0595703125
0 0.1806640625 0.24658203125 0.044921875 0.0595703125
0 0.19091796875 0.39697265625 0.0517578125 0.0634765625
0 0.2734375 0.3193359375 0.044921875 0.052734375
0 0.294921875 0.4013671875 0.048828125 0.060546875
0 0.32470703125 0.3056640625 0.0380859375 0.05078125
0 0.36572265625 0.294921875 0.0361328125 0.044921875
0 0.40087890625 0.35888671875 0.0380859375 0.0517578125
0 0.43994140625 0.41650390625 0.0478515625 0.0595703125
0 0.421875 0.28076171875 0.033203125 0.0419921875
0 0.48095703125 0.31396484375 0.0380859375 0.0498046875
0 0.4931640625 0.2568359375 0.029296875 0.033203125
0 0.5205078125 0.4580078125 0.048828125 0.05859375
0 0.55615234375 0.3017578125 0.0400390625 0.04296875
0 0.61376953125 0.24658203125 0.0322265625 0.0419921875
0 0.646484375 0.29833984375 0.0390625 0.0458984375
0 0.6171875 0.44580078125 0.048828125 0.0634765625
0 0.6943359375 0.291015625 0.041015625 0.05078125
0 0.74560546875 0.32275390625 0.0478515625 0.0537109375
0 0.81640625 0.31103515625 0.046875 0.0556640625
0 0.87109375 0.31591796875 0.046875 0.0517578125
