0 0.10546875 0.34619140625 0.0703125 0.0908203125
0 0.21142578125 0.34912109375 0.0576171875 0.0673828125
0 0.28515625 0.30126953125 0.029296875 0.0283203125
0 0.337890625 0.31494140625 0.05859375 0.0615234375
0 0.423828125 0.29150390625 0.052734375 0.0615234375
0 0.4873046875 0.29638671875 0.046875 0.0576171875
0 0.52294921875 0.28662109375 0.0517578125 0.0634765625
0 0.64453125 0.30810546875 0.046875 0.0556640625
0 0.68896484375 0.2705078125 0.0341796875 0.03515625
0 0.70751953125 0.3173828125 0.0517578125 0.060546875
0 0.78369140625 0.36474609375 0.0556640625 0.0634765625
0 0.88037109375 0.28271484375 0.0537109375 0.0634765625
0 0.80517578125 0.29736328125 0.0322265625 0.0400390625
0 0.9375 0.3115234375 0.02734375 0.01953125
