0 0.37353515625 0.326490713587 0.0322265625 0.0508308895406
0 0.826171875 0.152003910068 0.029296875 0.0381231671554
0 0.59130859375 0.376344086022 0.0361328125 0.0508308895406
0 0.595703125 0.190615835777 0.025390625 0.0351906158358
0 0.62451171875 0.244379276637 0.0341796875 0.0371456500489
0 0.67236328125 0.24780058651 0.0341796875 0.0381231671554
0 0.70556640625 0.423753665689 0.0341796875 0.0381231671554
0 0.736328125 0.36412512219 0.02734375 0.0342130987292
0 0.73486328125 0.513685239492 0.0361328125 0.0518084066471
0 0.79296875 0.493646138807 0.0390625 0.058651026393
0 0.7919921875 0.431573802542 0.033203125 0.049853372434
0 0.82421875 0.277126099707 0.033203125 0.0420332355816
0 0.94970703125 0.3880742913 0.0322265625 0.0488758553275
0 0.912109375 0.224828934506 0.029296875 0.0430107526882
0 0.95751953125 0.19110459433 0.0244140625 0.0361681329423
0 0.89501953125 0.168132942326 0.0244140625 0.0312805474096
0 0.4775390625 0.413978494624 0.03515625 0.0478983382209
0 0.46630859375 0.363147605083 0.0322265625 0.0283479960899
0 0.56884765625 0.441348973607 0.0361328125 0.0459433040078
0 0.0107421875 0.775171065494 0.021484375 0.0703812316716
0 0.138671875 0.736070381232 0.048828125 0.0762463343109
0 0.3349609375 0.775171065494 0.048828125 0.0703812316716
0 0.41162109375 0.771260997067 0.0634765625 0.0899315738025
0 0.52099609375 0.646138807429 0.0517578125 0.0762463343109
0 0.52587890625 0.836265884653 0.0439453125 0.0791788856305
0 0.68798828125 0.832355816227 0.0517578125 0.0772238514174
0 0.662109375 0.63587487781 0.052734375 0.0830889540567
0 0.9365234375 0.732160312805 0.048828125 0.0664711632454
0 0.625 0.515640273705 0.033203125 0.0439882697947
0 0.9462890625 0.646627565982 0.04296875 0.0674486803519
0 0.2978515625 0.459921798631 0.037109375 0.0654936461388
0 0.515625 0.560606060606 0.044921875 0.0596285434995
0 0.7001953125 0.464809384164 0.03515625 0.0459433040078
0 0.4990234375 0.24633431085 0.03515625 0.0449657869013
0 0.85986328125 0.472629521017 0.0322265625 0.049853372434
0 0.9013671875 0.542521994135 0.0390625 0.0449657869013
0 0.98876953125 0.334799608993 0.0224609375 0.0439882697947
0 0.9892578125 0.213587487781 0.021484375 0.0283479960899
0 0.177734375 0.36265884653 0.0390625 0.0547409579668
0 0.08642578125 0.141251221896 0.0302734375 0.0342130987292
0 0.17626953125 0.144672531769 0.0244140625 0.0312805474096
0 0.17236328125 0.245356793744 0.0302734375 0.039100684262
0 0.22802734375 0.164711632454 0.0302734375 0.0439882697947
0 0.28125 0.312316715543 0.03515625 0.0478983382209
0 0.3271484375 0.185239491691 0.025390625 0.0342130987292
0 0.01904296875 0.266373411535 0.0322265625 0.0439882697947
0 0.07958984375 0.412512218964 0.0380859375 0.0430107526882
0 0.13232421875 0.335288367546 0.0341796875 0.039100684262
0 0.1533203125 0.293743890518 0.029296875 0.030303030303
0 0.01806640625 0.609970674487 0.0322265625 0.0684261974585
0 0.1005859375 0.501955034213 0.041015625 0.0654936461388
0 0.1455078125 0.58357771261 0.046875 0.058651026393
0 0.3515625 0.611436950147 0.060546875 0.0791788856305
0 0.3994140625 0.518084066471 0.04296875 0.0508308895406
0 0.42822265625 0.605571847507 0.0419921875 0.0557184750733
0 0.4111328125 0.655425219941 0.03125 0.0361681329423
0 0.25732421875 0.150537634409 0.0322265625 0.0371456500489
0 0.40966796875 0.174486803519 0.0244140625 0.0439882697947
0 0.31494140625 0.30303030303 0.0224609375 0.0332355816227
0 0.40234375 0.264907135875 0.02734375 0.0332355816227
0 0.52685546875 0.163734115347 0.0263671875 0.0322580645161
0 0.66748046875 0.14173998045 0.0341796875 0.0351906158358
0 0.51171875 0.136852394917 0.029296875 0.0254154447703
0 0.091796875 0.77468230694 0.037109375 0.0420332355816
