0 0.0859375 0.27978515625 0.01953125 0.0283203125
0 0.21484375 0.28564453125 0.01953125 0.0244140625
0 0.03466796875 0.33154296875 0.0205078125 0.0224609375
0 0.0966796875 0.330078125 0.01953125 0.02734375
0 0.1513671875 0.33251953125 0.01953125 0.0224609375
0 0.22998046875 0.33349609375 0.0224609375 0.0283203125
0 0.3046875 0.32861328125 0.021484375 0.0283203125
0 0.3740234375 0.3291015625 0.01953125 0.03125
0 0.44921875 0.326171875 0.01953125 0.029296875
0 0.4248046875 0.38623046875 0.01953125 0.0244140625
0 0.3642578125 0.38720703125 0.021484375 0.0302734375
0 0.28955078125 0.3818359375 0.0205078125 0.02734375
0 0.1552734375 0.384765625 0.01953125 0.02734375
0 0.11328125 0.42919921875 0.01953125 0.0244140625
0 0.01904296875 0.439453125 0.0205078125 0.0234375
0 0.0419921875 0.49951171875 0.021484375 0.0322265625
0 0.10302734375 0.5087890625 0.0205078125 0.02734375
0 0.162109375 0.4873046875 0.021484375 0.033203125
0 0.27587890625 0.4345703125 0.0205078125 0.033203125
0 0.36279296875 0.43115234375 0.0244140625 0.0302734375
0 0.44677734375 0.4326171875 0.0205078125 0.02734375
0 0.365234375 0.4951171875 0.021484375 0.029296875
0 0.30810546875 0.5126953125 0.0244140625 0.029296875
0 0.23974609375 0.50537109375 0.0224609375 0.0322265625
0 0.1806640625 0.55126953125 0.0234375 0.0283203125
0 0.43701171875 0.50634765625 0.0224609375 0.0302734375
0 0.03759765625 0.57666015625 0.0224609375 0.0283203125
0 0.103515625 0.5732421875 0.01953125 0.029296875
0 0.265625 0.57470703125 0.02734375 0.0322265625
0 0.3310546875 0.57470703125 0.0234375 0.0361328125
0 0.41552734375 0.57373046875 0.0244140625 0.0400390625
0 0.08203125 0.64501953125 0.025390625 0.0341796875
0 0.1708984375 0.66064453125 0.02734375 0.0263671875
0 0.25244140625 0.640625 0.0302734375 0.0390625
0 0.3505859375 0.64990234375 0.025390625 0.0361328125
0 0.41943359375 0.6611328125 0.0244140625 0.037109375
0 0.0224609375 0.73876953125 0.02734375 0.0224609375
0 0.1015625 0.73193359375 0.03125 0.0361328125
0 0.20068359375 0.73828125 0.0263671875 0.0234375
0 0.46337890625 0.736328125 0.0283203125 0.02734375
0 0.525390625 0.32666015625 0.01953125 0.0263671875
0 0.63037109375 0.291015625 0.0205078125 0.021484375
0 0.849609375 0.291015625 0.01953125 0.02734375
0 0.955078125 0.32763671875 0.01953125 0.0205078125
0 0.8505859375 0.33251953125 0.01953125 0.0283203125
0 0.7744140625 0.33837890625 0.01953125 0.0224609375
0 0.66552734375 0.333984375 0.0205078125 0.029296875
0 0.62158203125 0.37353515625 0.0205078125 0.0322265625
0 0.48583984375 0.380859375 0.0205078125 0.03125
0 0.68994140625 0.384765625 0.0224609375 0.029296875
0 0.74951171875 0.37939453125 0.0205078125 0.0283203125
0 0.818359375 0.38525390625 0.01953125 0.0263671875
0 0.89208984375 0.37841796875 0.0205078125 0.0283203125
0 0.96826171875 0.38720703125 0.0224609375 0.0263671875
0 0.9560546875 0.4404296875 0.01953125 0.0234375
0 0.88720703125 0.4326171875 0.0205078125 0.0390625
0 0.8251953125 0.4365234375 0.0234375 0.033203125
0 0.75390625 0.43896484375 0.01953125 0.0283203125
0 0.70263671875 0.41796875 0.0205078125 0.02734375
0 0.63427734375 0.43896484375 0.0205078125 0.0283203125
0 0.57275390625 0.4423828125 0.0205078125 0.025390625
0 0.51318359375 0.4423828125 0.0205078125 0.01953125
0 0.50341796875 0.51123046875 0.0224609375 0.0263671875
0 0.57177734375 0.49072265625 0.0244140625 0.0322265625
0 0.66552734375 0.5087890625 0.0263671875 0.0390625
0 0.751953125 0.5029296875 0.01953125 0.025390625
0 0.830078125 0.5 0.021484375 0.03125
0 0.92529296875 0.50146484375 0.0244140625 0.0361328125
0 0.9833984375 0.509765625 0.0234375 0.03515625
0 0.93115234375 0.5849609375 0.0224609375 0.029296875
0 0.86474609375 0.576171875 0.0244140625 0.03515625
0 0.7861328125 0.5830078125 0.0234375 0.029296875
0 0.72802734375 0.5751953125 0.0263671875 0.03515625
0 0.64208984375 0.57666015625 0.0244140625 0.0322265625
0 0.56103515625 0.57421875 0.0263671875 0.03515625
0 0.49267578125 0.58056640625 0.0224609375 0.0322265625
0 0.4931640625 0.65966796875 0.02734375 0.0361328125
0 0.5546875 0.662109375 0.021484375 0.02734375
0 0.63330078125 0.64208984375 0.0283203125 0.0361328125
0 0.7041015625 0.66259765625 0.02734375 0.0380859375
0 0.78662109375 0.65087890625 0.0263671875 0.0361328125
0 0.873046875 0.65673828125 0.02734375 0.0400390625
0 0.94384765625 0.66455078125 0.0244140625 0.0322265625
0 0.978515625 0.73828125 0.029296875 0.0234375
0 0.8125 0.73779296875 0.02734375 0.0244140625
0 0.72900390625 0.73974609375 0.0302734375 0.0205078125
0 0.6455078125 0.73828125 0.02734375 0.0234375
