0 0.0234375 0.3427734375 0.025390625 0.03125
0 0.0458984375 0.537109375 0.0390625 0.05859375
0 0.17578125 0.408203125 0.046875 0.052734375
0 0.20166015625 0.36328125 0.0283203125 0.03515625
0 0.22265625 0.50244140625 0.0390625 0.0517578125
0 0.31396484375 0.48583984375 0.0458984375 0.0576171875
0 0.3720703125 0.40185546875 0.046875 0.0595703125
0 0.388671875 0.39990234375 0.03515625 0.0478515625
0 0.50927734375 0.3564453125 0.0419921875 0.052734375
0 0.57080078125 0.33251953125 0.0322265625 0.0380859375
0 0.56689453125 0.39892578125 0.0341796875 0.0439453125
0 0.65380859375 0.39990234375 0.0263671875 0.0341796875
0 0.5615234375 0.50927734375 0.02734375 0.0322265625
0 0.80078125 0.3837890625 0.021484375 0.0234375
0 0.81201171875 0.404296875 0.0224609375 0.0234375
