0 0.8056640625 0.310361681329 0.04296875 0.0576735092864
0 0.685546875 0.3357771261 0.044921875 0.0557184750733
0 0.185546875 0.30303030303 0.044921875 0.058651026393
0 0.3134765625 0.36412512219 0.044921875 0.0615835777126
0 0.38916015625 0.316715542522 0.0205078125 0.0312805474096
0 0.47265625 0.289345063539 0.041015625 0.058651026393
0 0.57666015625 0.342130987292 0.0419921875 0.0547409579668
0 0.61962890625 0.422287390029 0.0419921875 0.058651026393
0 0.50732421875 0.408602150538 0.0419921875 0.0625610948192
0 0.3916015625 0.406158357771 0.044921875 0.0635386119257
0 0.21142578125 0.44477028348 0.0498046875 0.0645161290323
0 0.306640625 0.466764418377 0.041015625 0.0596285434995
0 0.4111328125 0.513196480938 0.044921875 0.058651026393
0 0.52001953125 0.50293255132 0.0458984375 0.0596285434995
0 0.64990234375 0.536656891496 0.0419921875 0.0645161290323
0 0.71142578125 0.451124144673 0.0400390625 0.0635386119257
0 0.78173828125 0.447214076246 0.0400390625 0.0615835777126
