0 0.14306640625 0.7802734375 0.0380859375 0.03515625
0 0.265625 0.68310546875 0.01953125 0.0244140625
0 0.2890625 0.6884765625 0.0234375 0.03125
0 0.3740234375 0.60302734375 0.01953125 0.0224609375
0 0.369140625 0.63037109375 0.021484375 0.0263671875
0 0.47119140625 0.60400390625 0.0244140625 0.0244140625
0 0.443359375 0.72412109375 0.046875 0.0576171875
0 0.52783203125 0.59814453125 0.0244140625 0.0263671875
0 0.603515625 0.68408203125 0.046875 0.0517578125
0 0.57568359375 0.6416015625 0.0302734375 0.0390625
0 0.60595703125 0.59423828125 0.0224609375 0.0341796875
0 0.53076171875 0.568359375 0.0205078125 0.021484375
0 0.6982421875 0.583984375 0.03515625 0.0390625
0 0.79638671875 0.6962890625 0.0791015625 0.0703125
0 0.84619140625 0.55712890625 0.0380859375 0.0478515625
0 0.92626953125 0.5087890625 0.0224609375 0.03125
0 0.93701171875 0.4697265625 0.0263671875 0.03515625
0 0.888671875 0.33935546875 0.0234375 0.0224609375
0 0.7333984375 0.5537109375 0.01953125 0.029296875
0 0.4833984375 0.64794921875 0.025390625 0.0322265625
0 0.96142578125 0.50732421875 0.0400390625 0.0439453125
0 0.9619140625 0.453125 0.025390625 0.029296875
