0 0.12939453125 0.449169110459 0.0361328125 0.0361681329423
0 0.1865234375 0.41348973607 0.029296875 0.0371456500489
0 0.23583984375 0.395894428152 0.0263671875 0.0332355816227
0 0.3037109375 0.426197458456 0.02734375 0.0293255131965
0 0.34423828125 0.369012707722 0.0244140625 0.0361681329423
0 0.2802734375 0.545454545455 0.029296875 0.0351906158358
0 0.37744140625 0.553274682307 0.0322265625 0.039100684262
0 0.41064453125 0.379276637341 0.0244140625 0.0273704789834
0 0.39892578125 0.438905180841 0.0244140625 0.0254154447703
0 0.45947265625 0.537634408602 0.0283203125 0.0312805474096
0 0.443359375 0.423753665689 0.021484375 0.0283479960899
0 0.4697265625 0.394428152493 0.0234375 0.0263929618768
0 0.5751953125 0.393939393939 0.0234375 0.0293255131965
0 0.646484375 0.399315738025 0.02734375 0.0322580645161
0 0.7177734375 0.401270772239 0.03125 0.0342130987292
0 0.765625 0.480938416422 0.02734375 0.0293255131965
0 0.525390625 0.35972629521 0.025390625 0.0332355816227
0 0.81884765625 0.403714565005 0.0361328125 0.039100684262
0 0.9130859375 0.440860215054 0.03515625 0.0430107526882
