0 0.10107421875 0.38954056696 0.0322265625 0.0420332355816
0 0.1826171875 0.38660801564 0.025390625 0.0342130987292
0 0.103515625 0.559139784946 0.03515625 0.039100684262
0 0.1259765625 0.620234604106 0.0390625 0.049853372434
0 0.14794921875 0.516129032258 0.0341796875 0.0410557184751
0 0.1904296875 0.524437927664 0.03515625 0.0400782013685
0 0.2060546875 0.447214076246 0.033203125 0.0361681329423
0 0.2822265625 0.363147605083 0.03125 0.0361681329423
0 0.27392578125 0.510752688172 0.0400390625 0.0439882697947
0 0.2900390625 0.606549364614 0.037109375 0.0439882697947
0 0.3544921875 0.382209188661 0.03125 0.0351906158358
0 0.31103515625 0.430107526882 0.0341796875 0.0371456500489
0 0.3583984375 0.52834799609 0.0390625 0.0439882697947
0 0.40576171875 0.588465298143 0.0400390625 0.0449657869013
0 0.4140625 0.380254154448 0.029296875 0.039100684262
0 0.47607421875 0.408113391984 0.0341796875 0.0283479960899
0 0.48974609375 0.500977517107 0.0439453125 0.0439882697947
0 0.5078125 0.597751710655 0.04296875 0.0518084066471
0 0.4970703125 0.372434017595 0.029296875 0.0371456500489
0 0.533203125 0.375366568915 0.03515625 0.0293255131965
0 0.54443359375 0.409090909091 0.0302734375 0.0361681329423
0 0.55126953125 0.498044965787 0.0400390625 0.0518084066471
0 0.60107421875 0.587487781036 0.0478515625 0.0508308895406
0 0.61279296875 0.371945259042 0.0341796875 0.0400782013685
0 0.63134765625 0.443792766373 0.0380859375 0.0430107526882
0 0.84521484375 0.388563049853 0.0380859375 0.0478983382209
0 0.75732421875 0.3357771261 0.0341796875 0.0400782013685
0 0.91455078125 0.387585532747 0.0439453125 0.0400782013685
0 0.73876953125 0.452101661779 0.0478515625 0.0557184750733
0 0.75 0.55376344086 0.046875 0.049853372434
0 0.68359375 0.356793743891 0.03125 0.0449657869013
0 0.7568359375 0.398826979472 0.029296875 0.0312805474096
0 0.80078125 0.370967741935 0.03515625 0.0420332355816
