0 0.04931640625 0.29296875 0.0361328125 0.05078125
0 0.02392578125 0.43408203125 0.0478515625 0.0634765625
0 0.115234375 0.44580078125 0.021484375 0.0419921875
0 0.1513671875 0.42822265625 0.04296875 0.0498046875
0 0.25927734375 0.47216796875 0.0400390625 0.0498046875
0 0.34228515625 0.439453125 0.0400390625 0.052734375
0 0.3994140625 0.34814453125 0.037109375 0.0439453125
0 0.443359375 0.4677734375 0.04296875 0.05859375
0 0.56396484375 0.47314453125 0.0419921875 0.0498046875
0 0.66796875 0.43798828125 0.041015625 0.0439453125
0 0.73876953125 0.275390625 0.0419921875 0.048828125
0 0.80126953125 0.41455078125 0.0517578125 0.0537109375
0 0.74853515625 0.466796875 0.0380859375 0.0546875
0 0.98876953125 0.47119140625 0.0224609375 0.0693359375
0 0.94677734375 0.4638671875 0.0283203125 0.048828125
0 0.94970703125 0.505859375 0.0283203125 0.05078125
