0 0.11865234375 0.202346041056 0.0224609375 0.0234604105572
0 0.10498046875 0.290811339198 0.0810546875 0.128054740958
0 0.16845703125 0.309384164223 0.0283203125 0.0400782013685
0 0.2451171875 0.251710654936 0.02734375 0.0361681329423
0 0.185546875 0.286412512219 0.025390625 0.0332355816227
0 0.19140625 0.374877810362 0.02734375 0.0322580645161
0 0.31640625 0.368523949169 0.033203125 0.039100684262
0 0.31494140625 0.346529814272 0.0849609375 0.106549364614
0 0.427734375 0.361681329423 0.03515625 0.0430107526882
0 0.1435546875 0.375366568915 0.029296875 0.0312805474096
0 0.1181640625 0.4403714565 0.033203125 0.0439882697947
0 0.13134765625 0.413978494624 0.0244140625 0.0244379276637
0 0.08251953125 0.484848484848 0.0380859375 0.0469208211144
0 0.2587890625 0.41348973607 0.021484375 0.0273704789834
0 0.29248046875 0.474095796676 0.0283203125 0.0410557184751
0 0.1845703125 0.494134897361 0.03515625 0.0439882697947
0 0.224609375 0.52981427175 0.0390625 0.0469208211144
0 0.052734375 0.531769305963 0.03515625 0.0430107526882
0 0.26611328125 0.592375366569 0.0419921875 0.0449657869013
0 0.0849609375 0.609970674487 0.0390625 0.0449657869013
0 0.0234375 0.734604105572 0.037109375 0.0557184750733
0 0.03173828125 0.781524926686 0.0439453125 0.0615835777126
0 0.77783203125 0.3357771261 0.0263671875 0.0420332355816
0 0.8515625 0.284946236559 0.02734375 0.0342130987292
0 0.3896484375 0.258553274682 0.01953125 0.0244379276637
0 0.4853515625 0.213587487781 0.02734375 0.030303030303
0 0.44140625 0.265395894428 0.0234375 0.0342130987292
0 0.2822265625 0.821114369501 0.041015625 0.0254154447703
0 0.42578125 0.435483870968 0.033203125 0.0439882697947
0 0.5556640625 0.49706744868 0.03125 0.0361681329423
0 0.599609375 0.451612903226 0.0234375 0.039100684262
0 0.60009765625 0.407624633431 0.0341796875 0.0410557184751
0 0.71142578125 0.497556207234 0.0283203125 0.0351906158358
0 0.60302734375 0.206744868035 0.0263671875 0.0283479960899
0 0.65673828125 0.340175953079 0.0322265625 0.0430107526882
0 0.63671875 0.297165200391 0.029296875 0.0371456500489
0 0.5458984375 0.547409579668 0.0390625 0.0449657869013
0 0.59814453125 0.591397849462 0.0380859375 0.0527859237537
0 0.69091796875 0.537145650049 0.0380859375 0.049853372434
0 0.75048828125 0.589931573803 0.0380859375 0.049853372434
0 0.74755859375 0.716031280547 0.0458984375 0.0557184750733
0 0.94970703125 0.310850439883 0.0322265625 0.0430107526882
0 0.91845703125 0.411045943304 0.0400390625 0.0537634408602
0 0.90966796875 0.568914956012 0.0439453125 0.0508308895406
0 0.86083984375 0.426686217009 0.0322265625 0.0478983382209
0 0.734375 0.39247311828 0.037109375 0.0400782013685
0 0.685546875 0.187194525904 0.021484375 0.0205278592375
0 0.7041015625 0.207233626588 0.02734375 0.0273704789834
0 0.76123046875 0.222873900293 0.0205078125 0.0312805474096
0 0.1572265625 0.808406647116 0.052734375 0.0508308895406
0 0.990234375 0.647605083089 0.01953125 0.0596285434995
0 0.36181640625 0.445259042033 0.0380859375 0.0400782013685
0 0.38818359375 0.496089931574 0.0322265625 0.0361681329423
0 0.79296875 0.199413489736 0.041015625 0.0664711632454
0 0.42333984375 0.588465298143 0.0380859375 0.0547409579668
0 0.55419921875 0.676441837732 0.0439453125 0.0527859237537
0 0.72998046875 0.273704789834 0.0341796875 0.0351906158358
0 0.6962890625 0.325513196481 0.0234375 0.0293255131965
0 0.6767578125 0.244868035191 0.02734375 0.0381231671554
0 0.55322265625 0.243401759531 0.0302734375 0.0332355816227
0 0.50927734375 0.311827956989 0.0302734375 0.0351906158358
0 0.466796875 0.311827956989 0.02734375 0.0351906158358
0 0.5361328125 0.367546432063 0.033203125 0.0469208211144
0 0.41845703125 0.359237536657 0.0283203125 0.0400782013685
0 0.8427734375 0.421309872923 0.03515625 0.0449657869013
0 0.8740234375 0.400293255132 0.03125 0.0400782013685
0 0.97998046875 0.403225806452 0.0302734375 0.0400782013685
0 0.38623046875 0.551808406647 0.0380859375 0.0478983382209
0 0.77490234375 0.704789833822 0.0458984375 0.058651026393
0 0.0126953125 0.489247311828 0.025390625 0.0342130987292
0 0.90087890625 0.217497556207 0.0302734375 0.0400782013685
0 0.958984375 0.239002932551 0.0234375 0.030303030303
0 0.4091796875 0.234115347019 0.0234375 0.0283479960899
0 0.330078125 0.761485826002 0.037109375 0.0625610948192
