0 0.0615234375 0.572825024438 0.01953125 0.0254154447703
0 0.14501953125 0.591397849462 0.0205078125 0.0234604105572
0 0.10107421875 0.754154447703 0.0205078125 0.0283479960899
0 0.0224609375 0.768328445748 0.01953125 0.0234604105572
0 0.1630859375 0.815738025415 0.01953125 0.0205278592375
0 0.39599609375 0.799608993157 0.0205078125 0.0332355816227
0 0.3857421875 0.696480938416 0.01953125 0.0224828934506
0 0.44873046875 0.812316715543 0.0224609375 0.0273704789834
0 0.9033203125 0.642717497556 0.01953125 0.0263929618768
0 0.6630859375 0.80742913001 0.01953125 0.0254154447703
0 0.71875 0.792766373412 0.01953125 0.0273704789834
0 0.87255859375 0.791300097752 0.0205078125 0.0283479960899
