0 0.56884765625 0.5546875 0.0302734375 0.0390625
0 0.40966796875 0.45703125 0.0205078125 0.02734375
0 0.3798828125 0.5205078125 0.025390625 0.033203125
0 0.4375 0.5126953125 0.0234375 0.033203125
0 0.4873046875 0.56982421875 0.0234375 0.0380859375
0 0.50390625 0.50439453125 0.021484375 0.0341796875
0 0.63232421875 0.427734375 0.0205078125 0.025390625
0 0.6748046875 0.42431640625 0.021484375 0.0244140625
0 0.009765625 0.63916015625 0.01953125 0.0498046875
0 0.0810546875 0.625 0.041015625 0.044921875
0 0.2470703125 0.7158203125 0.033203125 0.0546875
0 0.33837890625 0.69384765625 0.0419921875 0.0498046875
0 0.46142578125 0.67626953125 0.0322265625 0.0498046875
0 0.572265625 0.669921875 0.02734375 0.037109375
0 0.78369140625 0.42724609375 0.0205078125 0.0224609375
0 0.23095703125 0.51123046875 0.0263671875 0.0361328125
0 0.24072265625 0.45361328125 0.0244140625 0.0283203125
0 0.2421875 0.3720703125 0.01953125 0.0234375
0 0.56298828125 0.50341796875 0.0244140625 0.0283203125
0 0.08251953125 0.39306640625 0.0244140625 0.0263671875
0 0.07958984375 0.52978515625 0.0341796875 0.0439453125
0 0.32958984375 0.50341796875 0.0283203125 0.0361328125
0 0.306640625 0.4501953125 0.021484375 0.02734375
0 0.3525390625 0.4599609375 0.021484375 0.02734375
0 0.13623046875 0.357421875 0.0205078125 0.0234375
0 0.07177734375 0.333984375 0.0205078125 0.0234375
0 0.06005859375 0.353515625 0.0224609375 0.02734375
0 0.0107421875 0.396484375 0.021484375 0.02734375
0 0.05029296875 0.44189453125 0.0283203125 0.0341796875
0 0.18017578125 0.4619140625 0.0224609375 0.029296875
0 0.46630859375 0.4384765625 0.0205078125 0.025390625
0 0.61669921875 0.56884765625 0.0263671875 0.0322265625
0 0.61962890625 0.68408203125 0.0283203125 0.0283203125
0 0.7060546875 0.55908203125 0.025390625 0.0302734375
0 0.70947265625 0.63818359375 0.0322265625 0.0458984375
0 0.76171875 0.7509765625 0.041015625 0.044921875
0 0.76220703125 0.63427734375 0.0283203125 0.0322265625
0 0.734375 0.669921875 0.02734375 0.025390625
0 0.80908203125 0.52783203125 0.0263671875 0.0302734375
0 0.81884765625 0.6201171875 0.0283203125 0.033203125
0 0.9521484375 0.701171875 0.033203125 0.04296875
0 0.853515625 0.54345703125 0.025390625 0.0263671875
0 0.91552734375 0.52587890625 0.0283203125 0.0322265625
0 0.97509765625 0.5244140625 0.0263671875 0.03125
0 0.71826171875 0.49267578125 0.0205078125 0.0244140625
0 0.76025390625 0.48486328125 0.0224609375 0.0283203125
0 0.8154296875 0.48583984375 0.021484375 0.0263671875
0 0.875 0.47509765625 0.021484375 0.0283203125
0 0.98193359375 0.470703125 0.0263671875 0.029296875
