0 0.26171875 0.27392578125 0.04296875 0.0576171875
0 0.38818359375 0.2939453125 0.0361328125 0.056640625
0 0.50146484375 0.29150390625 0.0400390625 0.0517578125
0 0.61181640625 0.2939453125 0.0400390625 0.05078125
0 0.70703125 0.2744140625 0.041015625 0.0546875
0 0.15234375 0.41650390625 0.04296875 0.0556640625
0 0.26611328125 0.4345703125 0.0419921875 0.05859375
0 0.36328125 0.4560546875 0.044921875 0.05859375
0 0.4853515625 0.455078125 0.037109375 0.056640625
0 0.27099609375 0.5703125 0.0419921875 0.056640625
0 0.435546875 0.560546875 0.044921875 0.0546875
0 0.58056640625 0.447265625 0.0419921875 0.0546875
0 0.68359375 0.44482421875 0.04296875 0.0498046875
0 0.7958984375 0.4375 0.041015625 0.056640625
0 0.75146484375 0.578125 0.0419921875 0.052734375
0 0.56787109375 0.56494140625 0.0478515625 0.0576171875
