0 0.5234375 0.163245356794 0.033203125 0.0215053763441
0 0.962890625 0.16715542522 0.037109375 0.0293255131965
0 0.4130859375 0.265395894428 0.041015625 0.0439882697947
0 0.529296875 0.286412512219 0.03515625 0.0449657869013
0 0.619140625 0.308406647116 0.03125 0.0439882697947
0 0.67626953125 0.294721407625 0.0322265625 0.0342130987292
0 0.763671875 0.281524926686 0.03125 0.0410557184751
0 0.84423828125 0.257086999022 0.0341796875 0.0430107526882
0 0.9736328125 0.324535679374 0.03125 0.0410557184751
0 0.95556640625 0.458455522972 0.0322265625 0.0371456500489
0 0.85986328125 0.497556207234 0.0283203125 0.0430107526882
0 0.78564453125 0.437927663734 0.0380859375 0.0449657869013
0 0.669921875 0.435972629521 0.03515625 0.0508308895406
0 0.5908203125 0.474095796676 0.03125 0.0351906158358
0 0.498046875 0.462365591398 0.037109375 0.0527859237537
0 0.03662109375 0.285923753666 0.0380859375 0.0478983382209
0 0.130859375 0.302541544477 0.03125 0.049853372434
0 0.22900390625 0.268328445748 0.0380859375 0.0478983382209
0 0.318359375 0.279569892473 0.033203125 0.0430107526882
0 0.400390625 0.483382209189 0.03515625 0.0420332355816
0 0.283203125 0.44623655914 0.041015625 0.0518084066471
0 0.16552734375 0.442815249267 0.0361328125 0.0449657869013
0 0.0771484375 0.462854349951 0.03515625 0.0361681329423
0 0.0810546875 0.670576735093 0.037109375 0.039100684262
0 0.15771484375 0.615347018573 0.0380859375 0.0615835777126
0 0.26611328125 0.672043010753 0.0400390625 0.0596285434995
0 0.3583984375 0.616813294233 0.041015625 0.0469208211144
0 0.40625 0.693548387097 0.03515625 0.049853372434
0 0.53466796875 0.658357771261 0.0400390625 0.0518084066471
0 0.66455078125 0.643695014663 0.0361328125 0.0576735092864
0 0.775390625 0.667644183773 0.033203125 0.0547409579668
0 0.85986328125 0.688172043011 0.0322265625 0.0508308895406
0 0.94921875 0.637829912023 0.033203125 0.0459433040078
