0 0.62890625 0.52734375 0.044921875 0.0546875
0 0.58642578125 0.72509765625 0.0341796875 0.0419921875
0 0.65478515625 0.708984375 0.0322265625 0.037109375
0 0.49462890625 0.37890625 0.0830078125 0.087890625
0 0.19482421875 0.60205078125 0.0361328125 0.0341796875
0 0.05322265625 0.47412109375 0.0224609375 0.0205078125
0 0.27392578125 0.412109375 0.0224609375 0.03515625
0 0.3017578125 0.330078125 0.0234375 0.0234375
0 0.3583984375 0.39013671875 0.025390625 0.0263671875
0 0.4189453125 0.34130859375 0.01953125 0.0263671875
0 0.4580078125 0.4189453125 0.0234375 0.03125
0 0.75830078125 0.517578125 0.0400390625 0.044921875
