0 0.97509765625 0.461388074291 0.0205078125 0.0215053763441
0 0.984375 0.493646138807 0.02734375 0.0293255131965
0 0.91455078125 0.487781036168 0.0283203125 0.0312805474096
0 0.8349609375 0.498044965787 0.021484375 0.0224828934506
0 0.70068359375 0.464320625611 0.0205078125 0.0234604105572
0 0.77392578125 0.571847507331 0.0322265625 0.0449657869013
0 0.564453125 0.52394916911 0.025390625 0.0254154447703
0 0.49267578125 0.554252199413 0.0244140625 0.0273704789834
0 0.4169921875 0.565493646139 0.02734375 0.0342130987292
0 0.37060546875 0.562072336266 0.0244140625 0.0293255131965
0 0.17919921875 0.656402737048 0.0810546875 0.0811339198436
0 0.3115234375 0.629521016618 0.048828125 0.0606060606061
0 0.4580078125 0.30742913001 0.01953125 0.0224828934506
