0 0.65771484375 0.303519061584 0.0244140625 0.0283479960899
0 0.859375 0.63734115347 0.041015625 0.0508308895406
0 0.6015625 0.410068426197 0.01953125 0.0244379276637
0 0.97412109375 0.50146627566 0.0341796875 0.0371456500489
0 0.9736328125 0.439393939394 0.0390625 0.0381231671554
0 0.86474609375 0.52688172043 0.0439453125 0.0371456500489
0 0.92724609375 0.50146627566 0.0439453125 0.0410557184751
0 0.86279296875 0.442815249267 0.0400390625 0.0351906158358
0 0.84130859375 0.501955034213 0.0419921875 0.0381231671554
0 0.80078125 0.537634408602 0.041015625 0.0371456500489
0 0.765625 0.6119257087 0.041015625 0.0469208211144
0 0.73388671875 0.679374389052 0.0478515625 0.0469208211144
0 0.705078125 0.63880742913 0.056640625 0.0518084066471
0 0.68603515625 0.658846529814 0.0419921875 0.0449657869013
0 0.71875 0.598729227761 0.0546875 0.0400782013685
0 0.7822265625 0.499511241447 0.041015625 0.0449657869013
0 0.77490234375 0.533235581623 0.0380859375 0.0400782013685
0 0.76611328125 0.478005865103 0.0380859375 0.0410557184751
0 0.78173828125 0.44330400782 0.0380859375 0.0381231671554
0 0.7294921875 0.453567937439 0.0390625 0.0410557184751
0 0.57763671875 0.739002932551 0.0576171875 0.0606060606061
0 0.5361328125 0.760508308895 0.052734375 0.0488758553275
0 0.4951171875 0.759530791789 0.060546875 0.0488758553275
0 0.4453125 0.794232649071 0.021484375 0.030303030303
0 0.4541015625 0.811339198436 0.0234375 0.0254154447703
0 0.50146484375 0.660801564027 0.0517578125 0.0547409579668
0 0.64306640625 0.605571847507 0.0400390625 0.0420332355816
0 0.6259765625 0.569892473118 0.04296875 0.039100684262
0 0.5322265625 0.604105571848 0.0546875 0.0547409579668
0 0.7119140625 0.517106549365 0.037109375 0.0488758553275
0 0.6884765625 0.508308895406 0.041015625 0.0449657869013
0 0.650390625 0.483382209189 0.0390625 0.0478983382209
0 0.65673828125 0.452101661779 0.0341796875 0.0381231671554
0 0.62255859375 0.431573802542 0.0341796875 0.0322580645161
0 0.6240234375 0.465786901271 0.046875 0.0420332355816
0 0.56005859375 0.557673509286 0.0380859375 0.0478983382209
0 0.57177734375 0.637829912023 0.0439453125 0.0615835777126
0 0.52978515625 0.431085043988 0.0263671875 0.0234604105572
0 0.49609375 0.438905180841 0.04296875 0.0351906158358
0 0.48095703125 0.496089931574 0.0419921875 0.0478983382209
0 0.4853515625 0.574780058651 0.0390625 0.0488758553275
0 0.43798828125 0.601661779081 0.0478515625 0.0478983382209
0 0.38232421875 0.675953079179 0.0556640625 0.049853372434
0 0.322265625 0.751221896383 0.056640625 0.0557184750733
0 0.28955078125 0.728250244379 0.0517578125 0.0547409579668
0 0.283203125 0.6642228739 0.0390625 0.0478983382209
0 0.34814453125 0.582600195503 0.0556640625 0.0469208211144
0 0.41552734375 0.543499511241 0.0400390625 0.0449657869013
0 0.3798828125 0.497556207234 0.03515625 0.039100684262
0 0.462890625 0.433040078201 0.03515625 0.0371456500489
0 0.39990234375 0.442815249267 0.0419921875 0.0332355816227
0 0.25537109375 0.726295210166 0.0458984375 0.0488758553275
0 0.169921875 0.732160312805 0.052734375 0.0527859237537
0 0.11767578125 0.734115347019 0.0361328125 0.0469208211144
0 0.10009765625 0.715542521994 0.0458984375 0.0430107526882
0 0.23486328125 0.609970674487 0.0380859375 0.0527859237537
0 0.1884765625 0.563049853372 0.033203125 0.039100684262
0 0.29638671875 0.488269794721 0.0439453125 0.0381231671554
0 0.36376953125 0.415933528837 0.0380859375 0.0342130987292
0 0.2802734375 0.437927663734 0.03125 0.0371456500489
0 0.09912109375 0.641251221896 0.0419921875 0.0430107526882
0 0.03271484375 0.689638318671 0.0498046875 0.049853372434
0 0.0390625 0.634897360704 0.03125 0.0342130987292
0 0.12451171875 0.532258064516 0.0517578125 0.0361681329423
0 0.15966796875 0.499022482893 0.0322265625 0.0342130987292
0 0.15087890625 0.484848484848 0.0341796875 0.0312805474096
0 0.10693359375 0.505865102639 0.0380859375 0.0381231671554
0 0.17822265625 0.425708699902 0.0400390625 0.0381231671554
0 0.22021484375 0.447214076246 0.0322265625 0.0400782013685
0 0.048828125 0.509775171065 0.025390625 0.0283479960899
0 0.0205078125 0.442815249267 0.029296875 0.039100684262
0 0.11474609375 0.441348973607 0.0283203125 0.0342130987292
0 0.96044921875 0.38954056696 0.0439453125 0.0342130987292
0 0.93359375 0.36412512219 0.02734375 0.030303030303
0 0.8759765625 0.395894428152 0.02734375 0.0312805474096
0 0.90283203125 0.357282502444 0.0263671875 0.0263929618768
0 0.89306640625 0.350439882698 0.0205078125 0.0224828934506
0 0.9462890625 0.269794721408 0.01953125 0.0215053763441
0 0.802734375 0.320136852395 0.029296875 0.030303030303
0 0.7978515625 0.410068426197 0.03125 0.030303030303
0 0.7529296875 0.392961876833 0.03125 0.0332355816227
0 0.66552734375 0.418866080156 0.0283203125 0.0342130987292
0 0.6611328125 0.448191593353 0.03125 0.0322580645161
0 0.69921875 0.384164222874 0.033203125 0.0312805474096
0 0.654296875 0.383186705767 0.025390625 0.0215053763441
0 0.66357421875 0.356793743891 0.0224609375 0.0273704789834
0 0.77099609375 0.328934506354 0.0224609375 0.0205278592375
0 0.86572265625 0.278592375367 0.0205078125 0.0273704789834
0 0.84375 0.267839687195 0.0234375 0.0215053763441
0 0.6796875 0.315738025415 0.01953125 0.019550342131
0 0.681640625 0.258064516129 0.021484375 0.0234604105572
0 0.5703125 0.395405669599 0.029296875 0.0283479960899
0 0.5927734375 0.376344086022 0.03125 0.0312805474096
0 0.56201171875 0.363636363636 0.0302734375 0.0273704789834
0 0.59765625 0.340664711632 0.025390625 0.0283479960899
0 0.6220703125 0.321603128055 0.025390625 0.0293255131965
0 0.55126953125 0.330400782014 0.0283203125 0.0273704789834
0 0.576171875 0.316226783969 0.021484375 0.0263929618768
0 0.5419921875 0.316715542522 0.025390625 0.0293255131965
0 0.55224609375 0.289833822092 0.0224609375 0.0263929618768
0 0.63037109375 0.290811339198 0.0205078125 0.0224828934506
0 0.60498046875 0.27468230694 0.0205078125 0.0234604105572
0 0.53515625 0.291300097752 0.01953125 0.0234604105572
0 0.490234375 0.315249266862 0.03125 0.030303030303
0 0.49658203125 0.396383186706 0.0341796875 0.0322580645161
0 0.51953125 0.357771260997 0.033203125 0.0332355816227
0 0.50830078125 0.360703812317 0.0263671875 0.0293255131965
0 0.49853515625 0.364613880743 0.0244140625 0.0273704789834
0 0.46240234375 0.204301075269 0.0244140625 0.0234604105572
0 0.4462890625 0.415444770283 0.029296875 0.0312805474096
0 0.42529296875 0.413978494624 0.0263671875 0.030303030303
0 0.4287109375 0.384652981427 0.021484375 0.030303030303
0 0.447265625 0.374877810362 0.02734375 0.0263929618768
0 0.35107421875 0.35826001955 0.0302734375 0.0342130987292
0 0.2763671875 0.395894428152 0.02734375 0.0293255131965
0 0.23876953125 0.408602150538 0.0322265625 0.0332355816227
0 0.1796875 0.396871945259 0.03515625 0.039100684262
0 0.2587890625 0.350928641251 0.03125 0.0332355816227
0 0.3798828125 0.35972629521 0.02734375 0.0273704789834
0 0.43115234375 0.311339198436 0.0224609375 0.030303030303
0 0.38916015625 0.326001955034 0.0263671875 0.0263929618768
0 0.36376953125 0.321114369501 0.0244140625 0.0244379276637
0 0.3388671875 0.342619745846 0.02734375 0.0224828934506
0 0.337890625 0.334799608993 0.025390625 0.030303030303
0 0.326171875 0.309872922776 0.02734375 0.0273704789834
0 0.35888671875 0.296676441838 0.0263671875 0.0244379276637
0 0.39453125 0.289345063539 0.01953125 0.0254154447703
0 0.36767578125 0.272238514174 0.0224609375 0.0244379276637
0 0.3837890625 0.272238514174 0.01953125 0.0244379276637
0 0.37109375 0.242424242424 0.0234375 0.0234604105572
0 0.28369140625 0.273216031281 0.0205078125 0.0205278592375
0 0.2568359375 0.327956989247 0.0234375 0.0224828934506
0 0.24755859375 0.30156402737 0.0244140625 0.0263929618768
0 0.294921875 0.209188660802 0.01953125 0.019550342131
0 0.126953125 0.401270772239 0.02734375 0.030303030303
0 0.11376953125 0.387585532747 0.0263671875 0.030303030303
0 0.17041015625 0.346041055718 0.0224609375 0.0273704789834
0 0.1630859375 0.375366568915 0.021484375 0.0273704789834
0 0.09130859375 0.302541544477 0.0302734375 0.0283479960899
0 0.15380859375 0.273216031281 0.0224609375 0.0283479960899
0 0.0107421875 0.321603128055 0.021484375 0.0215053763441
0 0.12548828125 0.261974584555 0.0224609375 0.0273704789834
0 0.4072265625 0.39247311828 0.021484375 0.030303030303
0 0.259765625 0.374877810362 0.03515625 0.0342130987292
0 0.62890625 0.700879765396 0.052734375 0.0527859237537
0 0.9501953125 0.807917888563 0.04296875 0.0518084066471
0 0.91845703125 0.778592375367 0.0517578125 0.049853372434
0 0.837890625 0.805474095797 0.060546875 0.0508308895406
0 0.78271484375 0.779569892473 0.0537109375 0.0537634408602
0 0.80419921875 0.715542521994 0.0498046875 0.0430107526882
0 0.96533203125 0.713098729228 0.0361328125 0.0381231671554
0 0.9853515625 0.546920821114 0.025390625 0.030303030303
0 0.96337890625 0.674486803519 0.0419921875 0.0508308895406
0 0.8974609375 0.469696969697 0.025390625 0.0361681329423
