0 0.5087890625 0.370478983382 0.0546875 0.0684261974585
0 0.5859375 0.322091886608 0.052734375 0.0674486803519
0 0.51123046875 0.251710654936 0.0498046875 0.0576735092864
0 0.63232421875 0.258064516129 0.0400390625 0.0566959921799
0 0.62255859375 0.27468230694 0.0361328125 0.039100684262
0 0.5751953125 0.252688172043 0.033203125 0.0361681329423
0 0.6865234375 0.264907135875 0.029296875 0.0410557184751
0 0.70751953125 0.254154447703 0.0283203125 0.0312805474096
0 0.72412109375 0.236070381232 0.0263671875 0.030303030303
0 0.73095703125 0.214076246334 0.0205078125 0.0234604105572
0 0.76953125 0.208211143695 0.025390625 0.0254154447703
0 0.80859375 0.250244379277 0.01953125 0.0234604105572
0 0.85888671875 0.220430107527 0.0224609375 0.0263929618768
0 0.93310546875 0.21945259042 0.0224609375 0.0205278592375
0 0.98681640625 0.19257086999 0.0263671875 0.0312805474096
0 0.05859375 0.521505376344 0.11328125 0.14173998045
0 0.25146484375 0.351417399804 0.1005859375 0.139784946237
0 0.509765625 0.422776148583 0.072265625 0.0909090909091
0 0.31689453125 0.294721407625 0.0751953125 0.114369501466
