0 0.233006535948 0.350980392157 0.0228758169935 0.0339869281046
0 0.738888888889 0.16862745098 0.0581699346405 0.0614379084967
0 0.562418300654 0.166339869281 0.0738562091503 0.0790849673203
0 0.359477124183 0.393790849673 0.0274509803922 0.0241830065359
0 0.366013071895 0.338562091503 0.0287581699346 0.0313725490196
0 0.436928104575 0.306862745098 0.0202614379085 0.0241830065359
0 0.449673202614 0.311437908497 0.0130718954248 0.0176470588235
0 0.407843137255 0.314052287582 0.0130718954248 0.0176470588235
0 0.377124183007 0.311764705882 0.0156862745098 0.0196078431373
0 0.346078431373 0.309803921569 0.016339869281 0.0222222222222
0 0.234967320261 0.380718954248 0.0294117647059 0.0372549019608
0 0.291830065359 0.348366013072 0.018954248366 0.0183006535948
0 0.296732026144 0.323202614379 0.0130718954248 0.016339869281
0 0.309477124183 0.311111111111 0.0150326797386 0.0143790849673
0 0.296078431373 0.310130718954 0.0156862745098 0.016339869281
0 0.28137254902 0.318954248366 0.0228758169935 0.0222222222222
0 0.202287581699 0.343464052288 0.0202614379085 0.0228758169935
0 0.185620915033 0.266013071895 0.0156862745098 0.0183006535948
0 0.251307189542 0.340196078431 0.0241830065359 0.0254901960784
0 0.249346405229 0.312091503268 0.0176470588235 0.0150326797386
0 0.275816993464 0.301960784314 0.0130718954248 0.0143790849673
