0 0.94775390625 0.51220703125 0.1044921875 0.1708984375
0 0.88916015625 0.41015625 0.0556640625 0.05859375
0 0.77685546875 0.35400390625 0.0654296875 0.0927734375
0 0.72998046875 0.3046875 0.1162109375 0.154296875
0 0.591796875 0.35791015625 0.068359375 0.0791015625
0 0.65673828125 0.3369140625 0.0244140625 0.0234375
0 0.54736328125 0.36181640625 0.0322265625 0.0478515625
0 0.53515625 0.3330078125 0.029296875 0.037109375
0 0.49365234375 0.3828125 0.0498046875 0.0546875
0 0.40966796875 0.35498046875 0.0419921875 0.0634765625
0 0.42919921875 0.36669921875 0.0361328125 0.0537109375
0 0.36767578125 0.36669921875 0.0537109375 0.0791015625
0 0.29638671875 0.373046875 0.0908203125 0.11328125
0 0.2255859375 0.3896484375 0.056640625 0.0625
0 0.11083984375 0.357421875 0.0927734375 0.099609375
0 0.06103515625 0.39453125 0.0615234375 0.0625
0 0.15576171875 0.34033203125 0.0224609375 0.0341796875
0 0.24609375 0.34375 0.044921875 0.052734375
0 0.017578125 0.365234375 0.029296875 0.037109375
0 0.84130859375 0.39453125 0.0263671875 0.03515625
