0 0.451171875 0.5087890625 0.046875 0.05078125
0 0.34912109375 0.3955078125 0.0517578125 0.052734375
0 0.4169921875 0.3681640625 0.04296875 0.056640625
0 0.32470703125 0.53076171875 0.0478515625 0.0615234375
0 0.3125 0.48486328125 0.046875 0.0400390625
0 0.1787109375 0.45068359375 0.03515625 0.0537109375
0 0.056640625 0.380859375 0.037109375 0.056640625
0 0.15234375 0.54833984375 0.033203125 0.0556640625
0 0.04248046875 0.50439453125 0.0400390625 0.0439453125
0 0.94140625 0.39599609375 0.05078125 0.0517578125
0 0.96923828125 0.45166015625 0.0400390625 0.0537109375
0 0.89111328125 0.55615234375 0.0419921875 0.0556640625
0 0.78125 0.55859375 0.033203125 0.052734375
0 0.61865234375 0.42041015625 0.0322265625 0.0458984375
0 0.791015625 0.30712890625 0.048828125 0.0576171875
0 0.62158203125 0.2119140625 0.0400390625 0.05859375
0 0.5185546875 0.42333984375 0.046875 0.0537109375
0 0.5224609375 0.373046875 0.05078125 0.052734375
0 0.439453125 0.212890625 0.046875 0.05078125
0 0.3828125 0.29541015625 0.041015625 0.0361328125
0 0.2470703125 0.26708984375 0.044921875 0.0458984375
0 0.1220703125 0.2998046875 0.044921875 0.0546875
0 0.08251953125 0.2705078125 0.0439453125 0.05078125
0 0.16650390625 0.4072265625 0.0576171875 0.060546875
0 0.60107421875 0.27001953125 0.0498046875 0.0556640625
0 0.73388671875 0.6376953125 0.0380859375 0.060546875
0 0.74365234375 0.7041015625 0.0244140625 0.0546875
0 0.546875 0.59521484375 0.0390625 0.0537109375
0 0.857421875 0.63330078125 0.0390625 0.0517578125
0 0.72998046875 0.505859375 0.0419921875 0.056640625
0 0.95703125 0.61865234375 0.03515625 0.0537109375
0 0.859375 0.49560546875 0.04296875 0.0595703125
0 0.970703125 0.29736328125 0.046875 0.0595703125
0 0.88525390625 0.203125 0.0361328125 0.0546875
0 0.77197265625 0.23828125 0.0322265625 0.0390625
0 0.90234375 0.34912109375 0.037109375 0.0400390625
0 0.8447265625 0.29248046875 0.037109375 0.0380859375
