0 0.93359375 0.535679374389 0.03125 0.0410557184751
0 0.90869140625 0.480449657869 0.0263671875 0.0224828934506
0 0.958984375 0.618768328446 0.048828125 0.0840664711632
0 0.96826171875 0.551808406647 0.0263671875 0.0439882697947
0 0.83056640625 0.57917888563 0.0244140625 0.0263929618768
0 0.7734375 0.557184750733 0.033203125 0.0527859237537
0 0.7021484375 0.562561094819 0.048828125 0.0537634408602
0 0.77978515625 0.52834799609 0.0302734375 0.0381231671554
0 0.458984375 0.490713587488 0.021484375 0.0234604105572
0 0.39208984375 0.501955034213 0.0263671875 0.0244379276637
0 0.431640625 0.561583577713 0.03125 0.0342130987292
0 0.24658203125 0.544477028348 0.0302734375 0.0312805474096
0 0.16015625 0.545943304008 0.01953125 0.0420332355816
0 0.3662109375 0.480449657869 0.025390625 0.0283479960899
0 0.4755859375 0.544965786901 0.029296875 0.0381231671554
0 0.01220703125 0.52981427175 0.0244140625 0.0703812316716
0 0.87646484375 0.514662756598 0.0205078125 0.0244379276637
0 0.9443359375 0.802052785924 0.109375 0.0635386119257
