0 0.6787109375 0.245845552297 0.041015625 0.0615835777126
0 0.60595703125 0.245845552297 0.0380859375 0.049853372434
0 0.54150390625 0.234604105572 0.0341796875 0.0449657869013
0 0.47216796875 0.234604105572 0.0498046875 0.0566959921799
0 0.4013671875 0.230694037146 0.037109375 0.0469208211144
0 0.34130859375 0.226295210166 0.0361328125 0.0478983382209
0 0.2783203125 0.22531769306 0.037109375 0.0478983382209
0 0.21142578125 0.231671554252 0.0478515625 0.058651026393
0 0.1376953125 0.233626588465 0.041015625 0.0449657869013
0 0.06884765625 0.230205278592 0.0361328125 0.0478983382209
0 0.009765625 0.217008797654 0.01953125 0.0508308895406
0 0.96826171875 0.432062561095 0.0341796875 0.0449657869013
0 0.92529296875 0.4403714565 0.0361328125 0.0400782013685
0 0.86279296875 0.44183773216 0.0361328125 0.0371456500489
0 0.76123046875 0.415933528837 0.0380859375 0.0420332355816
0 0.6865234375 0.423753665689 0.0390625 0.0381231671554
0 0.56640625 0.565004887586 0.037109375 0.0410557184751
0 0.5693359375 0.478983382209 0.029296875 0.0410557184751
0 0.52587890625 0.4477028348 0.0341796875 0.0430107526882
0 0.45361328125 0.454056695992 0.0302734375 0.0420332355816
0 0.42919921875 0.448680351906 0.0302734375 0.0312805474096
0 0.34423828125 0.424731182796 0.0380859375 0.0459433040078
0 0.26416015625 0.416911045943 0.0400390625 0.0459433040078
0 0.29248046875 0.438416422287 0.0283203125 0.0361681329423
0 0.1767578125 0.41788856305 0.0390625 0.0459433040078
0 0.19921875 0.426686217009 0.033203125 0.0361681329423
0 0.06298828125 0.383186705767 0.0458984375 0.0449657869013
0 0.82421875 0.41495601173 0.2265625 0.307917888563
