0 0.87158203125 0.475073313783 0.0966796875 0.111436950147
0 0.798828125 0.453079178886 0.056640625 0.0615835777126
0 0.69873046875 0.527370478983 0.0458984375 0.0459433040078
0 0.68212890625 0.746823069404 0.0615234375 0.0703812316716
0 0.60986328125 0.525904203324 0.0439453125 0.0508308895406
0 0.548828125 0.530791788856 0.052734375 0.0606060606061
0 0.4716796875 0.516617790811 0.03515625 0.0459433040078
0 0.44677734375 0.518084066471 0.0556640625 0.0625610948192
0 0.40380859375 0.519061583578 0.0341796875 0.039100684262
0 0.31494140625 0.539589442815 0.0693359375 0.0762463343109
0 0.208984375 0.594330400782 0.08203125 0.0957966764418
0 0.171875 0.52688172043 0.044921875 0.0508308895406
0 0.142578125 0.478494623656 0.046875 0.0557184750733
0 0.09912109375 0.514173998045 0.0712890625 0.0684261974585
