0 0.02197265625 0.595307917889 0.0419921875 0.0527859237537
0 0.18798828125 0.514173998045 0.0595703125 0.0664711632454
0 0.294921875 0.614369501466 0.05078125 0.0537634408602
0 0.44580078125 0.435972629521 0.0576171875 0.0625610948192
0 0.60791015625 0.50293255132 0.0556640625 0.0537634408602
0 0.748046875 0.673509286413 0.044921875 0.0469208211144
0 0.8388671875 0.473607038123 0.0546875 0.0635386119257
0 0.97705078125 0.459433040078 0.0458984375 0.226783968719
0 0.818359375 0.227761485826 0.07421875 0.0273704789834
0 0.4228515625 0.227272727273 0.064453125 0.0263929618768
0 0.224609375 0.231671554252 0.05859375 0.0351906158358
