0 0.9228515625 0.643695014663 0.05078125 0.0635386119257
0 0.0849609375 0.601661779081 0.029296875 0.0439882697947
0 0.16064453125 0.625610948192 0.0244140625 0.058651026393
0 0.24658203125 0.58651026393 0.0263671875 0.0410557184751
0 0.341796875 0.605083088954 0.029296875 0.0430107526882
0 0.3408203125 0.567937438905 0.0234375 0.0371456500489
0 0.376953125 0.585532746823 0.029296875 0.039100684262
0 0.4267578125 0.556207233627 0.01953125 0.0293255131965
0 0.44189453125 0.591397849462 0.0361328125 0.0469208211144
0 0.56787109375 0.617302052786 0.0341796875 0.0459433040078
0 0.513671875 0.596774193548 0.029296875 0.0439882697947
0 0.54736328125 0.568914956012 0.0283203125 0.0293255131965
0 0.68505859375 0.585532746823 0.0361328125 0.0547409579668
0 0.7158203125 0.562561094819 0.021484375 0.030303030303
0 0.7734375 0.58357771261 0.02734375 0.039100684262
0 0.81103515625 0.57917888563 0.0341796875 0.0459433040078
0 0.79443359375 0.547898338221 0.0224609375 0.0283479960899
0 0.8388671875 0.560606060606 0.025390625 0.0322580645161
0 0.88623046875 0.568426197458 0.0224609375 0.030303030303
0 0.9296875 0.58504398827 0.033203125 0.0478983382209
