0 0.04833984375 0.43115234375 0.0927734375 0.1162109375
0 0.0498046875 0.37890625 0.060546875 0.07421875
0 0.16845703125 0.37646484375 0.0595703125 0.0693359375
0 0.2373046875 0.39404296875 0.046875 0.0556640625
0 0.33056640625 0.38232421875 0.0654296875 0.0869140625
0 0.4130859375 0.3310546875 0.056640625 0.05859375
0 0.54736328125 0.37109375 0.0673828125 0.083984375
0 0.64697265625 0.37158203125 0.0556640625 0.0791015625
0 0.76171875 0.447265625 0.05859375 0.080078125
0 0.81591796875 0.44677734375 0.0478515625 0.0673828125
0 0.759765625 0.38037109375 0.046875 0.0556640625
0 0.8876953125 0.46142578125 0.06640625 0.1064453125
0 0.935546875 0.38720703125 0.0546875 0.0693359375
