0 0.86083984375 0.421875 0.0263671875 0.0234375
0 0.76416015625 0.40966796875 0.0244140625 0.0322265625
0 0.67578125 0.42919921875 0.02734375 0.0283203125
0 0.9365234375 0.46533203125 0.01953125 0.0224609375
0 0.65673828125 0.44091796875 0.0263671875 0.0283203125
0 0.5712890625 0.41796875 0.029296875 0.03515625
0 0.50390625 0.451171875 0.025390625 0.03515625
0 0.474609375 0.4375 0.01953125 0.02734375
0 0.4189453125 0.4619140625 0.02734375 0.03125
0 0.32275390625 0.46435546875 0.0244140625 0.0283203125
0 0.2939453125 0.455078125 0.021484375 0.0234375
0 0.23046875 0.4521484375 0.029296875 0.033203125
0 0.203125 0.453125 0.021484375 0.0234375
0 0.1357421875 0.4599609375 0.0234375 0.029296875
0 0.07373046875 0.4658203125 0.0205078125 0.0234375
0 0.04052734375 0.44921875 0.0283203125 0.033203125
