0 0.2607421875 0.340175953079 0.01953125 0.0254154447703
0 0.13623046875 0.436950146628 0.0205078125 0.019550342131
0 0.36669921875 0.244868035191 0.0224609375 0.0263929618768
0 0.43701171875 0.243401759531 0.0205078125 0.0273704789834
0 0.3681640625 0.427663734115 0.021484375 0.0244379276637
0 0.474609375 0.428152492669 0.0234375 0.0273704789834
0 0.5654296875 0.233626588465 0.0234375 0.0273704789834
0 0.64501953125 0.235092864125 0.0244140625 0.0263929618768
0 0.7236328125 0.232160312805 0.02734375 0.030303030303
0 0.5771484375 0.432062561095 0.0234375 0.0254154447703
0 0.677734375 0.435483870968 0.0234375 0.030303030303
0 0.4541015625 0.490713587488 0.03515625 0.0547409579668
0 0.54150390625 0.562561094819 0.0634765625 0.049853372434
