0 0.03076171875 0.4560546875 0.0244140625 0.025390625
0 0.0849609375 0.44482421875 0.021484375 0.0244140625
0 0.1279296875 0.44921875 0.01953125 0.02734375
0 0.158203125 0.4580078125 0.01953125 0.021484375
0 0.20947265625 0.44140625 0.0205078125 0.021484375
0 0.2763671875 0.43798828125 0.01953125 0.0205078125
0 0.419921875 0.43603515625 0.01953125 0.0205078125
0 0.51904296875 0.43212890625 0.0205078125 0.0205078125
0 0.6416015625 0.412109375 0.01953125 0.0234375
0 0.6962890625 0.43017578125 0.021484375 0.0263671875
0 0.75 0.42529296875 0.021484375 0.0302734375
0 0.84912109375 0.40185546875 0.0224609375 0.0361328125
0 0.89306640625 0.39208984375 0.0205078125 0.0302734375
0 0.91064453125 0.38818359375 0.0263671875 0.0322265625
0 0.95068359375 0.412109375 0.0244140625 0.03125
