0 0.953125 0.586021505376 0.048828125 0.0674486803519
0 0.71923828125 0.439393939394 0.0341796875 0.0381231671554
0 0.84423828125 0.617790811339 0.0478515625 0.0606060606061
0 0.8828125 0.793743890518 0.05859375 0.0723362658847
0 0.6728515625 0.785434995112 0.0625 0.0733137829912
0 0.7724609375 0.630987292278 0.041015625 0.0459433040078
0 0.76220703125 0.588465298143 0.0380859375 0.0469208211144
0 0.73583984375 0.601661779081 0.0322265625 0.0537634408602
0 0.59765625 0.606549364614 0.041015625 0.0557184750733
0 0.6220703125 0.582600195503 0.033203125 0.0469208211144
0 0.5048828125 0.814760508309 0.078125 0.0400782013685
0 0.5537109375 0.798142717498 0.052734375 0.069403714565
0 0.4951171875 0.764418377322 0.06640625 0.0664711632454
0 0.45751953125 0.770772238514 0.0576171875 0.0752688172043
0 0.41552734375 0.733137829912 0.0556640625 0.0684261974585
0 0.4951171875 0.584066471163 0.060546875 0.0635386119257
0 0.52294921875 0.570869990225 0.0380859375 0.0488758553275
0 0.43359375 0.589442815249 0.037109375 0.0488758553275
0 0.455078125 0.586999022483 0.025390625 0.0459433040078
0 0.3486328125 0.584555229717 0.04296875 0.0469208211144
0 0.3115234375 0.811339198436 0.09765625 0.0469208211144
0 0.21826171875 0.803519061584 0.0751953125 0.0625610948192
0 0.0419921875 0.805474095797 0.064453125 0.058651026393
0 0.20703125 0.570869990225 0.052734375 0.058651026393
0 0.29296875 0.589931573803 0.037109375 0.0420332355816
0 0.333984375 0.589442815249 0.037109375 0.0410557184751
0 0.12744140625 0.58504398827 0.0458984375 0.0478983382209
0 0.044921875 0.612903225806 0.037109375 0.039100684262
0 0.08154296875 0.586999022483 0.0458984375 0.0439882697947
0 0.013671875 0.571847507331 0.02734375 0.0430107526882
0 0.015625 0.543010752688 0.03125 0.0420332355816
