0 0.258138020833 0.8046875 0.0149739583333 0.0169270833333
0 0.2451171875 0.79296875 0.013671875 0.0169270833333
0 0.263346354167 0.790690104167 0.0201822916667 0.0240885416667
0 0.2861328125 0.795572916667 0.0149739583333 0.0208333333333
0 0.302734375 0.796549479167 0.015625 0.017578125
0 0.217447916667 0.783203125 0.0169270833333 0.0169270833333
0 0.1953125 0.798177083333 0.0169270833333 0.0169270833333
0 0.195638020833 0.771809895833 0.0188802083333 0.0188802083333
0 0.21875 0.76953125 0.0182291666667 0.0208333333333
0 0.236653645833 0.756510416667 0.0201822916667 0.0234375
0 0.250651041667 0.772135416667 0.0143229166667 0.015625
0 0.27734375 0.775390625 0.015625 0.0169270833333
0 0.2919921875 0.767252604167 0.0201822916667 0.021484375
0 0.3046875 0.757161458333 0.0143229166667 0.0182291666667
0 0.269856770833 0.747395833333 0.0149739583333 0.01953125
0 0.250651041667 0.7421875 0.0169270833333 0.01953125
0 0.197265625 0.754557291667 0.015625 0.0208333333333
0 0.2177734375 0.748697916667 0.017578125 0.0208333333333
0 0.206705729167 0.732747395833 0.0149739583333 0.0149739583333
0 0.186848958333 0.69140625 0.015625 0.0169270833333
0 0.213541666667 0.703450520833 0.0182291666667 0.021484375
0 0.226888020833 0.7041015625 0.013671875 0.021484375
0 0.248046875 0.718424479167 0.0169270833333 0.021484375
0 0.261393229167 0.720052083333 0.0162760416667 0.0221354166667
0 0.283203125 0.729166666667 0.0130208333333 0.0130208333333
0 0.2958984375 0.735677083333 0.0188802083333 0.01953125
0 0.31640625 0.7314453125 0.0169270833333 0.0149739583333
0 0.3310546875 0.748372395833 0.0149739583333 0.021484375
0 0.303385416667 0.72265625 0.0130208333333 0.0130208333333
0 0.321940104167 0.710611979167 0.0162760416667 0.021484375
0 0.298502604167 0.70703125 0.017578125 0.0208333333333
0 0.2822265625 0.7109375 0.017578125 0.0208333333333
0 0.181640625 0.811848958333 0.0169270833333 0.0234375
0 0.1826171875 0.782877604167 0.0201822916667 0.0188802083333
0 0.179361979167 0.7158203125 0.017578125 0.0188802083333
0 0.174479166667 0.703125 0.0143229166667 0.01953125
0 0.2490234375 0.701171875 0.0149739583333 0.0143229166667
0 0.2841796875 0.692057291667 0.0149739583333 0.0182291666667
0 0.348958333333 0.69140625 0.0182291666667 0.0169270833333
0 0.2470703125 0.674479166667 0.013671875 0.015625
0 0.3115234375 0.669921875 0.013671875 0.0130208333333
0 0.375651041667 0.761067708333 0.0169270833333 0.0208333333333
0 0.4033203125 0.812174479167 0.0188802083333 0.0162760416667
0 0.404947916667 0.794921875 0.01953125 0.015625
0 0.397786458333 0.780924479167 0.0169270833333 0.021484375
0 0.430989583333 0.791666666667 0.0143229166667 0.0182291666667
0 0.421875 0.775390625 0.0169270833333 0.0208333333333
0 0.38671875 0.737630208333 0.0169270833333 0.0234375
0 0.404622395833 0.755208333333 0.017578125 0.01953125
0 0.40625 0.7392578125 0.015625 0.017578125
0 0.40625 0.72265625 0.015625 0.0169270833333
0 0.341471354167 0.677083333333 0.013671875 0.01953125
0 0.317057291667 0.642252604167 0.0130208333333 0.0149739583333
0 0.328125 0.6357421875 0.0143229166667 0.013671875
0 0.354817708333 0.675455729167 0.0169270833333 0.0162760416667
0 0.349283854167 0.646484375 0.0149739583333 0.0169270833333
0 0.363932291667 0.6611328125 0.0130208333333 0.0162760416667
0 0.373697916667 0.641927083333 0.0143229166667 0.0143229166667
0 0.3876953125 0.685221354167 0.013671875 0.017578125
0 0.3916015625 0.669596354167 0.013671875 0.0162760416667
0 0.259114583333 0.693359375 0.0143229166667 0.0143229166667
0 0.400390625 0.7021484375 0.0143229166667 0.017578125
0 0.4150390625 0.703450520833 0.017578125 0.0188802083333
0 0.448567708333 0.777018229167 0.0130208333333 0.0162760416667
0 0.474609375 0.777669270833 0.0169270833333 0.017578125
0 0.458658854167 0.764973958333 0.0149739583333 0.0182291666667
0 0.431640625 0.728190104167 0.0182291666667 0.0188802083333
0 0.4609375 0.718424479167 0.0130208333333 0.0149739583333
0 0.428385416667 0.705403645833 0.0130208333333 0.0162760416667
0 0.453450520833 0.711263020833 0.013671875 0.0162760416667
0 0.444661458333 0.705729166667 0.0130208333333 0.0130208333333
0 0.464192708333 0.6962890625 0.0130208333333 0.0162760416667
0 0.449544270833 0.6884765625 0.013671875 0.0162760416667
0 0.435546875 0.681640625 0.0130208333333 0.0169270833333
0 0.439453125 0.697265625 0.0130208333333 0.015625
0 0.472981770833 0.676432291667 0.0162760416667 0.015625
0 0.444986979167 0.653971354167 0.013671875 0.0162760416667
0 0.486328125 0.6650390625 0.0143229166667 0.0188802083333
0 0.491536458333 0.736002604167 0.0169270833333 0.0162760416667
0 0.494466145833 0.756510416667 0.0162760416667 0.0169270833333
0 0.509765625 0.7734375 0.0169270833333 0.0182291666667
0 0.515299479167 0.748046875 0.0162760416667 0.0143229166667
0 0.531575520833 0.744140625 0.013671875 0.0169270833333
0 0.543619791667 0.7578125 0.0221354166667 0.0208333333333
0 0.595377604167 0.760416666667 0.017578125 0.015625
0 0.652669270833 0.7822265625 0.017578125 0.017578125
0 0.578450520833 0.738606770833 0.0188802083333 0.0162760416667
0 0.622395833333 0.738606770833 0.0143229166667 0.0201822916667
0 0.647135416667 0.754557291667 0.0169270833333 0.0221354166667
0 0.70703125 0.744791666667 0.015625 0.0169270833333
0 0.681315104167 0.7265625 0.0188802083333 0.0221354166667
0 0.730143229167 0.733072916667 0.013671875 0.015625
0 0.748046875 0.75 0.0169270833333 0.0208333333333
0 0.795572916667 0.7783203125 0.0169270833333 0.017578125
0 0.820963541667 0.758463541667 0.0169270833333 0.0182291666667
0 0.792643229167 0.742513020833 0.0162760416667 0.0188802083333
0 0.783854166667 0.739908854167 0.015625 0.0162760416667
0 0.772135416667 0.732421875 0.015625 0.0169270833333
0 0.761393229167 0.722005208333 0.013671875 0.01953125
0 0.805338541667 0.73046875 0.0143229166667 0.0182291666667
0 0.818684895833 0.7294921875 0.013671875 0.0162760416667
0 0.78515625 0.713541666667 0.0143229166667 0.0169270833333
0 0.750325520833 0.714518229167 0.0149739583333 0.0162760416667
0 0.722005208333 0.717122395833 0.0130208333333 0.017578125
0 0.701822916667 0.721354166667 0.0143229166667 0.0182291666667
0 0.680989583333 0.7060546875 0.0143229166667 0.0162760416667
0 0.660481770833 0.706705729167 0.013671875 0.0149739583333
0 0.641927083333 0.712565104167 0.0143229166667 0.0162760416667
0 0.6318359375 0.721354166667 0.0149739583333 0.0182291666667
0 0.652669270833 0.729817708333 0.0149739583333 0.0221354166667
0 0.576171875 0.713216145833 0.015625 0.0149739583333
0 0.606770833333 0.723958333333 0.0143229166667 0.0169270833333
0 0.554036458333 0.711263020833 0.015625 0.0188802083333
0 0.5048828125 0.681640625 0.0149739583333 0.0143229166667
0 0.497395833333 0.630208333333 0.0143229166667 0.0169270833333
0 0.431315104167 0.656575520833 0.013671875 0.0149739583333
0 0.508463541667 0.65625 0.0130208333333 0.015625
0 0.542317708333 0.691080729167 0.0169270833333 0.0201822916667
0 0.556966145833 0.6865234375 0.0149739583333 0.0201822916667
0 0.5791015625 0.697591145833 0.013671875 0.0162760416667
0 0.604166666667 0.682942708333 0.0169270833333 0.0143229166667
0 0.632161458333 0.7001953125 0.0130208333333 0.0201822916667
0 0.626953125 0.6787109375 0.0169270833333 0.0149739583333
0 0.652018229167 0.686197916667 0.0149739583333 0.0182291666667
0 0.678385416667 0.6875 0.0130208333333 0.0169270833333
0 0.6982421875 0.689453125 0.0149739583333 0.0130208333333
0 0.723958333333 0.697916666667 0.0130208333333 0.0143229166667
0 0.7509765625 0.694661458333 0.0149739583333 0.0182291666667
0 0.7734375 0.693684895833 0.0169270833333 0.0201822916667
0 0.795247395833 0.695638020833 0.0149739583333 0.017578125
0 0.822265625 0.6875 0.0143229166667 0.0143229166667
0 0.8212890625 0.700520833333 0.0149739583333 0.01953125
0 0.802083333333 0.677408854167 0.0130208333333 0.0162760416667
0 0.767903645833 0.668294270833 0.013671875 0.013671875
0 0.812174479167 0.652018229167 0.0149739583333 0.0149739583333
0 0.761067708333 0.644205729167 0.0130208333333 0.013671875
0 0.7255859375 0.655924479167 0.013671875 0.0149739583333
0 0.7294921875 0.676432291667 0.013671875 0.0130208333333
0 0.717122395833 0.668619791667 0.013671875 0.0182291666667
0 0.703776041667 0.666666666667 0.0143229166667 0.0182291666667
0 0.6953125 0.6455078125 0.0130208333333 0.017578125
0 0.679361979167 0.671549479167 0.0162760416667 0.0149739583333
0 0.592447916667 0.671549479167 0.0130208333333 0.013671875
0 0.515625 0.692057291667 0.0143229166667 0.0169270833333
0 0.544270833333 0.64453125 0.0130208333333 0.0130208333333
0 0.747721354167 0.611979166667 0.0201822916667 0.0182291666667
0 0.817057291667 0.609700520833 0.0130208333333 0.0149739583333
0 0.5625 0.669270833333 0.0143229166667 0.0130208333333
0 0.544921875 0.4912109375 0.0143229166667 0.0162760416667
0 0.255859375 0.661458333333 0.0130208333333 0.0130208333333
0 0.826497395833 0.940104166667 0.013671875 0.0260416666667
0 0.173177083333 0.73828125 0.0130208333333 0.0169270833333
