0 0.62646484375 0.318181818182 0.0595703125 0.0928641251222
0 0.36962890625 0.261974584555 0.0615234375 0.099706744868
0 0.04248046875 0.58357771261 0.0205078125 0.0254154447703
0 0.1044921875 0.575268817204 0.021484375 0.0244379276637
0 0.0517578125 0.568426197458 0.021484375 0.0224828934506
0 0.1025390625 0.552785923754 0.01953125 0.0205278592375
0 0.42822265625 0.58651026393 0.0244140625 0.0234604105572
0 0.4072265625 0.599706744868 0.025390625 0.0283479960899
0 0.4833984375 0.566959921799 0.0234375 0.0273704789834
0 0.44140625 0.539100684262 0.0234375 0.0263929618768
0 0.56591796875 0.569892473118 0.0263671875 0.0293255131965
0 0.5966796875 0.537145650049 0.01953125 0.0224828934506
0 0.7646484375 0.510263929619 0.021484375 0.0254154447703
0 0.7529296875 0.571847507331 0.0234375 0.0293255131965
0 0.7783203125 0.58064516129 0.025390625 0.0254154447703
0 0.81103515625 0.582600195503 0.0205078125 0.0254154447703
0 0.83642578125 0.538123167155 0.0205078125 0.0205278592375
0 0.85595703125 0.587976539589 0.0341796875 0.030303030303
0 0.865234375 0.551808406647 0.02734375 0.0283479960899
0 0.8740234375 0.520039100684 0.021484375 0.0215053763441
0 0.89306640625 0.529325513196 0.0224609375 0.0244379276637
0 0.9130859375 0.587976539589 0.02734375 0.0244379276637
0 0.94921875 0.551319648094 0.021484375 0.0293255131965
0 0.9755859375 0.610948191593 0.025390625 0.0312805474096
0 0.98974609375 0.586999022483 0.0205078125 0.0283479960899
