0 0.236328125 0.57917888563 0.09375 0.0869990224829
0 0.4755859375 0.460899315738 0.08203125 0.100684261975
0 0.650390625 0.564027370479 0.0859375 0.0918866080156
0 0.89599609375 0.5596285435 0.0791015625 0.102639296188
0 0.84716796875 0.510263929619 0.0498046875 0.0508308895406
0 0.91748046875 0.484359726295 0.0341796875 0.0342130987292
0 0.33349609375 0.58651026393 0.0830078125 0.0918866080156
0 0.125 0.549364613881 0.06640625 0.0762463343109
0 0.0595703125 0.527859237537 0.044921875 0.039100684262
0 0.0205078125 0.651026392962 0.041015625 0.115347018573
0 0.0107421875 0.529325513196 0.021484375 0.0478983382209
0 0.5791015625 0.564027370479 0.03515625 0.0566959921799
0 0.841796875 0.436950146628 0.029296875 0.039100684262
0 0.36865234375 0.516617790811 0.0419921875 0.0557184750733
0 0.08642578125 0.616324535679 0.0537109375 0.0674486803519
