0 0.0166015625 0.625610948192 0.033203125 0.058651026393
0 0.08837890625 0.612903225806 0.0498046875 0.0684261974585
0 0.228515625 0.58211143695 0.0546875 0.0772238514174
0 0.03857421875 0.564516129032 0.0380859375 0.0361681329423
0 0.046875 0.511241446725 0.02734375 0.0254154447703
0 0.1240234375 0.543499511241 0.021484375 0.0273704789834
0 0.142578125 0.525904203324 0.021484375 0.019550342131
0 0.3037109375 0.521016617791 0.033203125 0.039100684262
0 0.4384765625 0.600195503421 0.041015625 0.0625610948192
0 0.341796875 0.534701857283 0.021484375 0.0273704789834
0 0.82275390625 0.546432062561 0.0419921875 0.0566959921799
0 0.7646484375 0.551319648094 0.033203125 0.039100684262
0 0.9287109375 0.518084066471 0.033203125 0.0351906158358
0 0.984375 0.517106549365 0.021484375 0.0273704789834
0 0.63916015625 0.487292277615 0.0244140625 0.0244379276637
0 0.6962890625 0.446725317693 0.01953125 0.0234604105572
0 0.919921875 0.508797653959 0.01953125 0.0263929618768
