0 0.74609375 0.45751953125 0.056640625 0.0732421875
0 0.67822265625 0.39208984375 0.0556640625 0.0732421875
0 0.7900390625 0.36669921875 0.021484375 0.0224609375
0 0.65771484375 0.3505859375 0.0224609375 0.03125
0 0.62841796875 0.34716796875 0.0205078125 0.0224609375
0 0.60595703125 0.38818359375 0.0439453125 0.0537109375
0 0.5478515625 0.3642578125 0.04296875 0.046875
0 0.28857421875 0.48828125 0.0400390625 0.05859375
0 0.44091796875 0.36328125 0.0224609375 0.021484375
0 0.4755859375 0.37548828125 0.037109375 0.0361328125
0 0.49169921875 0.33740234375 0.0205078125 0.0244140625
0 0.37890625 0.37060546875 0.03515625 0.0283203125
0 0.3916015625 0.32763671875 0.0234375 0.0263671875
0 0.24755859375 0.3583984375 0.0244140625 0.025390625
0 0.2890625 0.34228515625 0.03125 0.0322265625
0 0.2255859375 0.353515625 0.02734375 0.03125
0 0.19482421875 0.32568359375 0.0263671875 0.0302734375
0 0.115234375 0.3681640625 0.03515625 0.0390625
0 0.10302734375 0.328125 0.0302734375 0.03125
0 0.02685546875 0.36669921875 0.0361328125 0.0341796875
