0 0.11962890625 0.55029296875 0.0244140625 0.0302734375
0 0.189453125 0.5498046875 0.025390625 0.02734375
0 0.2744140625 0.5478515625 0.025390625 0.029296875
0 0.33447265625 0.5400390625 0.0283203125 0.033203125
0 0.58544921875 0.47802734375 0.0380859375 0.0458984375
0 0.41552734375 0.5576171875 0.0380859375 0.048828125
0 0.6181640625 0.564453125 0.033203125 0.044921875
0 0.6806640625 0.50830078125 0.044921875 0.0478515625
0 0.01123046875 0.72314453125 0.0205078125 0.0283203125
0 0.09228515625 0.72265625 0.0244140625 0.033203125
0 0.74853515625 0.72021484375 0.0224609375 0.0322265625
0 0.0712890625 0.3720703125 0.02734375 0.03125
0 0.1103515625 0.39697265625 0.021484375 0.0263671875
0 0.18505859375 0.37744140625 0.0283203125 0.0361328125
0 0.24072265625 0.37890625 0.0205078125 0.0234375
0 0.2998046875 0.4033203125 0.02734375 0.025390625
0 0.33740234375 0.421875 0.0205078125 0.021484375
0 0.36865234375 0.40625 0.0283203125 0.025390625
0 0.3291015625 0.3662109375 0.01953125 0.021484375
0 0.4365234375 0.36083984375 0.02734375 0.0283203125
0 0.41943359375 0.34765625 0.0205078125 0.021484375
0 0.1630859375 0.3701171875 0.01953125 0.02734375
0 0.80126953125 0.515625 0.0302734375 0.03515625
0 0.9482421875 0.525390625 0.052734375 0.06640625
0 0.890625 0.51123046875 0.029296875 0.0361328125
0 0.763671875 0.36962890625 0.029296875 0.0322265625
0 0.693359375 0.3876953125 0.025390625 0.029296875
0 0.73291015625 0.3798828125 0.0244140625 0.021484375
0 0.66748046875 0.39697265625 0.0205078125 0.0205078125
0 0.61962890625 0.40380859375 0.0283203125 0.0283203125
0 0.57470703125 0.365234375 0.0283203125 0.029296875
0 0.47998046875 0.37109375 0.0224609375 0.029296875
0 0.49462890625 0.35498046875 0.0224609375 0.0224609375
0 0.52294921875 0.35498046875 0.0224609375 0.0263671875
0 0.63232421875 0.3857421875 0.0224609375 0.025390625
0 0.67138671875 0.35595703125 0.0224609375 0.0263671875
0 0.814453125 0.3515625 0.02734375 0.02734375
0 0.8486328125 0.36474609375 0.029296875 0.0302734375
0 0.92822265625 0.39013671875 0.0224609375 0.0263671875
0 0.96875 0.3701171875 0.025390625 0.029296875
0 0.96240234375 0.328125 0.0205078125 0.02734375
0 0.72021484375 0.525390625 0.0283203125 0.04296875
0 0.0361328125 0.541015625 0.02734375 0.03515625
0 0.5048828125 0.5068359375 0.0234375 0.05078125
