0 0.87060546875 0.380859375 0.0888671875 0.095703125
0 0.9765625 0.36279296875 0.046875 0.1279296875
0 0.7998046875 0.3466796875 0.0703125 0.0703125
0 0.75048828125 0.36279296875 0.0517578125 0.0673828125
0 0.677734375 0.318359375 0.08984375 0.10546875
0 0.94677734375 0.37255859375 0.0517578125 0.0654296875
0 0.5546875 0.40087890625 0.1171875 0.1435546875
0 0.4306640625 0.36328125 0.103515625 0.12890625
0 0.38525390625 0.3837890625 0.0693359375 0.07421875
0 0.2861328125 0.3955078125 0.078125 0.0859375
0 0.32958984375 0.3583984375 0.0400390625 0.0390625
0 0.16650390625 0.33642578125 0.1357421875 0.1474609375
0 0.052734375 0.39111328125 0.068359375 0.0771484375
0 0.02490234375 0.4091796875 0.0498046875 0.087890625
0 0.732421875 0.30224609375 0.0234375 0.0263671875
