0 0.5 0.490713587488 0.044921875 0.0566959921799
0 0.2861328125 0.500488758553 0.025390625 0.0273704789834
0 0.3330078125 0.503421309873 0.021484375 0.0254154447703
0 0.376953125 0.429130009775 0.021484375 0.0234604105572
0 0.33251953125 0.424242424242 0.0224609375 0.0254154447703
0 0.28564453125 0.423264907136 0.0205078125 0.0215053763441
0 0.5 0.4403714565 0.01953125 0.0224828934506
0 0.654296875 0.4477028348 0.01953125 0.0234604105572
0 0.8544921875 0.586021505376 0.01953125 0.0224828934506
0 0.82080078125 0.588465298143 0.0205078125 0.0234604105572
0 0.787109375 0.586021505376 0.01953125 0.0244379276637
0 0.7490234375 0.586021505376 0.021484375 0.0244379276637
0 0.712890625 0.587487781036 0.01953125 0.0254154447703
0 0.67431640625 0.586999022483 0.0205078125 0.0224828934506
0 0.63623046875 0.58651026393 0.0224609375 0.0254154447703
0 0.5966796875 0.588954056696 0.0234375 0.0263929618768
0 0.607421875 0.666666666667 0.01953125 0.0273704789834
0 0.56591796875 0.667644183773 0.0244140625 0.0293255131965
0 0.5546875 0.588954056696 0.021484375 0.0263929618768
0 0.51416015625 0.584555229717 0.0205078125 0.0273704789834
0 0.61767578125 0.751710654936 0.0224609375 0.0293255131965
0 0.57421875 0.752688172043 0.025390625 0.0312805474096
0 0.5263671875 0.75219941349 0.025390625 0.0322580645161
0 0.48388671875 0.757575757576 0.0263671875 0.0312805474096
0 0.5205078125 0.666177908113 0.025390625 0.0283479960899
0 0.4775390625 0.667644183773 0.0234375 0.0254154447703
0 0.43017578125 0.67008797654 0.0244140625 0.0263929618768
0 0.43505859375 0.762463343109 0.0263671875 0.0273704789834
0 0.42626953125 0.583088954057 0.0244140625 0.0263929618768
0 0.47509765625 0.579667644184 0.0244140625 0.0273704789834
0 0.38134765625 0.579667644184 0.0244140625 0.0254154447703
0 0.38232421875 0.669110459433 0.0283203125 0.030303030303
0 0.384765625 0.767350928641 0.02734375 0.0293255131965
0 0.3330078125 0.768817204301 0.03125 0.0361681329423
0 0.2802734375 0.768328445748 0.03125 0.0332355816227
0 0.33251953125 0.671554252199 0.0302734375 0.0312805474096
0 0.28173828125 0.671065493646 0.0283203125 0.0322580645161
0 0.3330078125 0.583088954057 0.025390625 0.0283479960899
0 0.283203125 0.586021505376 0.0234375 0.030303030303
0 0.8740234375 0.657380254154 0.01953125 0.0224828934506
0 0.8369140625 0.658357771261 0.0234375 0.0244379276637
0 0.818359375 0.735581622678 0.01953125 0.0224828934506
0 0.783203125 0.740957966764 0.021484375 0.0273704789834
0 0.73876953125 0.744379276637 0.0224609375 0.0283479960899
0 0.7001953125 0.74633431085 0.021484375 0.0283479960899
0 0.65966796875 0.745845552297 0.0244140625 0.0312805474096
0 0.80078125 0.657380254154 0.01953125 0.0263929618768
0 0.765625 0.663245356794 0.021484375 0.0263929618768
0 0.7265625 0.660312805474 0.01953125 0.0224828934506
0 0.68603515625 0.662267839687 0.0205078125 0.0224828934506
0 0.6494140625 0.66275659824 0.021484375 0.0254154447703
0 0.08740234375 0.526392961877 0.0283203125 0.0283479960899
