0 0.91162109375 0.60009765625 0.0615234375 0.0751953125
0 0.78369140625 0.470703125 0.0556640625 0.064453125
0 0.6318359375 0.44287109375 0.048828125 0.0615234375
0 0.5390625 0.4521484375 0.05078125 0.052734375
0 0.5615234375 0.474609375 0.04296875 0.046875
0 0.45703125 0.451171875 0.052734375 0.0546875
0 0.3720703125 0.46923828125 0.052734375 0.0576171875
0 0.31640625 0.4501953125 0.05078125 0.052734375
0 0.22314453125 0.4892578125 0.0537109375 0.064453125
0 0.25 0.48876953125 0.041015625 0.0439453125
