0 0.49951171875 0.24609375 0.0244140625 0.025390625
0 0.7353515625 0.69873046875 0.0234375 0.0263671875
0 0.64306640625 0.69140625 0.0205078125 0.021484375
0 0.5859375 0.69091796875 0.03515625 0.0400390625
0 0.53466796875 0.68017578125 0.0244140625 0.0244140625
0 0.4755859375 0.8544921875 0.033203125 0.041015625
0 0.30419921875 0.8544921875 0.0458984375 0.041015625
0 0.28515625 0.76953125 0.03125 0.044921875
0 0.77978515625 0.69580078125 0.0224609375 0.0283203125
0 0.97119140625 0.82958984375 0.0419921875 0.0791015625
0 0.98828125 0.71728515625 0.0234375 0.0263671875
0 0.9501953125 0.69189453125 0.021484375 0.0322265625
0 0.4140625 0.67724609375 0.021484375 0.0205078125
