0 0.56005859375 0.2802734375 0.0419921875 0.0703125
0 0.8125 0.28857421875 0.060546875 0.0869140625
0 0.8154296875 0.671875 0.0625 0.080078125
0 0.7353515625 0.69873046875 0.07421875 0.0810546875
0 0.6884765625 0.7080078125 0.05078125 0.0625
0 0.64892578125 0.673828125 0.0400390625 0.064453125
0 0.6044921875 0.654296875 0.060546875 0.07421875
0 0.51806640625 0.6689453125 0.0517578125 0.0625
0 0.53076171875 0.64013671875 0.0556640625 0.0654296875
0 0.4501953125 0.67822265625 0.05859375 0.0712890625
0 0.4453125 0.640625 0.064453125 0.06640625
0 0.39111328125 0.67578125 0.0576171875 0.06640625
0 0.310546875 0.68359375 0.0546875 0.068359375
0 0.2412109375 0.69580078125 0.06640625 0.0712890625
0 0.02294921875 0.65087890625 0.0458984375 0.0712890625
0 0.06201171875 0.65087890625 0.0576171875 0.0615234375
0 0.8994140625 0.564453125 0.041015625 0.048828125
