0 0.12451171875 0.45458984375 0.0302734375 0.0400390625
0 0.25 0.4189453125 0.0234375 0.02734375
0 0.3359375 0.4189453125 0.0234375 0.02734375
0 0.2568359375 0.46435546875 0.025390625 0.0302734375
0 0.376953125 0.44775390625 0.029296875 0.0380859375
0 0.4384765625 0.4140625 0.021484375 0.029296875
0 0.53271484375 0.412109375 0.0205078125 0.02734375
0 0.50341796875 0.453125 0.0283203125 0.0390625
0 0.630859375 0.40478515625 0.01953125 0.0263671875
0 0.6435546875 0.44873046875 0.029296875 0.0419921875
0 0.7138671875 0.41259765625 0.021484375 0.0224609375
0 0.76806640625 0.45361328125 0.0283203125 0.0361328125
0 0.7939453125 0.427734375 0.021484375 0.021484375
0 0.89794921875 0.45556640625 0.0283203125 0.0361328125
