0 0.23828125 0.37939453125 0.029296875 0.0380859375
0 0.3173828125 0.34521484375 0.01953125 0.0283203125
0 0.37353515625 0.3896484375 0.0283203125 0.02734375
0 0.41796875 0.40478515625 0.025390625 0.0478515625
0 0.42919921875 0.353515625 0.0263671875 0.033203125
0 0.49169921875 0.40185546875 0.0283203125 0.0322265625
0 0.52587890625 0.3583984375 0.0263671875 0.025390625
0 0.59326171875 0.3857421875 0.0283203125 0.03125
0 0.60107421875 0.42236328125 0.0205078125 0.0361328125
0 0.6474609375 0.37451171875 0.021484375 0.0283203125
0 0.7041015625 0.361328125 0.0234375 0.02734375
0 0.73974609375 0.41015625 0.0322265625 0.03515625
0 0.86083984375 0.39208984375 0.0263671875 0.0361328125
