0 0.2490234375 0.521016617791 0.033203125 0.039100684262
0 0.35498046875 0.521994134897 0.0322265625 0.0371456500489
0 0.41845703125 0.507820136852 0.0322265625 0.0420332355816
0 0.50927734375 0.515640273705 0.0400390625 0.049853372434
0 0.63916015625 0.52981427175 0.0439453125 0.0508308895406
0 0.75048828125 0.504398826979 0.0419921875 0.0547409579668
0 0.61279296875 0.63587487781 0.0478515625 0.069403714565
0 0.439453125 0.634408602151 0.037109375 0.0625610948192
0 0.21240234375 0.629521016618 0.0517578125 0.0703812316716
0 0.09326171875 0.617302052786 0.0361328125 0.0615835777126
