0 0.66162109375 0.6767578125 0.0615234375 0.076171875
0 0.84521484375 0.58837890625 0.0439453125 0.0615234375
0 0.970703125 0.5859375 0.033203125 0.041015625
0 0.45068359375 0.5908203125 0.0478515625 0.0546875
0 0.32470703125 0.6171875 0.0498046875 0.0625
0 0.22119140625 0.75439453125 0.1044921875 0.1416015625
0 0.15087890625 0.62744140625 0.0595703125 0.0830078125
0 0.79052734375 0.42822265625 0.0244140625 0.0302734375
0 0.8759765625 0.3974609375 0.0234375 0.033203125
0 0.2890625 0.4306640625 0.041015625 0.05078125
0 0.15185546875 0.4287109375 0.0341796875 0.046875
0 0.33642578125 0.2919921875 0.0244140625 0.03125
0 0.4228515625 0.412109375 0.03515625 0.046875
