0 0.1923828125 0.445747800587 0.041015625 0.0527859237537
0 0.41455078125 0.442815249267 0.0458984375 0.0547409579668
0 0.34228515625 0.427174975562 0.0869140625 0.111436950147
0 0.42919921875 0.281036168133 0.0380859375 0.0478983382209
0 0.33154296875 0.262952101662 0.0439453125 0.0469208211144
0 0.10693359375 0.325024437928 0.0341796875 0.0342130987292
0 0.05517578125 0.537634408602 0.0400390625 0.0566959921799
0 0.14453125 0.617302052786 0.048828125 0.0635386119257
0 0.10546875 0.690127077224 0.048828125 0.0625610948192
0 0.02685546875 0.390518084066 0.0244140625 0.0596285434995
0 0.0751953125 0.517595307918 0.02734375 0.0361681329423
0 0.63818359375 0.273704789834 0.0380859375 0.0566959921799
0 0.67724609375 0.254643206256 0.0341796875 0.0459433040078
0 0.76171875 0.236070381232 0.03515625 0.0420332355816
0 0.87841796875 0.232649071359 0.0419921875 0.0469208211144
0 0.98681640625 0.601661779081 0.0244140625 0.0635386119257
0 0.251953125 0.261485826002 0.021484375 0.030303030303
