0 0.36572265625 0.508797653959 0.0419921875 0.0576735092864
0 0.56396484375 0.50293255132 0.0439453125 0.0576735092864
0 0.7568359375 0.512707722385 0.041015625 0.0537634408602
0 0.93603515625 0.513685239492 0.0439453125 0.0557184750733
0 0.18115234375 0.493157380254 0.0419921875 0.0615835777126
0 0.94775390625 0.407135874878 0.0380859375 0.0439882697947
0 0.85107421875 0.425708699902 0.0322265625 0.0420332355816
0 0.75390625 0.399315738025 0.033203125 0.0381231671554
0 0.64697265625 0.377810361681 0.0283203125 0.0420332355816
0 0.58203125 0.401759530792 0.033203125 0.0449657869013
0 0.47119140625 0.367057673509 0.0322265625 0.0518084066471
0 0.36328125 0.39247311828 0.033203125 0.0459433040078
0 0.27392578125 0.389051808407 0.0302734375 0.0449657869013
0 0.18359375 0.39247311828 0.03515625 0.0459433040078
0 0.05224609375 0.371945259042 0.0400390625 0.0478983382209
