0 0.61669921875 0.594819159335 0.0361328125 0.0635386119257
0 0.68310546875 0.58064516129 0.0458984375 0.0527859237537
0 0.73095703125 0.548387096774 0.0380859375 0.0527859237537
0 0.77490234375 0.551319648094 0.0263671875 0.0371456500489
0 0.48291015625 0.657380254154 0.0400390625 0.0928641251222
0 0.185546875 0.613880742913 0.03515625 0.0606060606061
0 0.2060546875 0.547898338221 0.03515625 0.0459433040078
0 0.35009765625 0.576735092864 0.0205078125 0.0449657869013
0 0.427734375 0.572825024438 0.0234375 0.0351906158358
0 0.50439453125 0.559139784946 0.0244140625 0.0371456500489
0 0.03759765625 0.496578690127 0.0224609375 0.0254154447703
0 0.3330078125 0.514662756598 0.01953125 0.0263929618768
0 0.689453125 0.522971652004 0.021484375 0.0351906158358
0 0.912109375 0.516617790811 0.0234375 0.0342130987292
0 0.9609375 0.494134897361 0.01953125 0.0244379276637
0 0.57275390625 0.525904203324 0.0302734375 0.0371456500489
0 0.6318359375 0.525904203324 0.0234375 0.0312805474096
0 0.80908203125 0.527370478983 0.0283203125 0.0400782013685
0 0.13671875 0.513196480938 0.01953125 0.0293255131965
0 0.234375 0.522482893451 0.0234375 0.030303030303
0 0.39990234375 0.523460410557 0.0224609375 0.0322580645161
0 0.53125 0.508308895406 0.0234375 0.0293255131965
0 0.06884765625 0.532746823069 0.0341796875 0.0449657869013
0 0.09814453125 0.512707722385 0.0302734375 0.0342130987292
